# Matter power spectrum P(k) at redshift z=0
# for k=1.01776e-05 to 10.8586 h/Mpc,
# number of wavenumbers equal to 728
#    1:k (h/Mpc)              2:P (Mpc/h)^3        
       1.017762622183e-05       5.237970775990e+01 
       2.270599619585e-05       1.136200180546e+02 
       3.527608514283e-05       1.738157789669e+02 
       4.791988385778e-05       2.335909319429e+02 
       6.066988421975e-05       2.932993702229e+02 
       7.355935332593e-05       3.532053913082e+02 
       8.662261594150e-05       4.135342210359e+02 
       9.989534883415e-05       4.744926638210e+02 
       1.134148905905e-04       5.362796175886e+02 
       1.272205705424e-04       5.990923905646e+02 
       1.413540604450e-04       6.631310329833e+02 
       1.558597525164e-04       7.286016720975e+02 
       1.707851673344e-04       7.957193124077e+02 
       1.861813948374e-04       8.647103761885e+02 
       2.021035712214e-04       9.358151080670e+02 
       2.186113937793e-04       1.009289939147e+03 
       2.357696745644e-04       1.085409847811e+03 
       2.536489320239e-04       1.164470743693e+03 
       2.723260172576e-04       1.246791860369e+03 
       2.918847680560e-04       1.332718128687e+03 
       3.124166791059e-04       1.422622477754e+03 
       3.340215703985e-04       1.516907983871e+03 
       3.568082276376e-04       1.616009704074e+03 
       3.808949780657e-04       1.720396088031e+03 
       4.064101524856e-04       1.830569667941e+03 
       4.334923695260e-04       1.947066801662e+03 
       4.622905620153e-04       2.070456090664e+03 
       4.929636490547e-04       2.201335087794e+03 
       5.256797433982e-04       2.340324846149e+03 
       5.606147756581e-04       2.488061855992e+03 
       5.979504195942e-04       2.645186990541e+03 
       6.378712222315e-04       2.812331138349e+03 
       6.805608847774e-04       2.990097505583e+03 
       7.261977096468e-04       3.179040806413e+03 
       7.749493255645e-04       3.379644098841e+03 
       8.269669200523e-04       3.592294380382e+03 
       8.823793310846e-04       3.817258684080e+03 
       9.412874532796e-04       4.054662681267e+03 
       1.003759470115e-03       4.304474118433e+03 
       1.069827407121e-03       4.566492890878e+03 
       1.139485399650e-03       4.840349537484e+03 
       1.212689891188e-03       5.125512528023e+03 
       1.289361754710e-03       5.421304147043e+03 
       1.369390105154e-03       5.726895838275e+03 
       1.452637391706e-03       6.041401864625e+03 
       1.538945256643e-03       6.363870757898e+03 
       1.628140633441e-03       6.693301445752e+03 
       1.720041619037e-03       7.028682562227e+03 
       1.814462767214e-03       7.369015819620e+03 
       1.911219581325e-03       7.713334811740e+03 
       2.010132108911e-03       8.060719815054e+03 
       2.111027641521e-03       8.410307596390e+03 
       2.213742593189e-03       8.761298348386e+03 
       2.318123671520e-03       9.112958305150e+03 
       2.424028471503e-03       9.464620299478e+03 
       2.531325620865e-03       9.815682341453e+03 
       2.639894593864e-03       1.016560507982e+04 
       2.749625293107e-03       1.051390860974e+04 
       2.860417480214e-03       1.086016658058e+04 
       2.972180118218e-03       1.120400371881e+04 
       3.084830672812e-03       1.154509080336e+04 
       3.198294406405e-03       1.188313972428e+04 
       3.312503688439e-03       1.221790038287e+04 
       3.427397337294e-03       1.254915528994e+04 
       3.542920003058e-03       1.287671590704e+04 
       3.659021595992e-03       1.320042151168e+04 
       3.775656762429e-03       1.352013502175e+04 
       3.892784407700e-03       1.383573634432e+04 
       4.010367264318e-03       1.414713083316e+04 
       4.128371502794e-03       1.445423296731e+04 
       4.246766381999e-03       1.475697790625e+04 
       4.365523935796e-03       1.505530842322e+04 
       4.484618692657e-03       1.534918494796e+04 
       4.604027425075e-03       1.563856618944e+04 
       4.723728925759e-03       1.592338348402e+04 
       4.843703807817e-03       1.620373398779e+04 
       4.963934326354e-03       1.647952612968e+04 
       5.084404219170e-03       1.669352058534e+04 
       5.205098564436e-03       1.695804453560e+04 
       5.326003653474e-03       1.721799803800e+04 
       5.447106876962e-03       1.747342727186e+04 
       5.568396623055e-03       1.772433463870e+04 
       5.689862186089e-03       1.797018841884e+04 
       5.811493684704e-03       1.821210030969e+04 
       5.933281988318e-03       1.844955153054e+04 
       6.055218651046e-03       1.868257003896e+04 
       6.177295852232e-03       1.891108439606e+04 
       6.299506342883e-03       1.913543819504e+04 
       6.421843397352e-03       1.935548399038e+04 
       6.544300769712e-03       1.957101757085e+04 
       6.666872654316e-03       1.978239625193e+04 
       6.789553650111e-03       1.998972180349e+04 
       6.912338728289e-03       2.019280367312e+04 
       7.035223202952e-03       2.039198294996e+04 
       7.158202704464e-03       2.058675633113e+04 
       7.281273155227e-03       2.077771233128e+04 
       7.404430747627e-03       2.096484480836e+04 
       7.527671923940e-03       2.114804860233e+04 
       7.650993358003e-03       2.132690986699e+04 
       7.774391938469e-03       2.150184381537e+04 
       7.897864753509e-03       2.167327664352e+04 
       8.021409076804e-03       2.184059270747e+04 
       8.145022354722e-03       2.200441733866e+04 
       8.268702194548e-03       2.216524742112e+04 
       8.392446353698e-03       2.232154979975e+04 
       8.516252729795e-03       2.247426238114e+04 
       8.640119351552e-03       2.262347319150e+04 
       8.764044370380e-03       2.276895317824e+04 
       8.888026052660e-03       2.291010493683e+04 
       9.012062772612e-03       2.304869758302e+04 
       9.136153005724e-03       2.318383494194e+04 
       9.260295322681e-03       2.331636639337e+04 
       9.384488383755e-03       2.344477428274e+04 
       9.508730933617e-03       2.356979500768e+04 
       9.633021796538e-03       2.369155822103e+04 
       9.757359871947e-03       2.380901866661e+04 
       9.881744130310e-03       2.392490065754e+04 
       1.000617360931e-02       2.403751333291e+04 
       1.013064741032e-02       2.414601221200e+04 
       1.025516469508e-02       2.425246150654e+04 
       1.037972468271e-02       2.435465156387e+04 
       1.050432664681e-02       2.445460674259e+04 
       1.062896991285e-02       2.455200726891e+04 
       1.075365385574e-02       2.464612691522e+04 
       1.087837789751e-02       2.473605470431e+04 
       1.100314150524e-02       2.482419353592e+04 
       1.112794418904e-02       2.490979494725e+04 
       1.125278550026e-02       2.499216154427e+04 
       1.137766502974e-02       2.507114614933e+04 
       1.150258240626e-02       2.514902326314e+04 
       1.162753729503e-02       2.522383589377e+04 
       1.175252939633e-02       2.529479792358e+04 
       1.187755844422e-02       2.536427526387e+04 
       1.200262420535e-02       2.543031382274e+04 
       1.212772647786e-02       2.549407183083e+04 
       1.225286509034e-02       2.555471106183e+04 
       1.237803990087e-02       2.561339069560e+04 
       1.250325079614e-02       2.566996687724e+04 
       1.262849769063e-02       2.572284908142e+04 
       1.275378052582e-02       2.577364042316e+04 
       1.287909926952e-02       2.582371818023e+04 
       1.300445391520e-02       2.587041877909e+04 
       1.312984448136e-02       2.591454884833e+04 
       1.325527101102e-02       2.595641316416e+04 
       1.338073357118e-02       2.599470814673e+04 
       1.350623225238e-02       2.603208005626e+04 
       1.363176716822e-02       2.606779771425e+04 
       1.375733845503e-02       2.610098983365e+04 
       1.388294627146e-02       2.613209312911e+04 
       1.400859079823e-02       2.616043218691e+04 
       1.413427223778e-02       2.618580217590e+04 
       1.425999081403e-02       2.621166152274e+04 
       1.438574677219e-02       2.623390533155e+04 
       1.451154037852e-02       2.625439295891e+04 
       1.463737192019e-02       2.627249150620e+04 
       1.476324170512e-02       2.628883350276e+04 
       1.488915006186e-02       2.630283857830e+04 
       1.501509733954e-02       2.631563536533e+04 
       1.514108390773e-02       2.632515827477e+04 
       1.526711015644e-02       2.633450414278e+04 
       1.539317649608e-02       2.634079904698e+04 
       1.551928335748e-02       2.634586228003e+04 
       1.564543119185e-02       2.634934028310e+04 
       1.577162047089e-02       2.635124328695e+04 
       1.589785168677e-02       2.635173926880e+04 
       1.602412535228e-02       2.634884128441e+04 
       1.615044200085e-02       2.634501875927e+04 
       1.627680218673e-02       2.633995986734e+04 
       1.640320648507e-02       2.633314030769e+04 
       1.652965549208e-02       2.632452867403e+04 
       1.665614982521e-02       2.631400649301e+04 
       1.678269012333e-02       2.630225488070e+04 
       1.690927704689e-02       2.628897917415e+04 
       1.703591127819e-02       2.627414451373e+04 
       1.716259352159e-02       2.625891517431e+04 
       1.728932450374e-02       2.623993262650e+04 
       1.741610497386e-02       2.622058603871e+04 
       1.754293570405e-02       2.620025300161e+04 
       1.766981748952e-02       2.617764535031e+04 
       1.779675114898e-02       2.615459764006e+04 
       1.792373752492e-02       2.612964987833e+04 
       1.805077748398e-02       2.610297301568e+04 
       1.817787191730e-02       2.607576645699e+04 
       1.830502174092e-02       2.604667222244e+04 
       1.843222789617e-02       2.601645175635e+04 
       1.855949135006e-02       2.598551066993e+04 
       1.868681309576e-02       2.595284682478e+04 
       1.881419415301e-02       2.591886304480e+04 
       1.894163556861e-02       2.588368278023e+04 
       1.906913841689e-02       2.584720534374e+04 
       1.919670380023e-02       2.580901616167e+04 
       1.932433284956e-02       2.577036390208e+04 
       1.945202672494e-02       2.573085516324e+04 
       1.957978661606e-02       2.568966053457e+04 
       1.970761374289e-02       2.564769185110e+04 
       1.983550935622e-02       2.560474126578e+04 
       1.996347473831e-02       2.556122277000e+04 
       2.009151120355e-02       2.551564150735e+04 
       2.021962009907e-02       2.546932468866e+04 
       2.034780280547e-02       2.542201865218e+04 
       2.047606073751e-02       2.537445881822e+04 
       2.060439534485e-02       2.532534876288e+04 
       2.073280811277e-02       2.527547693117e+04 
       2.086130056300e-02       2.522427371214e+04 
       2.098987425448e-02       2.517254040241e+04 
       2.111853078422e-02       2.511936768363e+04 
       2.124727178813e-02       2.506570004999e+04 
       2.137609894190e-02       2.501125306678e+04 
       2.150501396195e-02       2.495599108304e+04 
       2.163401860629e-02       2.489989573814e+04 
       2.176311467559e-02       2.484298859267e+04 
       2.189230401408e-02       2.478524941890e+04 
       2.202158851064e-02       2.472753176876e+04 
       2.215097009984e-02       2.466763801119e+04 
       2.228045076304e-02       2.460833293862e+04 
       2.241003252953e-02       2.454705096556e+04 
       2.253971747764e-02       2.448569606884e+04 
       2.266950773604e-02       2.442364894174e+04 
       2.279940548487e-02       2.436150023804e+04 
       2.292941295712e-02       2.429761280870e+04 
       2.305953243985e-02       2.423352158804e+04 
       2.318976627563e-02       2.416899261047e+04 
       2.332011686393e-02       2.410368002061e+04 
       2.345058666253e-02       2.403785088143e+04 
       2.358117818904e-02       2.397138586598e+04 
       2.371189402246e-02       2.390488051014e+04 
       2.384273680475e-02       2.383694115105e+04 
       2.397370924251e-02       2.376891227789e+04 
       2.410481410862e-02       2.370024907572e+04 
       2.423605424406e-02       2.363117463804e+04 
       2.436743255969e-02       2.356159622612e+04 
       2.449895203811e-02       2.349180730775e+04 
       2.463061573564e-02       2.342091835513e+04 
       2.476242678429e-02       2.334986645734e+04 
       2.489438839382e-02       2.327841198294e+04 
       2.502650385392e-02       2.320675432877e+04 
       2.515877653636e-02       2.313450306604e+04 
       2.529120989734e-02       2.306165454804e+04 
       2.542380747979e-02       2.298832782715e+04 
       2.555657291588e-02       2.291496407040e+04 
       2.568950992951e-02       2.284123837880e+04 
       2.582262233895e-02       2.276663512429e+04 
       2.595591405954e-02       2.269219080011e+04 
       2.608938910650e-02       2.261728136647e+04 
       2.622305159786e-02       2.254245215240e+04 
       2.635690575744e-02       2.246677663779e+04 
       2.649095591801e-02       2.239100277153e+04 
       2.662520652450e-02       2.231460263327e+04 
       2.675966213736e-02       2.223824547569e+04 
       2.689432743605e-02       2.216171287135e+04 
       2.702920722264e-02       2.208456522053e+04 
       2.716430642557e-02       2.200752191924e+04 
       2.729963010350e-02       2.193016283258e+04 
       2.743518344938e-02       2.185230114291e+04 
       2.757097179463e-02       2.177459115022e+04 
       2.770700061346e-02       2.169644518719e+04 
       2.784327552742e-02       2.161814308497e+04 
       2.797980231011e-02       2.153962174411e+04 
       2.811658689200e-02       2.146099685247e+04 
       2.825363536557e-02       2.138226743364e+04 
       2.839095399053e-02       2.130317776037e+04 
       2.852854919938e-02       2.122406321730e+04 
       2.866642760306e-02       2.114483648860e+04 
       2.880459599693e-02       2.106541862473e+04 
       2.894306136697e-02       2.098590862153e+04 
       2.908183089623e-02       2.090641473250e+04 
       2.922091197155e-02       2.082664675619e+04 
       2.936031219060e-02       2.074656322678e+04 
       2.950003936914e-02       2.066661003632e+04 
       2.964010154871e-02       2.058675895719e+04 
       2.978050700456e-02       2.050639934229e+04 
       2.992126425397e-02       2.042643557033e+04 
       3.006238206491e-02       2.034589983518e+04 
       3.020386946515e-02       2.026575443992e+04 
       3.034573575170e-02       2.018529154515e+04 
       3.048799050075e-02       2.010470034996e+04 
       3.063064357799e-02       2.002429515605e+04 
       3.077370514954e-02       1.994375903500e+04 
       3.091718569320e-02       1.986327460748e+04 
       3.106109601043e-02       1.978247219507e+04 
       3.120544723876e-02       1.970201959057e+04 
       3.135025086488e-02       1.962130872406e+04 
       3.149551873830e-02       1.954067692094e+04 
       3.164126308575e-02       1.946001271108e+04 
       3.178749652624e-02       1.937944225508e+04 
       3.193423208691e-02       1.929869436047e+04 
       3.208148321967e-02       1.921800754686e+04 
       3.222926381867e-02       1.913747854607e+04 
       3.237758823870e-02       1.905693710649e+04 
       3.252647131456e-02       1.897641175513e+04 
       3.267592838139e-02       1.889590741979e+04 
       3.282597529617e-02       1.881533197452e+04 
       3.297662846032e-02       1.873482318874e+04 
       3.312790484351e-02       1.865442302063e+04 
       3.327982200886e-02       1.857403089608e+04 
       3.343239813946e-02       1.849365037531e+04 
       3.358565206645e-02       1.841335875584e+04 
       3.373960329860e-02       1.833308800369e+04 
       3.389427205373e-02       1.825291611816e+04 
       3.404967929183e-02       1.817282678973e+04 
       3.420584675016e-02       1.809270337971e+04 
       3.436279698052e-02       1.801264070474e+04 
       3.452055338865e-02       1.793264905174e+04 
       3.467914027608e-02       1.785276331867e+04 
       3.483858288458e-02       1.777293350007e+04 
       3.499890744337e-02       1.769320855149e+04 
       3.516014121926e-02       1.761337077462e+04 
       3.532231257010e-02       1.753378742237e+04 
       3.548545100158e-02       1.745420826711e+04 
       3.564958722785e-02       1.737477221844e+04 
       3.581475323610e-02       1.729531298213e+04 
       3.598098235552e-02       1.721593853268e+04 
       3.614830933092e-02       1.713660050441e+04 
       3.631677040150e-02       1.705736547863e+04 
       3.648640338511e-02       1.697818976273e+04 
       3.665724776843e-02       1.689907997343e+04 
       3.682934480372e-02       1.682006346100e+04 
       3.700273761257e-02       1.674101437145e+04 
       3.717747129741e-02       1.666215027525e+04 
       3.735359306125e-02       1.658328348895e+04 
       3.753115233669e-02       1.650449841942e+04 
       3.771020092475e-02       1.642571900360e+04 
       3.789079314475e-02       1.634698206240e+04 
       3.807298599596e-02       1.626835160825e+04 
       3.825683933246e-02       1.618973035652e+04 
       3.844241605221e-02       1.611118854634e+04 
       3.862978230205e-02       1.603267077171e+04 
       3.881900769994e-02       1.595416392900e+04 
       3.901016557640e-02       1.587573376163e+04 
       3.920333323705e-02       1.579729061692e+04 
       3.939859224859e-02       1.571885587600e+04 
       3.959602875058e-02       1.564046759905e+04 
       3.979573379598e-02       1.556218125055e+04 
       3.999780372362e-02       1.548359109172e+04 
       4.020234056615e-02       1.540522934450e+04 
       4.040945249762e-02       1.532680162517e+04 
       4.061925432541e-02       1.524829029793e+04 
       4.083186803157e-02       1.516985703449e+04 
       4.104742336992e-02       1.509130453032e+04 
       4.126605852553e-02       1.501274663116e+04 
       4.148792084466e-02       1.493409078588e+04 
       4.171316764413e-02       1.485535514617e+04 
       4.194196711067e-02       1.477652453330e+04 
       4.217449930223e-02       1.469756315459e+04 
       4.241095726528e-02       1.461854451216e+04 
       4.265154828431e-02       1.453930371631e+04 
       4.289649528238e-02       1.445999670812e+04 
       4.314603839480e-02       1.438053400404e+04 
       4.340043674179e-02       1.430087738027e+04 
       4.365997043041e-02       1.422094381648e+04 
       4.392494282161e-02       1.414094552226e+04 
       4.419568310462e-02       1.406055983141e+04 
       4.447254922910e-02       1.397987879514e+04 
       4.475593125466e-02       1.389905164458e+04 
       4.504625518961e-02       1.381768825488e+04 
       4.534398740464e-02       1.373604959622e+04 
       4.564963972515e-02       1.365397479307e+04 
       4.596377532751e-02       1.357168370704e+04 
       4.628701559154e-02       1.348858114705e+04 
       4.662004809513e-02       1.340530541496e+04 
       4.696363597875e-02       1.332118176069e+04 
       4.731862896028e-02       1.323638088376e+04 
       4.768597634693e-02       1.315109058755e+04 
       4.806674247450e-02       1.306511652668e+04 
       4.846212511102e-02       1.297803212142e+04 
       4.887347749634e-02       1.289014930196e+04 
       4.930233486194e-02       1.280068026071e+04 
       4.975044649438e-02       1.271083861523e+04 
       5.021981468560e-02       1.261925662861e+04 
       5.071274226732e-02       1.252632850888e+04 
       5.123189087248e-02       1.243168804141e+04 
       5.178035261792e-02       1.233489316253e+04 
       5.236173856606e-02       1.223644014544e+04 
       5.298028808294e-02       1.213525747072e+04 
       5.364100399446e-02       1.203119414320e+04 
       5.434981906601e-02       1.192366103294e+04 
       5.511379937008e-02       1.181194692797e+04 
       5.594138867535e-02       1.169509083218e+04 
       5.684269333237e-02       1.157235801005e+04 
       5.782979594177e-02       1.144211359894e+04 
       5.891706257277e-02       1.130239417367e+04 
       6.012136336845e-02       1.115081140790e+04 
       6.146204886189e-02       1.098352029074e+04 
       6.296040950467e-02       1.079611428999e+04 
       6.463822202813e-02       1.058258768220e+04 
       6.651496792028e-02       1.033646317973e+04 
       6.860364212746e-02       1.005049597819e+04 
       7.090600236422e-02       9.718034712040e+03 
       7.340937265208e-02       9.337535414818e+03 
       7.608742270290e-02       8.911966251007e+03 
       7.890542130116e-02       8.451888924610e+03 
       8.182746655744e-02       7.973765530272e+03 
       8.482221341874e-02       7.496490169908e+03 
       8.786542304156e-02       7.038378787772e+03 
       9.093988064832e-02       6.615242538403e+03 
       9.403404278283e-02       6.237663230696e+03 
       9.714045393176e-02       5.911849835299e+03 
       1.002544123965e-01       5.638885525412e+03 
       1.033729969642e-01       5.415314222484e+03 
       1.064944091988e-01       5.235426797332e+03 
       1.096175480134e-01       5.090786380069e+03 
       1.127417414644e-01       4.971775296480e+03 
       1.158665802319e-01       4.868519621541e+03 
       1.189918151785e-01       4.771623456039e+03 
       1.221172946752e-01       4.672672074186e+03 
       1.252429263844e-01       4.565564599543e+03 
       1.283686540032e-01       4.446630686415e+03 
       1.314944431259e-01       4.314339476522e+03 
       1.346202726565e-01       4.169912321355e+03 
       1.377461295940e-01       4.016507804548e+03 
       1.408720058654e-01       3.858501968463e+03 
       1.439978964030e-01       3.701032748976e+03 
       1.471237979760e-01       3.549001996856e+03 
       1.502497084804e-01       3.406513381043e+03 
       1.533756265073e-01       3.276930980848e+03 
       1.565015510793e-01       3.162457471254e+03 
       1.596274814905e-01       3.063572968594e+03 
       1.627534172078e-01       2.979946292636e+03 
       1.658793578107e-01       2.910109996784e+03 
       1.690053029541e-01       2.851914400506e+03 
       1.721312523448e-01       2.802498570291e+03 
       1.752572057270e-01       2.758970729668e+03 
       1.783831628730e-01       2.718691999908e+03 
       1.815091235768e-01       2.679145643795e+03 
       1.846350876502e-01       2.637718904451e+03 
       1.877610549200e-01       2.592756977948e+03 
       1.908870252256e-01       2.543346002666e+03 
       1.940129984178e-01       2.489477243561e+03 
       1.971389743573e-01       2.431781744034e+03 
       2.002649529141e-01       2.371538190802e+03 
       2.033909339662e-01       2.310281312665e+03 
       2.065169173992e-01       2.249645983619e+03 
       2.096429031059e-01       2.191025500227e+03 
       2.127688909852e-01       2.135558835730e+03 
       2.158948809419e-01       2.084269759290e+03 
       2.190208728865e-01       2.037595811734e+03 
       2.221468667345e-01       1.995737663956e+03 
       2.252728624060e-01       1.958643078137e+03 
       2.283988598258e-01       1.925918383564e+03 
       2.315248589224e-01       1.896950825888e+03 
       2.346508596284e-01       1.870945919929e+03 
       2.377768618800e-01       1.846985941407e+03 
       2.409028656166e-01       1.824128757864e+03 
       2.440288707807e-01       1.801595794566e+03 
       2.471548773179e-01       1.778635889438e+03 
       2.502808851764e-01       1.754899868715e+03 
       2.534068943069e-01       1.730044146049e+03 
       2.565329046628e-01       1.704115827166e+03 
       2.596589161994e-01       1.677253782942e+03 
       2.627849288744e-01       1.649623827049e+03 
       2.659109426475e-01       1.621713622882e+03 
       2.690369574800e-01       1.593963469489e+03 
       2.721629733354e-01       1.566756328395e+03 
       2.752889901785e-01       1.540614675401e+03 
       2.784150079759e-01       1.515827141929e+03 
       2.815410266957e-01       1.492644047623e+03 
       2.846670463073e-01       1.471139452201e+03 
       2.877930667814e-01       1.451268633870e+03 
       2.909190880901e-01       1.432909615537e+03 
       2.940451102068e-01       1.415844688409e+03 
       2.971711331056e-01       1.399844052015e+03 
       3.002971567621e-01       1.384645627669e+03 
       3.034231811528e-01       1.370007175687e+03 
       3.065492062550e-01       1.355663065088e+03 
       3.096752320471e-01       1.341421490463e+03 
       3.128012585084e-01       1.327134499433e+03 
       3.159272856188e-01       1.312622095178e+03 
       3.190533133592e-01       1.297913412928e+03 
       3.221793417112e-01       1.283018042114e+03 
       3.253053706570e-01       1.268020654528e+03 
       3.284314001797e-01       1.253058991398e+03 
       3.315574302627e-01       1.238198944023e+03 
       3.346834608904e-01       1.223637407513e+03 
       3.378094920476e-01       1.209425446711e+03 
       3.409355237195e-01       1.195693593522e+03 
       3.440615558922e-01       1.182473454621e+03 
       3.471875885521e-01       1.169832367694e+03 
       3.503136216860e-01       1.157776913408e+03 
       3.534396552813e-01       1.146305458688e+03 
       3.565656893258e-01       1.135344949900e+03 
       3.596917238078e-01       1.124823247370e+03 
       3.628177587159e-01       1.114676243541e+03 
       3.659437940391e-01       1.104802246009e+03 
       3.690698297668e-01       1.095121892833e+03 
       3.721958658889e-01       1.085571461058e+03 
       3.753219023954e-01       1.076123345531e+03 
       3.784479392767e-01       1.066710911315e+03 
       3.815739765236e-01       1.057358409219e+03 
       3.847000141272e-01       1.048050433723e+03 
       3.878260520788e-01       1.038791010451e+03 
       3.909520903699e-01       1.029612125488e+03 
       3.940781289926e-01       1.020520144609e+03 
       3.972041679389e-01       1.011547734609e+03 
       4.003302072013e-01       1.002751500458e+03 
       4.034562467723e-01       9.941502932025e+02 
       4.065822866448e-01       9.857656102192e+02 
       4.097083268118e-01       9.776056735042e+02 
       4.128343672668e-01       9.696680567204e+02 
       4.159604080031e-01       9.619428665351e+02 
       4.190864490144e-01       9.544222377412e+02 
       4.222124902946e-01       9.471011408734e+02 
       4.253385318378e-01       9.399590530091e+02 
       4.284645736381e-01       9.329817394612e+02 
       4.315906156900e-01       9.261483501712e+02 
       4.347166579880e-01       9.194373657009e+02 
       4.378427005269e-01       9.128260916477e+02 
       4.409687433014e-01       9.062945481838e+02 
       4.440947863066e-01       8.998344087201e+02 
       4.472208295377e-01       8.934382905426e+02 
       4.503468729899e-01       8.871069311997e+02 
       4.534729166586e-01       8.808449904489e+02 
       4.565989605393e-01       8.746637854864e+02 
       4.597250046278e-01       8.685491742552e+02 
       4.628510489198e-01       8.625197558053e+02 
       4.659770934112e-01       8.565800749185e+02 
       4.691031380980e-01       8.507351543032e+02 
       4.722291829763e-01       8.449972632314e+02 
       4.753552280423e-01       8.393612852881e+02 
       4.784812732924e-01       8.338444226216e+02 
       4.816073187228e-01       8.284371797082e+02 
       4.847333643302e-01       8.231366959082e+02 
       4.878594101111e-01       8.179317239109e+02 
       4.909854560621e-01       8.128188026724e+02 
       4.941115021801e-01       8.077801529654e+02 
       4.972375484619e-01       8.028178920117e+02 
       5.003635949045e-01       7.979250028854e+02 
       5.034896415047e-01       7.930969356166e+02 
       5.066156882597e-01       7.883291417705e+02 
       5.097417351666e-01       7.836161830939e+02 
       5.128677822226e-01       7.789553103518e+02 
       5.159938294251e-01       7.743442258333e+02 
       5.191198767713e-01       7.697833303398e+02 
       5.222459242587e-01       7.652762537160e+02 
       5.253719718848e-01       7.608263200554e+02 
       5.284980196470e-01       7.564365039876e+02 
       5.316240675430e-01       7.521081023155e+02 
       5.347501155704e-01       7.478407017526e+02 
       5.378761637270e-01       7.436371693279e+02 
       5.410022120104e-01       7.394826507865e+02 
       5.441282604185e-01       7.353845616587e+02 
       5.472543089491e-01       7.313456207063e+02 
       5.503803576002e-01       7.273664277327e+02 
       5.535064063696e-01       7.234401170162e+02 
       5.566324552555e-01       7.195601029211e+02 
       5.597585042558e-01       7.157351275186e+02 
       5.628845533686e-01       7.119560080563e+02 
       5.660106025921e-01       7.082199249692e+02 
       5.691366519245e-01       7.045250986346e+02 
       5.722627013639e-01       7.008711809800e+02 
       5.753887509085e-01       6.972581946855e+02 
       5.785148005568e-01       6.936860625754e+02 
       5.816408503069e-01       6.901537704952e+02 
       5.847669001574e-01       6.866596921087e+02 
       5.878929501065e-01       6.832023826941e+02 
       5.910190001527e-01       6.797810706166e+02 
       5.941450502944e-01       6.763959175752e+02 
       5.972711005302e-01       6.730478911321e+02 
       6.003971508586e-01       6.697382326184e+02 
       6.035232012781e-01       6.664671402886e+02 
       6.066492517874e-01       6.632340443296e+02 
       6.097753023850e-01       6.600376324572e+02 
       6.129013530696e-01       6.568761626851e+02 
       6.160274038398e-01       6.537482741800e+02 
       6.191534546944e-01       6.506531300394e+02 
       6.222795056321e-01       6.475908394159e+02 
       6.254055566517e-01       6.445612931435e+02 
       6.285316077518e-01       6.415639584458e+02 
       6.316576589314e-01       6.385978387110e+02 
       6.347837101892e-01       6.356613009489e+02 
       6.379097615240e-01       6.327528095542e+02 
       6.410358129349e-01       6.298714964141e+02 
       6.441618644205e-01       6.270169625084e+02 
       6.472879159800e-01       6.241895521720e+02 
       6.504139676121e-01       6.213897766977e+02 
       6.535400193159e-01       6.186176020048e+02 
       6.566660710903e-01       6.158723638984e+02 
       6.597921229343e-01       6.131532964962e+02 
       6.629181748469e-01       6.104593125771e+02 
       6.660442268272e-01       6.077897874817e+02 
       6.691702788742e-01       6.051446889356e+02 
       6.722963309870e-01       6.025243431627e+02 
       6.754223831646e-01       5.999289972741e+02 
       6.785484354062e-01       5.973584499556e+02 
       6.816744877109e-01       5.948120796397e+02 
       6.848005400778e-01       5.922888823693e+02 
       6.879265925060e-01       5.897877373413e+02 
       6.910526449948e-01       5.873081969746e+02 
       6.941786975433e-01       5.848499323875e+02 
       6.973047501507e-01       5.824130798936e+02 
       7.004308028162e-01       5.799977598175e+02 
       7.035568555390e-01       5.776037515862e+02 
       7.066829083185e-01       5.752304682235e+02 
       7.098089611537e-01       5.728772084871e+02 
       7.129350140440e-01       5.705431394054e+02 
       7.160610669888e-01       5.682278329114e+02 
       7.191871199871e-01       5.659312802185e+02 
       7.223131730384e-01       5.636536573583e+02 
       7.254392261420e-01       5.613951802137e+02 
       7.285652792972e-01       5.591557872271e+02 
       7.316913325034e-01       5.569349293661e+02 
       7.348173857598e-01       5.547320155423e+02 
       7.379434390658e-01       5.525463800144e+02 
       7.410694924209e-01       5.503776125351e+02 
       7.441955458244e-01       5.482257053322e+02 
       7.473215992756e-01       5.460908021040e+02 
       7.504476527741e-01       5.439729290090e+02 
       7.535737063191e-01       5.418720012294e+02 
       7.566997599102e-01       5.397875850861e+02 
       7.598258135467e-01       5.377190220098e+02 
       7.629518672281e-01       5.356657874076e+02 
       7.660779209538e-01       5.336276073248e+02 
       7.692039747234e-01       5.316044144601e+02 
       7.723300285362e-01       5.295964401734e+02 
       7.754560823917e-01       5.276035863661e+02 
       7.785821362895e-01       5.256255657316e+02 
       7.817081902290e-01       5.236626839302e+02 
       7.848342442097e-01       5.217137908713e+02 
       7.879602982312e-01       5.197786335867e+02 
       7.910863522928e-01       5.178570031484e+02 
       7.942124063943e-01       5.159489432414e+02 
       7.973384605351e-01       5.140542722041e+02 
       8.004645147147e-01       5.121735474963e+02 
       8.035905689326e-01       5.103064018582e+02 
       8.067166231885e-01       5.084525053123e+02 
       8.098426774820e-01       5.066112864520e+02 
       8.129687318124e-01       5.047827165160e+02 
       8.160947861795e-01       5.029663503781e+02 
       8.192208405829e-01       5.011621898968e+02 
       8.223468950220e-01       4.993704180272e+02 
       8.254729494965e-01       4.975910263833e+02 
       8.285990040060e-01       4.958238503148e+02 
       8.317250585502e-01       4.940686175109e+02 
       8.348511131285e-01       4.923249592312e+02 
       8.379771677406e-01       4.905925371793e+02 
       8.411032223862e-01       4.888712180301e+02 
       8.442292770649e-01       4.871609969466e+02 
       8.473553317763e-01       4.854619823723e+02 
       8.504813865200e-01       4.837741871509e+02 
       8.536074412957e-01       4.820974781039e+02 
       8.567334961031e-01       4.804315794754e+02 
       8.598595509417e-01       4.787762186376e+02 
       8.629856058113e-01       4.771311070822e+02 
       8.661116607116e-01       4.754961303033e+02 
       8.692377156421e-01       4.738713084749e+02 
       8.723637706026e-01       4.722567201870e+02 
       8.754898255927e-01       4.706523404376e+02 
       8.786158806121e-01       4.690581271628e+02 
       8.817419356605e-01       4.674737333026e+02 
       8.848679907377e-01       4.658989497939e+02 
       8.879940458432e-01       4.643335679527e+02 
       8.911201009769e-01       4.627774435637e+02 
       8.942461561383e-01       4.612307076989e+02 
       8.973722113273e-01       4.596931463852e+02 
       9.004982665435e-01       4.581649767177e+02 
       9.036243217866e-01       4.566460931552e+02 
       9.067503770564e-01       4.551361990370e+02 
       9.098764323526e-01       4.536350992537e+02 
       9.130024876749e-01       4.521425868684e+02 
       9.161285430230e-01       4.506586220483e+02 
       9.192545983968e-01       4.491831969692e+02 
       9.223806537958e-01       4.477163428247e+02 
       9.255067092199e-01       4.462581896452e+02 
       9.286327646689e-01       4.448084322065e+02 
       9.317588201424e-01       4.433667722961e+02 
       9.348848756402e-01       4.419333316795e+02 
       9.380109311621e-01       4.405078144325e+02 
       9.411369867078e-01       4.390901591576e+02 
       9.442630422771e-01       4.376803887730e+02 
       9.473890978698e-01       4.362785401778e+02 
       9.505151534856e-01       4.348844611589e+02 
       9.536412091243e-01       4.334983056846e+02 
       9.567672647857e-01       4.321198887101e+02 
       9.598933204696e-01       4.307488232112e+02 
       9.630193761757e-01       4.293850648176e+02 
       9.661454319038e-01       4.280285932476e+02 
       9.692714876537e-01       4.266794039498e+02 
       9.723975434252e-01       4.253373907530e+02 
       9.755235992181e-01       4.240028289715e+02 
       9.786496550322e-01       4.226756335859e+02 
       9.817757108673e-01       4.213552977204e+02 
       9.849017667231e-01       4.200418785213e+02 
       9.880278225995e-01       4.187352455368e+02 
       9.911538784963e-01       4.174353232703e+02 
       9.942799344134e-01       4.161422163061e+02 
       9.974059903504e-01       4.148558912837e+02 
       1.000532046307e+00       4.135763193332e+02 
       1.003658102284e+00       4.123034127971e+02 
       1.006784158280e+00       4.110370640052e+02 
       1.009910214295e+00       4.097771236667e+02 
       1.013036270329e+00       4.085234984931e+02 
       1.016162326382e+00       4.072761923174e+02 
       1.019288382454e+00       4.060351544599e+02 
       1.022414438545e+00       4.048004244954e+02 
       1.025540494654e+00       4.035719746763e+02 
       1.028666550781e+00       4.023496775027e+02 
       1.031792606926e+00       4.011335169328e+02 
       1.034918663089e+00       3.999233251050e+02 
       1.038044719270e+00       3.987190279854e+02 
       1.041170775468e+00       3.975205993319e+02 
       1.044296831684e+00       3.963280503747e+02 
       1.047422887917e+00       3.951413834773e+02 
       1.050548944167e+00       3.939605699912e+02 
       1.053675000434e+00       3.927855419379e+02 
       1.056801056718e+00       3.916161905280e+02 
       1.059927113019e+00       3.904524156865e+02 
       1.063053169336e+00       3.892941574981e+02 
       1.066179225670e+00       3.881413929990e+02 
       1.069305282019e+00       3.869941343220e+02 
       1.072431338385e+00       3.858523690845e+02 
       1.075557394767e+00       3.847160819147e+02 
       1.078683451164e+00       3.835851925660e+02 
       1.081809507577e+00       3.824596178228e+02 
       1.084935564006e+00       3.813392681909e+02 
       1.088061620450e+00       3.802241000933e+02 
       1.091187676910e+00       3.791140769567e+02 
       1.094313733384e+00       3.780092129780e+02 
       1.097439789873e+00       3.769095023294e+02 
       1.100565846378e+00       3.758149213620e+02 
       1.367842016088e+00       2.975603903472e+02 
       1.720985182451e+00       2.258246787718e+02 
       2.166579374803e+00       1.652504238784e+02 
       2.727561803545e+00       1.165278402527e+02 
       3.433796866714e+00       7.940609870562e+01 
       4.322894134445e+00       5.253923033084e+01 
       5.442201278349e+00       3.392750771248e+01 
       6.851325485412e+00       2.148626224943e+01 
       8.625307758058e+00       1.340137136208e+01 
       1.085861912116e+01       8.261227686341e+00 
