# Matter power spectrum P(k) at redshift z=1
# for k=1.01776e-05 to 10.8586 h/Mpc,
# number of wavenumbers equal to 728
#    1:k (h/Mpc)              2:P (Mpc/h)^3        
       1.017762622183e-05       1.976170220385e+01 
       2.270599619585e-05       4.286637671857e+01 
       3.527608514283e-05       6.557706787674e+01 
       4.791988385778e-05       8.812923757396e+01 
       6.066988421975e-05       1.106564632605e+02 
       7.355935332593e-05       1.332585199077e+02 
       8.662261594150e-05       1.560204517509e+02 
       9.989534883415e-05       1.790203574340e+02 
       1.134148905905e-04       2.023333605697e+02 
       1.272205705424e-04       2.260339965251e+02 
       1.413540604450e-04       2.501978466138e+02 
       1.558597525164e-04       2.749027984752e+02 
       1.707851673344e-04       3.002301078357e+02 
       1.861813948374e-04       3.262653570673e+02 
       2.021035712214e-04       3.530993663941e+02 
       2.186113937793e-04       3.808290903211e+02 
       2.357696745644e-04       4.095585118523e+02 
       2.536489320239e-04       4.393995463330e+02 
       2.723260172576e-04       4.704729474795e+02 
       2.918847680560e-04       5.029092100580e+02 
       3.124166791059e-04       5.368494409401e+02 
       3.340215703985e-04       5.724461707374e+02 
       3.568082276376e-04       6.098640551898e+02 
       3.808949780657e-04       6.492803983868e+02 
       4.064101524856e-04       6.908854169202e+02 
       4.334923695260e-04       7.348821310814e+02 
       4.622905620153e-04       7.814857534044e+02 
       4.929636490547e-04       8.309224218407e+02 
       5.256797433982e-04       8.834271087790e+02 
       5.606147756581e-04       9.392405313176e+02 
       5.979504195942e-04       9.986049274394e+02 
       6.378712222315e-04       1.061758569271e+03 
       6.805608847774e-04       1.128929026684e+03 
       7.261977096468e-04       1.200325269361e+03 
       7.749493255645e-04       1.276128907717e+03 
       8.269669200523e-04       1.356485024526e+03 
       8.823793310846e-04       1.441493243356e+03 
       9.412874532796e-04       1.531199811062e+03 
       1.003759470115e-03       1.625591534403e+03 
       1.069827407121e-03       1.724592198354e+03 
       1.139485399650e-03       1.828062102883e+03 
       1.212689891188e-03       1.935800791007e+03 
       1.289361754710e-03       2.047552871062e+03 
       1.369390105154e-03       2.163006008672e+03 
       1.452637391706e-03       2.281826040733e+03 
       1.538945256643e-03       2.403653644205e+03 
       1.628140633441e-03       2.528110431973e+03 
       1.720041619037e-03       2.654814014130e+03 
       1.814462767214e-03       2.783387009709e+03 
       1.911219581325e-03       2.913464313619e+03 
       2.010132108911e-03       3.044698659447e+03 
       2.111027641521e-03       3.176764258503e+03 
       2.213742593189e-03       3.309359213768e+03 
       2.318123671520e-03       3.442206488668e+03 
       2.424028471503e-03       3.575054081259e+03 
       2.531325620865e-03       3.707674534323e+03 
       2.639894593864e-03       3.839864083108e+03 
       2.749625293107e-03       3.971441434101e+03 
       2.860417480214e-03       4.102245587799e+03 
       2.972180118218e-03       4.232134821486e+03 
       3.084830672812e-03       4.360984898161e+03 
       3.198294406405e-03       4.488687000179e+03 
       3.312503688439e-03       4.615146655958e+03 
       3.427397337294e-03       4.740281703806e+03 
       3.542920003058e-03       4.864020932524e+03 
       3.659021595992e-03       4.986303657863e+03 
       3.775656762429e-03       5.107078095161e+03 
       3.892784407700e-03       5.226298955264e+03 
       4.010367264318e-03       5.343930594385e+03 
       4.128371502794e-03       5.459940592059e+03 
       4.246766381999e-03       5.574304503735e+03 
       4.365523935796e-03       5.687000719439e+03 
       4.484618692657e-03       5.798014294275e+03 
       4.604027425075e-03       5.907332062090e+03 
       4.723728925759e-03       6.014945202294e+03 
       4.843703807817e-03       6.120848915777e+03 
       4.963934326354e-03       6.225039212162e+03 
       5.084404219170e-03       6.319122436683e+03 
       5.205098564436e-03       6.419556711530e+03 
       5.326003653474e-03       6.518279032138e+03 
       5.447106876962e-03       6.615296666219e+03 
       5.568396623055e-03       6.710613421890e+03 
       5.689862186089e-03       6.804239846418e+03 
       5.811493684704e-03       6.896185972237e+03 
       5.933281988318e-03       6.986459355884e+03 
       6.055218651046e-03       7.075182522823e+03 
       6.177295852232e-03       7.162181160298e+03 
       6.299506342883e-03       7.247491356744e+03 
       6.421843397352e-03       7.331094607518e+03 
       6.544300769712e-03       7.413111663190e+03 
       6.666872654316e-03       7.493561299858e+03 
       6.789553650111e-03       7.572380146347e+03 
       6.912338728289e-03       7.649720477610e+03 
       7.035223202952e-03       7.725569621032e+03 
       7.158202704464e-03       7.799888703809e+03 
       7.281273155227e-03       7.872440802735e+03 
       7.404430747627e-03       7.943948311853e+03 
       7.527671923940e-03       8.013660657524e+03 
       7.650993358003e-03       8.081888553410e+03 
       7.774391938469e-03       8.148661083149e+03 
       7.897864753509e-03       8.213981500905e+03 
       8.021409076804e-03       8.277856171105e+03 
       8.145022354722e-03       8.340323125904e+03 
       8.268702194548e-03       8.401423970626e+03 
       8.392446353698e-03       8.461098199572e+03 
       8.516252729795e-03       8.519408671333e+03 
       8.640119351552e-03       8.576353624397e+03 
       8.764044370380e-03       8.631966484798e+03 
       8.888026052660e-03       8.686218605333e+03 
       9.012062772612e-03       8.739193543811e+03 
       9.136153005724e-03       8.790854706708e+03 
       9.260295322681e-03       8.841267441668e+03 
       9.384488383755e-03       8.890386743577e+03 
       9.508730933617e-03       8.938237445435e+03 
       9.633021796538e-03       8.984878256345e+03 
       9.757359871947e-03       9.030239293279e+03 
       9.881744130310e-03       9.074423679279e+03 
       1.000617360931e-02       9.117447100184e+03 
       1.013064741032e-02       9.159214566989e+03 
       1.025516469508e-02       9.199898097219e+03 
       1.037972468271e-02       9.239376909580e+03 
       1.050432664681e-02       9.277679631409e+03 
       1.062896991285e-02       9.314920446192e+03 
       1.075365385574e-02       9.351025222156e+03 
       1.087837789751e-02       9.385967275089e+03 
       1.100314150524e-02       9.419875187791e+03 
       1.112794418904e-02       9.452692762728e+03 
       1.125278550026e-02       9.484455436449e+03 
       1.137766502974e-02       9.514836286666e+03 
       1.150258240626e-02       9.544831241601e+03 
       1.162753729503e-02       9.573521353345e+03 
       1.175252939633e-02       9.601100318121e+03 
       1.187755844422e-02       9.627772179646e+03 
       1.200262420535e-02       9.653398083015e+03 
       1.212772647786e-02       9.678049289842e+03 
       1.225286509034e-02       9.701699835781e+03 
       1.237803990087e-02       9.724435346884e+03 
       1.250325079614e-02       9.746264044101e+03 
       1.262849769063e-02       9.767085510438e+03 
       1.275378052582e-02       9.787015877983e+03 
       1.287909926952e-02       9.806103971695e+03 
       1.300445391520e-02       9.824242762493e+03 
       1.312984448136e-02       9.841488679371e+03 
       1.325527101102e-02       9.857865747866e+03 
       1.338073357118e-02       9.873320545494e+03 
       1.350623225238e-02       9.887975109265e+03 
       1.363176716822e-02       9.901793547470e+03 
       1.375733845503e-02       9.914815047300e+03 
       1.388294627146e-02       9.926973657214e+03 
       1.400859079823e-02       9.938312601951e+03 
       1.413427223778e-02       9.948796668625e+03 
       1.425999081403e-02       9.958611259997e+03 
       1.438574677219e-02       9.967569945947e+03 
       1.451154037852e-02       9.975786094101e+03 
       1.463737192019e-02       9.983226936536e+03 
       1.476324170512e-02       9.989913878057e+03 
       1.488915006186e-02       9.995809488353e+03 
       1.501509733954e-02       1.000109828784e+04 
       1.514108390773e-02       1.000555294300e+04 
       1.526711015644e-02       1.000939930423e+04 
       1.539317649608e-02       1.001243790761e+04 
       1.551928335748e-02       1.001483238341e+04 
       1.564543119185e-02       1.001655044969e+04 
       1.577162047089e-02       1.001766490620e+04 
       1.589785168677e-02       1.001804317896e+04 
       1.602412535228e-02       1.001772990224e+04 
       1.615044200085e-02       1.001677056030e+04 
       1.627680218673e-02       1.001522961034e+04 
       1.640320648507e-02       1.001311304896e+04 
       1.652965549208e-02       1.001029793447e+04 
       1.665614982521e-02       1.000681455316e+04 
       1.678269012333e-02       1.000280452409e+04 
       1.690927704689e-02       9.998004386726e+03 
       1.703591127819e-02       9.993043297035e+03 
       1.716259352159e-02       9.987338885362e+03 
       1.728932450374e-02       9.980713575327e+03 
       1.741610497386e-02       9.974043341089e+03 
       1.754293570405e-02       9.966352465211e+03 
       1.766981748952e-02       9.958624303645e+03 
       1.779675114898e-02       9.949862948746e+03 
       1.792373752492e-02       9.940838714008e+03 
       1.805077748398e-02       9.931531522836e+03 
       1.817787191730e-02       9.921228837481e+03 
       1.830502174092e-02       9.910683287099e+03 
       1.843222789617e-02       9.899636375103e+03 
       1.855949135006e-02       9.888326794235e+03 
       1.868681309576e-02       9.876379733909e+03 
       1.881419415301e-02       9.863888563584e+03 
       1.894163556861e-02       9.850860148090e+03 
       1.906913841689e-02       9.837559696055e+03 
       1.919670380023e-02       9.823630521050e+03 
       1.932433284956e-02       9.809348913568e+03 
       1.945202672494e-02       9.794566981853e+03 
       1.957978661606e-02       9.779432055111e+03 
       1.970761374289e-02       9.763916887235e+03 
       1.983550935622e-02       9.747961032629e+03 
       1.996347473831e-02       9.731696429805e+03 
       2.009151120355e-02       9.714788296227e+03 
       2.021962009907e-02       9.697723735490e+03 
       2.034780280547e-02       9.680060847445e+03 
       2.047606073751e-02       9.662330050653e+03 
       2.060439534485e-02       9.644056580320e+03 
       2.073280811277e-02       9.625441648570e+03 
       2.086130056300e-02       9.606338232801e+03 
       2.098987425448e-02       9.587145994480e+03 
       2.111853078422e-02       9.567451302883e+03 
       2.124727178813e-02       9.547288900092e+03 
       2.137609894190e-02       9.527032319805e+03 
       2.150501396195e-02       9.506316595040e+03 
       2.163401860629e-02       9.485409408127e+03 
       2.176311467559e-02       9.464191128965e+03 
       2.189230401408e-02       9.442608192225e+03 
       2.202158851064e-02       9.420838197533e+03 
       2.215097009984e-02       9.398587944428e+03 
       2.228045076304e-02       9.376247853077e+03 
       2.241003252953e-02       9.353302623543e+03 
       2.253971747764e-02       9.330384533770e+03 
       2.266950773604e-02       9.307111696526e+03 
       2.279940548487e-02       9.283801776881e+03 
       2.292941295712e-02       9.259981010587e+03 
       2.305953243985e-02       9.235940546685e+03 
       2.318976627563e-02       9.211711818377e+03 
       2.332011686393e-02       9.187245985888e+03 
       2.345058666253e-02       9.162495239001e+03 
       2.358117818904e-02       9.137517595195e+03 
       2.371189402246e-02       9.112518211629e+03 
       2.384273680475e-02       9.087047684072e+03 
       2.397370924251e-02       9.061494384555e+03 
       2.410481410862e-02       9.035688338116e+03 
       2.423605424406e-02       9.009718006471e+03 
       2.436743255969e-02       8.983562603222e+03 
       2.449895203811e-02       8.957298759094e+03 
       2.463061573564e-02       8.930664124077e+03 
       2.476242678429e-02       8.903938895641e+03 
       2.489438839382e-02       8.877054314632e+03 
       2.502650385392e-02       8.850034972705e+03 
       2.515877653636e-02       8.822826283460e+03 
       2.529120989734e-02       8.795449667836e+03 
       2.542380747979e-02       8.767849274833e+03 
       2.555657291588e-02       8.740228688403e+03 
       2.568950992951e-02       8.712491971756e+03 
       2.582262233895e-02       8.684340507569e+03 
       2.595591405954e-02       8.656315287661e+03 
       2.608938910650e-02       8.628116698378e+03 
       2.622305159786e-02       8.599898103692e+03 
       2.635690575744e-02       8.571322995320e+03 
       2.649095591801e-02       8.542812874335e+03 
       2.662520652450e-02       8.514033341092e+03 
       2.675966213736e-02       8.485217625157e+03 
       2.689432743605e-02       8.456394789816e+03 
       2.702920722264e-02       8.427284703874e+03 
       2.716430642557e-02       8.398176520201e+03 
       2.729963010350e-02       8.369005045871e+03 
       2.743518344938e-02       8.339640338378e+03 
       2.757097179463e-02       8.310300879942e+03 
       2.770700061346e-02       8.280804989200e+03 
       2.784327552742e-02       8.251281378265e+03 
       2.797980231011e-02       8.221630135815e+03 
       2.811658689200e-02       8.191954909919e+03 
       2.825363536557e-02       8.162189873487e+03 
       2.839095399053e-02       8.132350006637e+03 
       2.852854919938e-02       8.102452394988e+03 
       2.866642760306e-02       8.072559401821e+03 
       2.880459599693e-02       8.042545231479e+03 
       2.894306136697e-02       8.012509297131e+03 
       2.908183089623e-02       7.982489715364e+03 
       2.922091197155e-02       7.952359571070e+03 
       2.936031219060e-02       7.922066320019e+03 
       2.950003936914e-02       7.891820289540e+03 
       2.964010154871e-02       7.861637706585e+03 
       2.978050700456e-02       7.831278829060e+03 
       2.992126425397e-02       7.801024642300e+03 
       3.006238206491e-02       7.770571051017e+03 
       3.020386946515e-02       7.740305025097e+03 
       3.034573575170e-02       7.709831704143e+03 
       3.048799050075e-02       7.679354879536e+03 
       3.063064357799e-02       7.648927457643e+03 
       3.077370514954e-02       7.618462477493e+03 
       3.091718569320e-02       7.588013943298e+03 
       3.106109601043e-02       7.557435899916e+03 
       3.120544723876e-02       7.526984618034e+03 
       3.135025086488e-02       7.496453248622e+03 
       3.149551873830e-02       7.465926743157e+03 
       3.164126308575e-02       7.435380476625e+03 
       3.178749652624e-02       7.404887772948e+03 
       3.193423208691e-02       7.374320340389e+03 
       3.208148321967e-02       7.343771798032e+03 
       3.222926381867e-02       7.313278780839e+03 
       3.237758823870e-02       7.282775230828e+03 
       3.252647131456e-02       7.252277928411e+03 
       3.267592838139e-02       7.221787195101e+03 
       3.282597529617e-02       7.191260964324e+03 
       3.297662846032e-02       7.160764788406e+03 
       3.312790484351e-02       7.130297451361e+03 
       3.327982200886e-02       7.099836290975e+03 
       3.343239813946e-02       7.069384136745e+03 
       3.358565206645e-02       7.038939673224e+03 
       3.373960329860e-02       7.008525775173e+03 
       3.389427205373e-02       6.978137755441e+03 
       3.404967929183e-02       6.947773465185e+03 
       3.420584675016e-02       6.917404948757e+03 
       3.436279698052e-02       6.887055687104e+03 
       3.452055338865e-02       6.856726476239e+03 
       3.467914027608e-02       6.826415022630e+03 
       3.483858288458e-02       6.796157329356e+03 
       3.499890744337e-02       6.765898926050e+03 
       3.516014121926e-02       6.735644197134e+03 
       3.532231257010e-02       6.705448957357e+03 
       3.548545100158e-02       6.675260189986e+03 
       3.564958722785e-02       6.645112207930e+03 
       3.581475323610e-02       6.614955032279e+03 
       3.598098235552e-02       6.584844342532e+03 
       3.614830933092e-02       6.554734967174e+03 
       3.631677040150e-02       6.524674807573e+03 
       3.648640338511e-02       6.494622968881e+03 
       3.665724776843e-02       6.464594482810e+03 
       3.682934480372e-02       6.434599108609e+03 
       3.700273761257e-02       6.404580467151e+03 
       3.717747129741e-02       6.374640015502e+03 
       3.735359306125e-02       6.344689163787e+03 
       3.753115233669e-02       6.314767051847e+03 
       3.771020092475e-02       6.284871328245e+03 
       3.789079314475e-02       6.254968216177e+03 
       3.807298599596e-02       6.225102132296e+03 
       3.825683933246e-02       6.195222847575e+03 
       3.844241605221e-02       6.165390310465e+03 
       3.862978230205e-02       6.135552288108e+03 
       3.881900769994e-02       6.105736317762e+03 
       3.901016557640e-02       6.075931915127e+03 
       3.920333323705e-02       6.046107661983e+03 
       3.939859224859e-02       6.016309901650e+03 
       3.959602875058e-02       5.986508567792e+03 
       3.979573379598e-02       5.956720822851e+03 
       3.999780372362e-02       5.926859550759e+03 
       4.020234056615e-02       5.897065170796e+03 
       4.040945249762e-02       5.867242676278e+03 
       4.061925432541e-02       5.837402123000e+03 
       4.083186803157e-02       5.807546874854e+03 
       4.104742336992e-02       5.777684430650e+03 
       4.126605852553e-02       5.747791704350e+03 
       4.148792084466e-02       5.717865817837e+03 
       4.171316764413e-02       5.687909926545e+03 
       4.194196711067e-02       5.657912283949e+03 
       4.217449930223e-02       5.627876383159e+03 
       4.241095726528e-02       5.597788519323e+03 
       4.265154828431e-02       5.567640366480e+03 
       4.289649528238e-02       5.537451780775e+03 
       4.314603839480e-02       5.507188397755e+03 
       4.340043674179e-02       5.476856852130e+03 
       4.365997043041e-02       5.446390115780e+03 
       4.392494282161e-02       5.415911316407e+03 
       4.419568310462e-02       5.385303533544e+03 
       4.447254922910e-02       5.354558388608e+03 
       4.475593125466e-02       5.323740431801e+03 
       4.504625518961e-02       5.292742938808e+03 
       4.534398740464e-02       5.261611126756e+03 
       4.564963972515e-02       5.230314193576e+03 
       4.596377532751e-02       5.198886235363e+03 
       4.628701559154e-02       5.167201985934e+03 
       4.662004809513e-02       5.135396612218e+03 
       4.696363597875e-02       5.103309350596e+03 
       4.731862896028e-02       5.070943492029e+03 
       4.768597634693e-02       5.038379273733e+03 
       4.806674247450e-02       5.005435559458e+03 
       4.846212511102e-02       4.972209859087e+03 
       4.887347749634e-02       4.938536701033e+03 
       4.930233486194e-02       4.904448939687e+03 
       4.975044649438e-02       4.869956073014e+03 
       5.021981468560e-02       4.834855516984e+03 
       5.071274226732e-02       4.799246903074e+03 
       5.123189087248e-02       4.763041990858e+03 
       5.178035261792e-02       4.725975938404e+03 
       5.236173856606e-02       4.688159218368e+03 
       5.298028808294e-02       4.649239580342e+03 
       5.364100399446e-02       4.609162692248e+03 
       5.434981906601e-02       4.567795370878e+03 
       5.511379937008e-02       4.524784119560e+03 
       5.594138867535e-02       4.479762977008e+03 
       5.684269333237e-02       4.432376235219e+03 
       5.782979594177e-02       4.381989930280e+03 
       5.891706257277e-02       4.327830878116e+03 
       6.012136336845e-02       4.269058564758e+03 
       6.146204886189e-02       4.204029816478e+03 
       6.296040950467e-02       4.131135932029e+03 
       6.463822202813e-02       4.048017793571e+03 
       6.651496792028e-02       3.952107976284e+03 
       6.860364212746e-02       3.840480384995e+03 
       7.090600236422e-02       3.711129542116e+03 
       7.340937265208e-02       3.562856822184e+03 
       7.608742270290e-02       3.397373503018e+03 
       7.890542130116e-02       3.218718473464e+03 
       8.182746655744e-02       3.033039420562e+03 
       8.482221341874e-02       2.847690374539e+03 
       8.786542304156e-02       2.669718785564e+03 
       9.093988064832e-02       2.505082738650e+03 
       9.403404278283e-02       2.357830401729e+03 
       9.714045393176e-02       2.230273754651e+03 
       1.002544123965e-01       2.122837427024e+03 
       1.033729969642e-01       2.034243214688e+03 
       1.064944091988e-01       1.962212280802e+03 
       1.096175480134e-01       1.903614296670e+03 
       1.127417414644e-01       1.854751208616e+03 
       1.158665802319e-01       1.811859204331e+03 
       1.189918151785e-01       1.771402573861e+03 
       1.221172946752e-01       1.730290078914e+03 
       1.252429263844e-01       1.686231757629e+03 
       1.283686540032e-01       1.637894405012e+03 
       1.314944431259e-01       1.584732671356e+03 
       1.346202726565e-01       1.527298205258e+03 
       1.377461295940e-01       1.466731095608e+03 
       1.408720058654e-01       1.404635572086e+03 
       1.439978964030e-01       1.342913347165e+03 
       1.471237979760e-01       1.283358294834e+03 
       1.502497084804e-01       1.227510410963e+03 
       1.533756265073e-01       1.176577849268e+03 
       1.565015510793e-01       1.131375221578e+03 
       1.596274814905e-01       1.092100594254e+03 
       1.627534172078e-01       1.058578402294e+03 
       1.658793578107e-01       1.030288124528e+03 
       1.690053029541e-01       1.006400113150e+03 
       1.721312523448e-01       9.858529241351e+02 
       1.752572057270e-01       9.675680473985e+02 
       1.783831628730e-01       9.505539443936e+02 
       1.815091235768e-01       9.338755267673e+02 
       1.846350876502e-01       9.165829954404e+02 
       1.877610549200e-01       8.980690007584e+02 
       1.908870252256e-01       8.780219491551e+02 
       1.940129984178e-01       8.564308895528e+02 
       1.971389743573e-01       8.335271014340e+02 
       2.002649529141e-01       8.097782701654e+02 
       2.033909339662e-01       7.857340928533e+02 
       2.065169173992e-01       7.619801299617e+02 
       2.096429031059e-01       7.390189744096e+02 
       2.127688909852e-01       7.172917891913e+02 
       2.158948809419e-01       6.971398054898e+02 
       2.190208728865e-01       6.787403715243e+02 
       2.221468667345e-01       6.621599158570e+02 
       2.252728624060e-01       6.473874320045e+02 
       2.283988598258e-01       6.342607124551e+02 
       2.315248589224e-01       6.225670780645e+02 
       2.346508596284e-01       6.120014050673e+02 
       2.377768618800e-01       6.022312426679e+02 
       2.409028656166e-01       5.929027283160e+02 
       2.440288707807e-01       5.837307360853e+02 
       2.471548773179e-01       5.744446908695e+02 
       2.502808851764e-01       5.649102807571e+02 
       2.534068943069e-01       5.550086079619e+02 
       2.565329046628e-01       5.447457681664e+02 
       2.596589161994e-01       5.341688071398e+02 
       2.627849288744e-01       5.233516139808e+02 
       2.659109426475e-01       5.124591862941e+02 
       2.690369574800e-01       5.016434295463e+02 
       2.721629733354e-01       4.910601677693e+02 
       2.752889901785e-01       4.808857967381e+02 
       2.784150079759e-01       4.712396829930e+02 
       2.815410266957e-01       4.622052252601e+02 
       2.846670463073e-01       4.538068176199e+02 
       2.877930667814e-01       4.460342590624e+02 
       2.909190880901e-01       4.388413255576e+02 
       2.940451102068e-01       4.321453396517e+02 
       2.971711331056e-01       4.258668193501e+02 
       3.002971567621e-01       4.199001320203e+02 
       3.034231811528e-01       4.141644267118e+02 
       3.065492062550e-01       4.085524920819e+02 
       3.096752320471e-01       4.029944677378e+02 
       3.128012585084e-01       3.974316738171e+02 
       3.159272856188e-01       3.918106331412e+02 
       3.190533133592e-01       3.861240214479e+02 
       3.221793417112e-01       3.803819569684e+02 
       3.253053706570e-01       3.746154586614e+02 
       3.284314001797e-01       3.688657401104e+02 
       3.315574302627e-01       3.631736986961e+02 
       3.346834608904e-01       3.575946655798e+02 
       3.378094920476e-01       3.521638366522e+02 
       3.409355237195e-01       3.469162577081e+02 
       3.440615558922e-01       3.418712062795e+02 
       3.471875885521e-01       3.370496183510e+02 
       3.503136216860e-01       3.324585774903e+02 
       3.534396552813e-01       3.280947156525e+02 
       3.565656893258e-01       3.239326725029e+02 
       3.596917238078e-01       3.199460694960e+02 
       3.628177587159e-01       3.161070268416e+02 
       3.659437940391e-01       3.123758912054e+02 
       3.690698297668e-01       3.087275899267e+02 
       3.721958658889e-01       3.051354012100e+02 
       3.753219023954e-01       3.015870634269e+02 
       3.784479392767e-01       2.980602861373e+02 
       3.815739765236e-01       2.945601525434e+02 
       3.847000141272e-01       2.910810316759e+02 
       3.878260520788e-01       2.876254753154e+02 
       3.909520903699e-01       2.842015669725e+02 
       3.940781289926e-01       2.808161023290e+02 
       3.972041679389e-01       2.774803314414e+02 
       4.003302072013e-01       2.742145233280e+02 
       4.034562467723e-01       2.710272826161e+02 
       4.065822866448e-01       2.679282462177e+02 
       4.097083268118e-01       2.649175210664e+02 
       4.128343672668e-01       2.619950063557e+02 
       4.159604080031e-01       2.591559593614e+02 
       4.190864490144e-01       2.564007973715e+02 
       4.222124902946e-01       2.537266758467e+02 
       4.253385318378e-01       2.511215184394e+02 
       4.284645736381e-01       2.485867856018e+02 
       4.315906156900e-01       2.461069166374e+02 
       4.347166579880e-01       2.436785617155e+02 
       4.378427005269e-01       2.412910455096e+02 
       4.409687433014e-01       2.389383814872e+02 
       4.440947863066e-01       2.366118716699e+02 
       4.472208295377e-01       2.343129169064e+02 
       4.503468729899e-01       2.320390167765e+02 
       4.534729166586e-01       2.297947670881e+02 
       4.565989605393e-01       2.275814904794e+02 
       4.597250046278e-01       2.253962169222e+02 
       4.628510489198e-01       2.232444904174e+02 
       4.659770934112e-01       2.211290998875e+02 
       4.691031380980e-01       2.190517033736e+02 
       4.722291829763e-01       2.170181239678e+02 
       4.753552280423e-01       2.150239941712e+02 
       4.784812732924e-01       2.130803102630e+02 
       4.816073187228e-01       2.111794060504e+02 
       4.847333643302e-01       2.093215058234e+02 
       4.878594101111e-01       2.075018439259e+02 
       4.909854560621e-01       2.057181234458e+02 
       4.941115021801e-01       2.039683132915e+02 
       4.972375484619e-01       2.022461204961e+02 
       5.003635949045e-01       2.005529702387e+02 
       5.034896415047e-01       1.988858381156e+02 
       5.066156882597e-01       1.972428113372e+02 
       5.097417351666e-01       1.956215864653e+02 
       5.128677822226e-01       1.940209780989e+02 
       5.159938294251e-01       1.924399848530e+02 
       5.191198767713e-01       1.908787476285e+02 
       5.222459242587e-01       1.893387923051e+02 
       5.253719718848e-01       1.878215372566e+02 
       5.284980196470e-01       1.863282730753e+02 
       5.316240675430e-01       1.848595888815e+02 
       5.347501155704e-01       1.834153477058e+02 
       5.378761637270e-01       1.819963533531e+02 
       5.410022120104e-01       1.805968551369e+02 
       5.441282604185e-01       1.792211724688e+02 
       5.472543089491e-01       1.778690862740e+02 
       5.503803576002e-01       1.765398226397e+02 
       5.535064063696e-01       1.752317710515e+02 
       5.566324552555e-01       1.739432529394e+02 
       5.597585042558e-01       1.726763487758e+02 
       5.628845533686e-01       1.714276522923e+02 
       5.660106025921e-01       1.701959383372e+02 
       5.691366519245e-01       1.689804359823e+02 
       5.722627013639e-01       1.677810087032e+02 
       5.753887509085e-01       1.665976889852e+02 
       5.785148005568e-01       1.654304683426e+02 
       5.816408503069e-01       1.642789175459e+02 
       5.847669001574e-01       1.631423270552e+02 
       5.878929501065e-01       1.620200639865e+02 
       5.910190001527e-01       1.609117980322e+02 
       5.941450502944e-01       1.598176849667e+02 
       5.972711005302e-01       1.587380804756e+02 
       6.003971508586e-01       1.576736509342e+02 
       6.035232012781e-01       1.566245311416e+02 
       6.066492517874e-01       1.555905064072e+02 
       6.097753023850e-01       1.545710141741e+02 
       6.129013530696e-01       1.535652853740e+02 
       6.160274038398e-01       1.525727219863e+02 
       6.191534546944e-01       1.515929673629e+02 
       6.222795056321e-01       1.506261104668e+02 
       6.254055566517e-01       1.496721403286e+02 
       6.285316077518e-01       1.487308462577e+02 
       6.316576589314e-01       1.478017948666e+02 
       6.347837101892e-01       1.468842437974e+02 
       6.379097615240e-01       1.459774867598e+02 
       6.410358129349e-01       1.450811347549e+02 
       6.441618644205e-01       1.441950223512e+02 
       6.472879159800e-01       1.433193464019e+02 
       6.504139676121e-01       1.424543906108e+02 
       6.535400193159e-01       1.416001770603e+02 
       6.566660710903e-01       1.407564193451e+02 
       6.597921229343e-01       1.399227783351e+02 
       6.629181748469e-01       1.390987496405e+02 
       6.660442268272e-01       1.382840604730e+02 
       6.691702788742e-01       1.374787258827e+02 
       6.722963309870e-01       1.366829454718e+02 
       6.754223831646e-01       1.358968837894e+02 
       6.785484354062e-01       1.351204823409e+02 
       6.816744877109e-01       1.343534694222e+02 
       6.848005400778e-01       1.335953752097e+02 
       6.879265925060e-01       1.328456639884e+02 
       6.910526449948e-01       1.321041398625e+02 
       6.941786975433e-01       1.313706667244e+02 
       6.973047501507e-01       1.306453494129e+02 
       7.004308028162e-01       1.299282876382e+02 
       7.035568555390e-01       1.292194056792e+02 
       7.066829083185e-01       1.285184352993e+02 
       7.098089611537e-01       1.278250448686e+02 
       7.129350140440e-01       1.271388287401e+02 
       7.160610669888e-01       1.264595914106e+02 
       7.191871199871e-01       1.257873595916e+02 
       7.223131730384e-01       1.251222609647e+02 
       7.254392261420e-01       1.244644481118e+02 
       7.285652792972e-01       1.238139271759e+02 
       7.316913325034e-01       1.231704404436e+02 
       7.348173857598e-01       1.225337039508e+02 
       7.379434390658e-01       1.219033890054e+02 
       7.410694924209e-01       1.212793030894e+02 
       7.441955458244e-01       1.206614741532e+02 
       7.473215992756e-01       1.200500159016e+02 
       7.504476527741e-01       1.194449794716e+02 
       7.535737063191e-01       1.188463556965e+02 
       7.566997599102e-01       1.182539397629e+02 
       7.598258135467e-01       1.176673969532e+02 
       7.629518672281e-01       1.170864636568e+02 
       7.660779209538e-01       1.165110155435e+02 
       7.692039747234e-01       1.159410454587e+02 
       7.723300285362e-01       1.153767190673e+02 
       7.754560823917e-01       1.148180152906e+02 
       7.785821362895e-01       1.142648035526e+02 
       7.817081902290e-01       1.137172980020e+02 
       7.848342442097e-01       1.131748635346e+02 
       7.879602982312e-01       1.126373828453e+02 
       7.910863522928e-01       1.121047633135e+02 
       7.942124063943e-01       1.115770616440e+02 
       7.973384605351e-01       1.110542016745e+02 
       8.004645147147e-01       1.105365504049e+02 
       8.035905689326e-01       1.100239245973e+02 
       8.067166231885e-01       1.095161608667e+02 
       8.098426774820e-01       1.090129453243e+02 
       8.129687318124e-01       1.085142933952e+02 
       8.160947861795e-01       1.080199633958e+02 
       8.192208405829e-01       1.075299863830e+02 
       8.223468950220e-01       1.070445071183e+02 
       8.254729494965e-01       1.065635544378e+02 
       8.285990040060e-01       1.060870604004e+02 
       8.317250585502e-01       1.056148885095e+02 
       8.348511131285e-01       1.051468391322e+02 
       8.379771677406e-01       1.046827286476e+02 
       8.411032223862e-01       1.042225014295e+02 
       8.442292770649e-01       1.037661838837e+02 
       8.473553317763e-01       1.033138766578e+02 
       8.504813865200e-01       1.028656209206e+02 
       8.536074412957e-01       1.024213639555e+02 
       8.567334961031e-01       1.019809590303e+02 
       8.598595509417e-01       1.015442590029e+02 
       8.629856058113e-01       1.011111037308e+02 
       8.661116607116e-01       1.006814461243e+02 
       8.692377156421e-01       1.002553287194e+02 
       8.723637706026e-01       9.983283468664e+01 
       8.754898255927e-01       9.941397935982e+01 
       8.786158806121e-01       9.899876724502e+01 
       8.817419356605e-01       9.858699509566e+01 
       8.848679907377e-01       9.817855057821e+01 
       8.879940458432e-01       9.777331970094e+01 
       8.911201009769e-01       9.737123122124e+01 
       8.942461561383e-01       9.697240475186e+01 
       8.973722113273e-01       9.657672097274e+01 
       9.004982665435e-01       9.618436215662e+01 
       9.036243217866e-01       9.579528628384e+01 
       9.067503770564e-01       9.540931470141e+01 
       9.098764323526e-01       9.502633800235e+01 
       9.130024876749e-01       9.464623628018e+01 
       9.161285430230e-01       9.426900832759e+01 
       9.192545983968e-01       9.389467655002e+01 
       9.223806537958e-01       9.352329272193e+01 
       9.255067092199e-01       9.315498276879e+01 
       9.286327646689e-01       9.278955382497e+01 
       9.317588201424e-01       9.242681432779e+01 
       9.348848756402e-01       9.206688279751e+01 
       9.380109311621e-01       9.170956669730e+01 
       9.411369867078e-01       9.135484680945e+01 
       9.442630422771e-01       9.100276788444e+01 
       9.473890978698e-01       9.065338665724e+01 
       9.505151534856e-01       9.030661607683e+01 
       9.536412091243e-01       8.996260404262e+01 
       9.567672647857e-01       8.962123857247e+01 
       9.598933204696e-01       8.928224755926e+01 
       9.630193761757e-01       8.894562231263e+01 
       9.661454319038e-01       8.861137325162e+01 
       9.692714876537e-01       8.827952379334e+01 
       9.723975434252e-01       8.795001690005e+01 
       9.755235992181e-01       8.762310117396e+01 
       9.786496550322e-01       8.729873979006e+01 
       9.817757108673e-01       8.697655221319e+01 
       9.849017667231e-01       8.665661066094e+01 
       9.880278225995e-01       8.633883492407e+01 
       9.911538784963e-01       8.602318862068e+01 
       9.942799344134e-01       8.570978461066e+01 
       9.974059903504e-01       8.539862313021e+01 
       1.000532046307e+00       8.508970839839e+01 
       1.003658102284e+00       8.478299513275e+01 
       1.006784158280e+00       8.447842011668e+01 
       1.009910214295e+00       8.417588315303e+01 
       1.013036270329e+00       8.387533012587e+01 
       1.016162326382e+00       8.357679003684e+01 
       1.019288382454e+00       8.328024521090e+01 
       1.022414438545e+00       8.298575692947e+01 
       1.025540494654e+00       8.269332868443e+01 
       1.028666550781e+00       8.240287562164e+01 
       1.031792606926e+00       8.211441057707e+01 
       1.034918663089e+00       8.182781039238e+01 
       1.038044719270e+00       8.154303392574e+01 
       1.041170775468e+00       8.126008267679e+01 
       1.044296831684e+00       8.097899264076e+01 
       1.047422887917e+00       8.069979268139e+01 
       1.050548944167e+00       8.042248377884e+01 
       1.053675000434e+00       8.014703040426e+01 
       1.056801056718e+00       7.987335799817e+01 
       1.059927113019e+00       7.960139850897e+01 
       1.063053169336e+00       7.933112047032e+01 
       1.066179225670e+00       7.906252708893e+01 
       1.069305282019e+00       7.879565553722e+01 
       1.072431338385e+00       7.853052029652e+01 
       1.075557394767e+00       7.826713272734e+01 
       1.078683451164e+00       7.800544217109e+01 
       1.081809507577e+00       7.774539350631e+01 
       1.084935564006e+00       7.748692382839e+01 
       1.088061620450e+00       7.723001454616e+01 
       1.091187676910e+00       7.697465372278e+01 
       1.094313733384e+00       7.672088054611e+01 
       1.097439789873e+00       7.646871496844e+01 
       1.100565846378e+00       7.621815937503e+01 
       1.367842016088e+00       5.924370213712e+01 
       1.720985182451e+00       4.505493236795e+01 
       2.166579374803e+00       3.371764741382e+01 
       2.727561803545e+00       2.469248380192e+01 
       3.433796866714e+00       1.761058169054e+01 
       4.322894134445e+00       1.219089983588e+01 
       5.442201278349e+00       8.180182906990e+00 
       6.851325485412e+00       5.327060445402e+00 
       8.625307758058e+00       3.378073694333e+00 
       1.085861912116e+01       2.094836425111e+00 
