# Matter power spectrum P(k) at redshift z=0
# for k=1.045e-05 to 8.48825 h/Mpc,
# number of wavenumbers equal to 612
#    1:k (h/Mpc)              2:P (Mpc/h)^3        
       1.045004358465e-05       5.246581297044e+01 
       2.333095830364e-05       1.136047256074e+02 
       3.625717138197e-05       1.736019845608e+02 
       4.926346170446e-05       2.331317056490e+02 
       6.238518340034e-05       2.925732406382e+02 
       7.565858108432e-05       3.522083257537e+02 
       8.912111517766e-05       4.122762395174e+02 
       1.028118016360e-04       4.729962932191e+02 
       1.167715704439e-04       5.345793318067e+02 
       1.310436472695e-04       5.972346362482e+02 
       1.456739626796e-04       6.611746831877e+02 
       1.607115932535e-04       7.266188145202e+02 
       1.762092387588e-04       7.937963475156e+02 
       1.922237391794e-04       8.629493895465e+02 
       2.088166347275e-04       9.343355253678e+02 
       2.260547708937e-04       1.008230461926e+03 
       2.440109489228e-04       1.084930664540e+03 
       2.627646196243e-04       1.164756017103e+03 
       2.824026148746e-04       1.248052473247e+03 
       3.030199061975e-04       1.335194660643e+03 
       3.247203730558e-04       1.426588364107e+03 
       3.476175545344e-04       1.522672751493e+03 
       3.718353465748e-04       1.623922190074e+03 
       3.975085925723e-04       1.730847384223e+03 
       4.247834979996e-04       1.843995597270e+03 
       4.538177802962e-04       1.963949523186e+03 
       4.847804449377e-04       2.091324409425e+03 
       5.178510599038e-04       2.226762913959e+03 
       5.532183878397e-04       2.370927194116e+03 
       5.910782339040e-04       2.524487676862e+03 
       6.316303850249e-04       2.688108287227e+03 
       6.750745609842e-04       2.862427787266e+03 
       7.216053758473e-04       3.048037604329e+03 
       7.714064215132e-04       3.245456796135e+03 
       8.246437268604e-04       3.455105464118e+03 
       8.814589978991e-04       3.677278381292e+03 
       9.419631766204e-04       3.912121330051e+03 
       1.006230932013e-03       4.159612543657e+03 
       1.074296682416e-03       4.419551677529e+03 
       1.146152626855e-03       4.691558000904e+03 
       1.221749044348e-03       4.975078520422e+03 
       1.300996843579e-03       5.269405612442e+03 
       1.383772069420e-03       5.573687751524e+03 
       1.469921856686e-03       5.886974435161e+03 
       1.559271205766e-03       6.208288499893e+03 
       1.651629950110e-03       6.536592126842e+03 
       1.746799373907e-03       6.870841366063e+03 
       1.844578083652e-03       7.210010596182e+03 
       1.944766900247e-03       7.553112060354e+03 
       2.047172686846e-03       7.899210136773e+03 
       2.151611143041e-03       8.247431484213e+03 
       2.257908672078e-03       8.596970527924e+03 
       2.365903467808e-03       8.947092836158e+03 
       2.475445979787e-03       9.297132383760e+03 
       2.586398907712e-03       9.646492185203e+03 
       2.698636858273e-03       9.994638859915e+03 
       2.812045774843e-03       1.034110146367e+04 
       2.926522227346e-03       1.068546001783e+04 
       3.041972628545e-03       1.102735020711e+04 
       3.158312425015e-03       1.136645094435e+04 
       3.275465296538e-03       1.170248419196e+04 
       3.393362386273e-03       1.203520711048e+04 
       3.511941575581e-03       1.236441224232e+04 
       3.631146811106e-03       1.268991882467e+04 
       3.750927487358e-03       1.301157377245e+04 
       3.871237885001e-03       1.332924584074e+04 
       3.992036663108e-03       1.364282471098e+04 
       4.113286402413e-03       1.395221960810e+04 
       4.234953195938e-03       1.425735027967e+04 
       4.357006283050e-03       1.455815682604e+04 
       4.479417722957e-03       1.485458829892e+04 
       4.602162103782e-03       1.514660722913e+04 
       4.725216283514e-03       1.543417869334e+04 
       4.848559159457e-03       1.571725202438e+04 
       4.972171463028e-03       1.599588968988e+04 
       5.096035577095e-03       1.627002572641e+04 
       5.220135373297e-03       1.647799507929e+04 
       5.344456067073e-03       1.674078187571e+04 
       5.468984088379e-03       1.699905529906e+04 
       5.593706966285e-03       1.725286499846e+04 
       5.718613225869e-03       1.750221070218e+04 
       5.843692296004e-03       1.774661438869e+04 
       5.968934426788e-03       1.798709173719e+04 
       6.094330615523e-03       1.822317083069e+04 
       6.219872540296e-03       1.845489275875e+04 
       6.345552500285e-03       1.868228630630e+04 
       6.471363362067e-03       1.890534386871e+04 
       6.597298511245e-03       1.912413833642e+04 
       6.723351808830e-03       1.933877746544e+04 
       6.849517551848e-03       1.954916360470e+04 
       6.975790437733e-03       1.975554618311e+04 
       7.102165532088e-03       1.995781048815e+04 
       7.228638239473e-03       2.015598876826e+04 
       7.355204276895e-03       2.035002760373e+04 
       7.481859649730e-03       2.054061034921e+04 
       7.608600629819e-03       2.072677558274e+04 
       7.735423735528e-03       2.090949844508e+04 
       7.862325713566e-03       2.108788535049e+04 
       7.989303522403e-03       2.126253045444e+04 
       8.116354317107e-03       2.143348892535e+04 
       8.243475435493e-03       2.160039837493e+04 
       8.370664385430e-03       2.176408122513e+04 
       8.497918833217e-03       2.192468020236e+04 
       8.625236592919e-03       2.208085990704e+04 
       8.752615616576e-03       2.223349601228e+04 
       8.880053985201e-03       2.238257845069e+04 
       9.007549900508e-03       2.252817545593e+04 
       9.135101677287e-03       2.266941818710e+04 
       9.262707736385e-03       2.280820153753e+04 
       9.390366598231e-03       2.294434091895e+04 
       9.518076876860e-03       2.307569027633e+04 
       9.645837274391e-03       2.320498621702e+04 
       9.773646575931e-03       2.332922948258e+04 
       9.901503644852e-03       2.345257850894e+04 
       1.002940741843e-02       2.357068939927e+04 
       1.015735690378e-02       2.368649738942e+04 
       1.028535117414e-02       2.380008281781e+04 
       1.041338936539e-02       2.390880140788e+04 
       1.054147067279e-02       2.401625157015e+04 
       1.066959434803e-02       2.411995386310e+04 
       1.079775969644e-02       2.422043423048e+04 
       1.092596607441e-02       2.431803079218e+04 
       1.105421288699e-02       2.441218367135e+04 
       1.118249958563e-02       2.450404600422e+04 
       1.131082566619e-02       2.459250515184e+04 
       1.143919066690e-02       2.467928344513e+04 
       1.156759416669e-02       2.476341031531e+04 
       1.169603578339e-02       2.484349105061e+04 
       1.182451517231e-02       2.492227447624e+04 
       1.195303202469e-02       2.499755543240e+04 
       1.208158606644e-02       2.507028659794e+04 
       1.221017705681e-02       2.514026797742e+04 
       1.233880478731e-02       2.520792811821e+04 
       1.246746908058e-02       2.527303562561e+04 
       1.259616978942e-02       2.533543662692e+04 
       1.272490679583e-02       2.539407506725e+04 
       1.285368001017e-02       2.545289551307e+04 
       1.298248937038e-02       2.550801207707e+04 
       1.311133484117e-02       2.556066992284e+04 
       1.324021641342e-02       2.560982402475e+04 
       1.336913410352e-02       2.565781450936e+04 
       1.349808795276e-02       2.570498032250e+04 
       1.362707802683e-02       2.574830663289e+04 
       1.375610441532e-02       2.578827753738e+04 
       1.388516723129e-02       2.582716965363e+04 
       1.401426661081e-02       2.586416074726e+04 
       1.414340271265e-02       2.589928291965e+04 
       1.427257571792e-02       2.593238251587e+04 
       1.440178582977e-02       2.596286590946e+04 
       1.453103327311e-02       2.599090409709e+04 
       1.466031829438e-02       2.601736763441e+04 
       1.478964116137e-02       2.604076339084e+04 
       1.491900216301e-02       2.606370590453e+04 
       1.504840160920e-02       2.608402654236e+04 
       1.517783983073e-02       2.610223128999e+04 
       1.530731717916e-02       2.611830366267e+04 
       1.543683402673e-02       2.613303637759e+04 
       1.556639076630e-02       2.614574128834e+04 
       1.569598781137e-02       2.615619975382e+04 
       1.582562559600e-02       2.616523788185e+04 
       1.595530457487e-02       2.617229320170e+04 
       1.608502522327e-02       2.617804142522e+04 
       1.621478803722e-02       2.618169840663e+04 
       1.634459353345e-02       2.618251405624e+04 
       1.647444224958e-02       2.618345108702e+04 
       1.660433474414e-02       2.618203897906e+04 
       1.673427159678e-02       2.617880376722e+04 
       1.686425340835e-02       2.617331826190e+04 
       1.699428080111e-02       2.616787881091e+04 
       1.712435441886e-02       2.615873170820e+04 
       1.725447492718e-02       2.614924228356e+04 
       1.738464301363e-02       2.613937957126e+04 
       1.751485938798e-02       2.612583020208e+04 
       1.764512478243e-02       2.611265524198e+04 
       1.777543995193e-02       2.609602130954e+04 
       1.790580567440e-02       2.607943360004e+04 
       1.803622275109e-02       2.606139819094e+04 
       1.816669200684e-02       2.604118456069e+04 
       1.829721429042e-02       2.601956040578e+04 
       1.842779047491e-02       2.599743065295e+04 
       1.855842145803e-02       2.597397004312e+04 
       1.868910816253e-02       2.594886417850e+04 
       1.881985153660e-02       2.592214611249e+04 
       1.895065255427e-02       2.589419710539e+04 
       1.908151221584e-02       2.586525744625e+04 
       1.921243154835e-02       2.583467279419e+04 
       1.934341160602e-02       2.580310927768e+04 
       1.947445347077e-02       2.577064963994e+04 
       1.960555825268e-02       2.573605153963e+04 
       1.973672709056e-02       2.570181359036e+04 
       1.986796115246e-02       2.566506943485e+04 
       1.999926163623e-02       2.562759181934e+04 
       2.013062977012e-02       2.558922068589e+04 
       2.026206681336e-02       2.554973683066e+04 
       2.039357405681e-02       2.550890519474e+04 
       2.052515282356e-02       2.546799498760e+04 
       2.065680446963e-02       2.542513731860e+04 
       2.078853038464e-02       2.538116177076e+04 
       2.092033199250e-02       2.533628968148e+04 
       2.105221075219e-02       2.529071238695e+04 
       2.118416815845e-02       2.524483205993e+04 
       2.131620574262e-02       2.519718769641e+04 
       2.144832507339e-02       2.514817974438e+04 
       2.158052775766e-02       2.509922440998e+04 
       2.171281544139e-02       2.504866382108e+04 
       2.184518981047e-02       2.499750262101e+04 
       2.197765259164e-02       2.494613353598e+04 
       2.211020555343e-02       2.489283439475e+04 
       2.224285050711e-02       2.483925873328e+04 
       2.237558930770e-02       2.478486835365e+04 
       2.250842385501e-02       2.472964884140e+04 
       2.264135609466e-02       2.467370915151e+04 
       2.277438801924e-02       2.461695893945e+04 
       2.290752166936e-02       2.455960141048e+04 
       2.304075913487e-02       2.450192503536e+04 
       2.317410255604e-02       2.444252651637e+04 
       2.330755412480e-02       2.438304878988e+04 
       2.344111608601e-02       2.432282585275e+04 
       2.357479073879e-02       2.426240623886e+04 
       2.370858043787e-02       2.420039663662e+04 
       2.384248759499e-02       2.413822532445e+04 
       2.397651468034e-02       2.407588342296e+04 
       2.411066422407e-02       2.401206433171e+04 
       2.424493881783e-02       2.394812826735e+04 
       2.437934111633e-02       2.388362775522e+04 
       2.451387383901e-02       2.381872793608e+04 
       2.464853977174e-02       2.375322125294e+04 
       2.478334176854e-02       2.368662666502e+04 
       2.491828275342e-02       2.362043112908e+04 
       2.505336572221e-02       2.355279141001e+04 
       2.518859374453e-02       2.348520662152e+04 
       2.532396996575e-02       2.341730870741e+04 
       2.545949760907e-02       2.334840386838e+04 
       2.559517997761e-02       2.327931871979e+04 
       2.573102045669e-02       2.321003041356e+04 
       2.586702251600e-02       2.314012095953e+04 
       2.600318971206e-02       2.306972558254e+04 
       2.613952569055e-02       2.299874092896e+04 
       2.627603418892e-02       2.292773514707e+04 
       2.641271903892e-02       2.285620160746e+04 
       2.654958416936e-02       2.278441695477e+04 
       2.668663360886e-02       2.271185797179e+04 
       2.682387148875e-02       2.263948721259e+04 
       2.696130204606e-02       2.256655507727e+04 
       2.709892962664e-02       2.249326601157e+04 
       2.723675868836e-02       2.241961843197e+04 
       2.737479380444e-02       2.234586306054e+04 
       2.751303966691e-02       2.227168558453e+04 
       2.765150109016e-02       2.219733476899e+04 
       2.779018301472e-02       2.212259051994e+04 
       2.792909051104e-02       2.204745173276e+04 
       2.806822878352e-02       2.197218290018e+04 
       2.820760317466e-02       2.189686905489e+04 
       2.834721916939e-02       2.182104921781e+04 
       2.848708239949e-02       2.174508546261e+04 
       2.862719864828e-02       2.166898034223e+04 
       2.876757385545e-02       2.159265767716e+04 
       2.890821412206e-02       2.151613662970e+04 
       2.904912571580e-02       2.143944661668e+04 
       2.919031507636e-02       2.136260742915e+04 
       2.933178882113e-02       2.128573055665e+04 
       2.947355375108e-02       2.120830115372e+04 
       2.961561685685e-02       2.113099408530e+04 
       2.975798532515e-02       2.105343044829e+04 
       2.990066654541e-02       2.097594087708e+04 
       3.004366811665e-02       2.089807894867e+04 
       3.018699785478e-02       2.082020139266e+04 
       3.033066380005e-02       2.074227555610e+04 
       3.047467422493e-02       2.066410679863e+04 
       3.061903764232e-02       2.058614260558e+04 
       3.076376281406e-02       2.050767645045e+04 
       3.090885875989e-02       2.042928284985e+04 
       3.105433476679e-02       2.035085367388e+04 
       3.120020039870e-02       2.027234456849e+04 
       3.134646550675e-02       2.019388778619e+04 
       3.149314023990e-02       2.011530923950e+04 
       3.164023505612e-02       2.003663539114e+04 
       3.178776073406e-02       1.995775881376e+04 
       3.193572838529e-02       1.987900506273e+04 
       3.208414946714e-02       1.980026663736e+04 
       3.223303579609e-02       1.972131342572e+04 
       3.238239956191e-02       1.964259687578e+04 
       3.253225334243e-02       1.956367850962e+04 
       3.268261011904e-02       1.948463068195e+04 
       3.283348329301e-02       1.940589166962e+04 
       3.298488670259e-02       1.932693986470e+04 
       3.313683464103e-02       1.924794995620e+04 
       3.328934187547e-02       1.916898036713e+04 
       3.344242366689e-02       1.909019479946e+04 
       3.359609579103e-02       1.901121182345e+04 
       3.375037456053e-02       1.893222874670e+04 
       3.390527684814e-02       1.885357107438e+04 
       3.406082011128e-02       1.877453793708e+04 
       3.421702241794e-02       1.869577277609e+04 
       3.437390247395e-02       1.861703969182e+04 
       3.453147965192e-02       1.853820485596e+04 
       3.468977402169e-02       1.845950794416e+04 
       3.484880638259e-02       1.838077637177e+04 
       3.500859829758e-02       1.830210651665e+04 
       3.516917212940e-02       1.822348549042e+04 
       3.533055107886e-02       1.814491752107e+04 
       3.549275922540e-02       1.806643521121e+04 
       3.565582157023e-02       1.798784016827e+04 
       3.581976408199e-02       1.790942260461e+04 
       3.598461374536e-02       1.783101305986e+04 
       3.615039861271e-02       1.775265904329e+04 
       3.631714785906e-02       1.767443270589e+04 
       3.648489184058e-02       1.759604969867e+04 
       3.665366215692e-02       1.751799425437e+04 
       3.682349171774e-02       1.743974830296e+04 
       3.699441481367e-02       1.736166139885e+04 
       3.716646719210e-02       1.728379972091e+04 
       3.733968613823e-02       1.720568038647e+04 
       3.751411056177e-02       1.712770474382e+04 
       3.768978108986e-02       1.704984690930e+04 
       3.786674016657e-02       1.697191877682e+04 
       3.804503215979e-02       1.689409993710e+04 
       3.822470347586e-02       1.681639998015e+04 
       3.840580268302e-02       1.673863429568e+04 
       3.858838064404e-02       1.666087864310e+04 
       3.877249065931e-02       1.658328145056e+04 
       3.895818862096e-02       1.650560406908e+04 
       3.914553317941e-02       1.642802496205e+04 
       3.933458592328e-02       1.635043258221e+04 
       3.952541157417e-02       1.627291317231e+04 
       3.971807819759e-02       1.619535470512e+04 
       3.991265743180e-02       1.611786566863e+04 
       4.010922473646e-02       1.604037735616e+04 
       4.030785966288e-02       1.596290551321e+04 
       4.050864614847e-02       1.588533016634e+04 
       4.071167283779e-02       1.580781759519e+04 
       4.091703343322e-02       1.573034414362e+04 
       4.112482707841e-02       1.565280606169e+04 
       4.133515877846e-02       1.557520791439e+04 
       4.154813986079e-02       1.549759249718e+04 
       4.176388848168e-02       1.541984720184e+04 
       4.198253018382e-02       1.534212670888e+04 
       4.220419851120e-02       1.526441334385e+04 
       4.242903568833e-02       1.518651874299e+04 
       4.265719337197e-02       1.510864317556e+04 
       4.288883348483e-02       1.503054255556e+04 
       4.312412914181e-02       1.495246086843e+04 
       4.336326568147e-02       1.487397850641e+04 
       4.360644181685e-02       1.479566883748e+04 
       4.385387092265e-02       1.471704074590e+04 
       4.410578247799e-02       1.463825499453e+04 
       4.436242368764e-02       1.455931376750e+04 
       4.462406130828e-02       1.448013935269e+04 
       4.489098371107e-02       1.440079996274e+04 
       4.516350321751e-02       1.432119745814e+04 
       4.544195875207e-02       1.424117692430e+04 
       4.572671886360e-02       1.416090585829e+04 
       4.601818517708e-02       1.408038952721e+04 
       4.631679634960e-02       1.399941954767e+04 
       4.662303261929e-02       1.391822606818e+04 
       4.693742105388e-02       1.383643513916e+04 
       4.726054162823e-02       1.375418340962e+04 
       4.759303428806e-02       1.367163055859e+04 
       4.793560719149e-02       1.358808347948e+04 
       4.828904636352e-02       1.350428739590e+04 
       4.865422705274e-02       1.341958058725e+04 
       4.903212714816e-02       1.333437998651e+04 
       4.942384310017e-02       1.324821866832e+04 
       4.983060889991e-02       1.316068106760e+04 
       5.025381881014e-02       1.307256946002e+04 
       5.069505471927e-02       1.298375857054e+04 
       5.115611921608e-02       1.289296817474e+04 
       5.163907577182e-02       1.280110544162e+04 
       5.214629778177e-02       1.270825679679e+04 
       5.268052867832e-02       1.261311602534e+04 
       5.324495589638e-02       1.251575728450e+04 
       5.384330215613e-02       1.241674381799e+04 
       5.447993831049e-02       1.231439317647e+04 
       5.516002281028e-02       1.221008728187e+04 
       5.588967347556e-02       1.210112003181e+04 
       5.667617728526e-02       1.198858775382e+04 
       5.752824238763e-02       1.187101040492e+04 
       5.845629166292e-02       1.174710237799e+04 
       5.947278550584e-02       1.161548843777e+04 
       6.059253702404e-02       1.147462445187e+04 
       6.183293616966e-02       1.132128459827e+04 
       6.321391895944e-02       1.115205521126e+04 
       6.475739931141e-02       1.096327543596e+04 
       6.648575417647e-02       1.074779991130e+04 
       6.841893751845e-02       1.050045495836e+04 
       7.057014991713e-02       1.021250926505e+04 
       7.294096001121e-02       9.879089186132e+03 
       7.551806995251e-02       9.497325255597e+03 
       7.827420133877e-02       9.071436698386e+03 
       8.117356133227e-02       8.611464591038e+03 
       8.417927801560e-02       8.133384444723e+03 
       8.725923920168e-02       7.656193993486e+03 
       9.038865675803e-02       7.198114969079e+03 
       9.354994726217e-02       6.774504343598e+03 
       9.673132963228e-02       6.396343068073e+03 
       9.992519888887e-02       6.069562535051e+03 
       1.031267606933e-01       5.795405577153e+03 
       1.063330369207e-01       5.570502112023e+03 
       1.095421943607e-01       5.389141801440e+03 
       1.127531107498e-01       5.242953018617e+03 
       1.159651012776e-01       5.122416282911e+03 
       1.191777488189e-01       5.017697778662e+03 
       1.223907995083e-01       4.919183900961e+03 
       1.256040988568e-01       4.818776351661e+03 
       1.288175528007e-01       4.710114143216e+03 
       1.320311039975e-01       4.589463777163e+03 
       1.352447174182e-01       4.455580688990e+03 
       1.384583715953e-01       4.309393142156e+03 
       1.416720533079e-01       4.154201081429e+03 
       1.448857543556e-01       3.994148544515e+03 
       1.480994695979e-01       3.834762370128e+03 
       1.513131957646e-01       3.680822465789e+03 
       1.545269307318e-01       3.536575521347e+03 
       1.577406730825e-01       3.405349358563e+03 
       1.609544218378e-01       3.289259457701e+03 
       1.641681762942e-01       3.188987399435e+03 
       1.673819359230e-01       3.104125217999e+03 
       1.705957003091e-01       3.033179165198e+03 
       1.738094691134e-01       2.973950245691e+03 
       1.770232420486e-01       2.923633129619e+03 
       1.802370188648e-01       2.879290285055e+03 
       1.834507993398e-01       2.838123612940e+03 
       1.866645832730e-01       2.797690429909e+03 
       1.898783704814e-01       2.755339704776e+03 
       1.930921607962e-01       2.709277642409e+03 
       1.963059540616e-01       2.658704933650e+03 
       1.995197501323e-01       2.603584987403e+03 
       2.027335488731e-01       2.544636662235e+03 
       2.059473501575e-01       2.482956655704e+03 
       2.091611538671e-01       2.420336921372e+03 
       2.123749598908e-01       2.358251133007e+03 
       2.155887681241e-01       2.298252485929e+03 
       2.188025784691e-01       2.241540389157e+03 
       2.220163908332e-01       2.189020254297e+03 
       2.252302051293e-01       2.141244707222e+03 
       2.284440212754e-01       2.098382357077e+03 
       2.316578391940e-01       2.060383537652e+03 
       2.348716588117e-01       2.026779697627e+03 
       2.380854800593e-01       1.997036214895e+03 
       2.412993028713e-01       1.970295231837e+03 
       2.445131271855e-01       1.945605590032e+03 
       2.477269529431e-01       1.922039818614e+03 
       2.509407800884e-01       1.898755736612e+03 
       2.541546085682e-01       1.875059850971e+03 
       2.573684383324e-01       1.850509779451e+03 
       2.605822693330e-01       1.824868413215e+03 
       2.637961015247e-01       1.798091400438e+03 
       2.670099348642e-01       1.770326839318e+03 
       2.702237693103e-01       1.741842442671e+03 
       2.734376048237e-01       1.713035629155e+03 
       2.766514413671e-01       1.684382844692e+03 
       2.798652789047e-01       1.656338562359e+03 
       2.830791174024e-01       1.629353645088e+03 
       2.862929568279e-01       1.603787630183e+03 
       2.895067971499e-01       1.579833746478e+03 
       2.927206383389e-01       1.557600929004e+03 
       2.959344803664e-01       1.537057253449e+03 
       2.991483232052e-01       1.518047456722e+03 
       3.023621668294e-01       1.500362249475e+03 
       3.055760112140e-01       1.483765386238e+03 
       3.087898563352e-01       1.467997982912e+03 
       3.120037021700e-01       1.452747025161e+03 
       3.152175486966e-01       1.437824860286e+03 
       3.184313958939e-01       1.423033896166e+03 
       3.216452437417e-01       1.408136516610e+03 
       3.248590922206e-01       1.393054407917e+03 
       3.280729413120e-01       1.377750452608e+03 
       3.312867909978e-01       1.362241743501e+03 
       3.345006412611e-01       1.346636793734e+03 
       3.377144920850e-01       1.331057389385e+03 
       3.409283434538e-01       1.315632379300e+03 
       3.441421953521e-01       1.300479082714e+03 
       3.473560477652e-01       1.285715533736e+03 
       3.505699006787e-01       1.271426666952e+03 
       3.537837540791e-01       1.257678033986e+03 
       3.569976079530e-01       1.244513445541e+03 
       3.602114622879e-01       1.231950895207e+03 
       3.634253170713e-01       1.219978053771e+03 
       3.666391722915e-01       1.208536962403e+03 
       3.698530279369e-01       1.197556238132e+03 
       3.730668839967e-01       1.186951785354e+03 
       3.762807404600e-01       1.176618763649e+03 
       3.794945973167e-01       1.166487238128e+03 
       3.827084545567e-01       1.156488374165e+03 
       3.859223121705e-01       1.146581110803e+03 
       3.891361701487e-01       1.136737009584e+03 
       3.923500284823e-01       1.126944233998e+03 
       3.955638871628e-01       1.117196864278e+03 
       3.987777461815e-01       1.107506643300e+03 
       4.019916055305e-01       1.097887312002e+03 
       4.052054652017e-01       1.088370129415e+03 
       4.084193251876e-01       1.078990050645e+03 
       4.116331854808e-01       1.069777690646e+03 
       4.148470460741e-01       1.060771092666e+03 
       4.180609069605e-01       1.051986817378e+03 
       4.212747681333e-01       1.043435878606e+03 
       4.244886295860e-01       1.035112721119e+03 
       4.277024913123e-01       1.027012757610e+03 
       4.309163533060e-01       1.019120396034e+03 
       4.341302155611e-01       1.011434148688e+03 
       4.373440780719e-01       1.003922609149e+03 
       4.405579408327e-01       9.965825407008e+02 
       4.437718038381e-01       9.893943937600e+02 
       4.469856670829e-01       9.823323676808e+02 
       4.501995305617e-01       9.753718043137e+02 
       4.534133942698e-01       9.684993769584e+02 
       4.566272582021e-01       9.616953559287e+02 
       4.598411223541e-01       9.549591552421e+02 
       4.630549867210e-01       9.482993057405e+02 
       4.662688512984e-01       9.417008373434e+02 
       4.694827160821e-01       9.351841319523e+02 
       4.726965810677e-01       9.287504423457e+02 
       4.759104462513e-01       9.224031085315e+02 
       4.791243116286e-01       9.161470767135e+02 
       4.823381771960e-01       9.099905540645e+02 
       4.855520429496e-01       9.039395696387e+02 
       4.887659088857e-01       8.980025151484e+02 
       4.919797750007e-01       8.921812728995e+02 
       4.951936412912e-01       8.864759907020e+02 
       4.984075077536e-01       8.808794135746e+02 
       5.016213743848e-01       8.753838692481e+02 
       5.048352411815e-01       8.699787127446e+02 
       5.080491081405e-01       8.646566844565e+02 
       5.112629752588e-01       8.594110046833e+02 
       5.144768425333e-01       8.542363788713e+02 
       5.176907099612e-01       8.491296366313e+02 
       5.209045775396e-01       8.440859237699e+02 
       5.241184452657e-01       8.391003041279e+02 
       5.273323131368e-01       8.341689638712e+02 
       5.305461811503e-01       8.292899742639e+02 
       5.337600493036e-01       8.244640000345e+02 
       5.369739175941e-01       8.196937757255e+02 
       5.401877860195e-01       8.149831567276e+02 
       5.434016545773e-01       8.103350990940e+02 
       5.466155232651e-01       8.057510901089e+02 
       5.498293920807e-01       8.012293546367e+02 
       5.530432610219e-01       7.967696377237e+02 
       5.562571300865e-01       7.923694659242e+02 
       5.594709992723e-01       7.880278608456e+02 
       5.626848685772e-01       7.837451290079e+02 
       5.658987379993e-01       7.795201227122e+02 
       5.691126075365e-01       7.753522166608e+02 
       5.723264771869e-01       7.712393961468e+02 
       5.755403469485e-01       7.671781501679e+02 
       5.787542168196e-01       7.631648466875e+02 
       5.819680867983e-01       7.591964737440e+02 
       5.851819568828e-01       7.552753762265e+02 
       5.883958270714e-01       7.513927138187e+02 
       5.916096973624e-01       7.475527934362e+02 
       5.948235677541e-01       7.437555111381e+02 
       5.980374382449e-01       7.399998253669e+02 
       6.012513088332e-01       7.362844317956e+02 
       6.044651795175e-01       7.326076777612e+02 
       6.076790502961e-01       7.289687810006e+02 
       6.108929211677e-01       7.253675894953e+02 
       6.141067921308e-01       7.218016094297e+02 
       6.173206631839e-01       7.182790880451e+02 
       6.205345343256e-01       7.147966897216e+02 
       6.237484055545e-01       7.113538818494e+02 
       6.269622768694e-01       7.079494332642e+02 
       6.301761482688e-01       7.045812112981e+02 
       6.333900197516e-01       7.012483139513e+02 
       6.366038913164e-01       6.979497533041e+02 
       6.398177629619e-01       6.946852396309e+02 
       6.430316346871e-01       6.914546478401e+02 
       6.462455064906e-01       6.882579060738e+02 
       6.494593783714e-01       6.850936794278e+02 
       6.526732503282e-01       6.819605453156e+02 
       6.558871223600e-01       6.788573661953e+02 
       6.591009944657e-01       6.757822396082e+02 
       6.623148666442e-01       6.727352004090e+02 
       6.655287388943e-01       6.697166449206e+02 
       6.687426112152e-01       6.667267699463e+02 
       6.719564836057e-01       6.637657456864e+02 
       6.751703560649e-01       6.608326492848e+02 
       6.783842285918e-01       6.579273510087e+02 
       6.815981011854e-01       6.550484022743e+02 
       6.848119738448e-01       6.521952145100e+02 
       6.880258465691e-01       6.493675599791e+02 
       6.912397193574e-01       6.465657097161e+02 
       6.944535922087e-01       6.437899038631e+02 
       6.976674651222e-01       6.410399654657e+02 
       7.008813380971e-01       6.383153514981e+02 
       7.040952111324e-01       6.356153405621e+02 
       7.073090842275e-01       6.329383150135e+02 
       7.105229573814e-01       6.302838886712e+02 
       7.137368305933e-01       6.276517946584e+02 
       7.169507038626e-01       6.250420463576e+02 
       7.201645771883e-01       6.224547897671e+02 
       7.233784505698e-01       6.198898704327e+02 
       7.265923240064e-01       6.173467015764e+02 
       7.298061974972e-01       6.148245396742e+02 
       7.330200710416e-01       6.123226562594e+02 
       7.362339446388e-01       6.098404974639e+02 
       7.394478182883e-01       6.073780368307e+02 
       7.426616919892e-01       6.049354148240e+02 
       7.458755657410e-01       6.025128130908e+02 
       7.490894395429e-01       6.001101549664e+02 
       7.523033133944e-01       5.977270183143e+02 
       7.555171872948e-01       5.953627360588e+02 
       8.259205627815e-01       5.477808737710e+02 
       9.280150980228e-01       4.901881080893e+02 
       1.090552453521e+00       4.174927356457e+02 
       1.346943533441e+00       3.324808873818e+02 
       1.693655695988e+00       2.519347751356e+02 
       2.132152443295e+00       1.836094516644e+02 
       2.684220786091e+00       1.287911607000e+02 
       3.379233758430e+00       8.726476219820e+01 
       4.254203250880e+00       5.742266464598e+01 
       5.355724579470e+00       3.689899159197e+01 
       6.742457771666e+00       2.327097826548e+01 
       8.488251426699e+00       1.446570667779e+01 
