# Matter power spectrum P(k) at redshift z=0.5
# for k=1.045e-05 to 8.48825 h/Mpc,
# number of wavenumbers equal to 612
#    1:k (h/Mpc)              2:P (Mpc/h)^3        
       1.045004358465e-05       3.107074180030e+01 
       2.333095830364e-05       6.727779871893e+01 
       3.625717138197e-05       1.028088534972e+02 
       4.926346170446e-05       1.380631608231e+02 
       6.238518340034e-05       1.732654253236e+02 
       7.565858108432e-05       2.085825494367e+02 
       8.912111517766e-05       2.441562872128e+02 
       1.028118016360e-04       2.801165835331e+02 
       1.167715704439e-04       3.165883697034e+02 
       1.310436472695e-04       3.536956625922e+02 
       1.456739626796e-04       3.915643804993e+02 
       1.607115932535e-04       4.303245201765e+02 
       1.762092387588e-04       4.701119999529e+02 
       1.922237391794e-04       5.110703302371e+02 
       2.088166347275e-04       5.533522060418e+02 
       2.260547708937e-04       5.971210765039e+02 
       2.440109489228e-04       6.425527122694e+02 
       2.627646196243e-04       6.898367787443e+02 
       2.824026148746e-04       7.391784142970e+02 
       3.030199061975e-04       7.907997752031e+02 
       3.247203730558e-04       8.449415065845e+02 
       3.476175545344e-04       9.018640642866e+02 
       3.718353465748e-04       9.618487848693e+02 
       3.975085925723e-04       1.025198567456e+03 
       4.247834979996e-04       1.092237985939e+03 
       4.538177802962e-04       1.163312614417e+03 
       4.847804449377e-04       1.238787303839e+03 
       5.178510599038e-04       1.319043102590e+03 
       5.532183878397e-04       1.404472537169e+03 
       5.910782339040e-04       1.495472928442e+03 
       6.316303850249e-04       1.592437570779e+03 
       6.750745609842e-04       1.695744655684e+03 
       7.216053758473e-04       1.805744107468e+03 
       7.714064215132e-04       1.922742753376e+03 
       8.246437268604e-04       2.046988623961e+03 
       8.814589978991e-04       2.178655443157e+03 
       9.419631766204e-04       2.317828736890e+03 
       1.006230932013e-03       2.464495020484e+03 
       1.074296682416e-03       2.618535359071e+03 
       1.146152626855e-03       2.779724344659e+03 
       1.221749044348e-03       2.947734806413e+03 
       1.300996843579e-03       3.122148020383e+03 
       1.383772069420e-03       3.302459829844e+03 
       1.469921856686e-03       3.488107091280e+03 
       1.559271205766e-03       3.678510550150e+03 
       1.651629950110e-03       3.873054861182e+03 
       1.746799373907e-03       4.071121143536e+03 
       1.844578083652e-03       4.272101673716e+03 
       1.944766900247e-03       4.475411410886e+03 
       2.047172686846e-03       4.680496306531e+03 
       2.151611143041e-03       4.886839075987e+03 
       2.257908672078e-03       5.093962393558e+03 
       2.365903467808e-03       5.301430920549e+03 
       2.475445979787e-03       5.508849893703e+03 
       2.586398907712e-03       5.715865572837e+03 
       2.698636858273e-03       5.922162015663e+03 
       2.812045774843e-03       6.127460313912e+03 
       2.926522227346e-03       6.331511693025e+03 
       3.041972628545e-03       6.534100253089e+03 
       3.158312425015e-03       6.735035706585e+03 
       3.275465296538e-03       6.934153234865e+03 
       3.393362386273e-03       7.131308976128e+03 
       3.511941575581e-03       7.326380080843e+03 
       3.631146811106e-03       7.519259473411e+03 
       3.750927487358e-03       7.709856500078e+03 
       3.871237885001e-03       7.898093317293e+03 
       3.992036663108e-03       8.083904589694e+03 
       4.113286402413e-03       8.267236557693e+03 
       4.234953195938e-03       8.448041675717e+03 
       4.357006283050e-03       8.626284460419e+03 
       4.479417722957e-03       8.801934729558e+03 
       4.602162103782e-03       8.974970262652e+03 
       4.725216283514e-03       9.145372910699e+03 
       4.848559159457e-03       9.313131146398e+03 
       4.972171463028e-03       9.478236869476e+03 
       5.096035577095e-03       9.640687815144e+03 
       5.220135373297e-03       9.800485691993e+03 
       5.344456067073e-03       9.957632410220e+03 
       5.468984088379e-03       1.011217885193e+04 
       5.593706966285e-03       1.026410471081e+04 
       5.718613225869e-03       1.041332211311e+04 
       5.843692296004e-03       1.055982605565e+04 
       5.968934426788e-03       1.070377718012e+04 
       6.094330615523e-03       1.084515804407e+04 
       6.219872540296e-03       1.098400232246e+04 
       6.345552500285e-03       1.112030390573e+04 
       6.471363362067e-03       1.125411158820e+04 
       6.597298511245e-03       1.138537981571e+04 
       6.723351808830e-03       1.151415698094e+04 
       6.849517551848e-03       1.164048084552e+04 
       6.975790437733e-03       1.176439079546e+04 
       7.102165532088e-03       1.188586477975e+04 
       7.228638239473e-03       1.200534282551e+04 
       7.355204276895e-03       1.212210236435e+04 
       7.481859649730e-03       1.223613790899e+04 
       7.608600629819e-03       1.234814294380e+04 
       7.735423735528e-03       1.245839464053e+04 
       7.862325713566e-03       1.256584400381e+04 
       7.989303522403e-03       1.267108881745e+04 
       8.116354317107e-03       1.277409518425e+04 
       8.243475435493e-03       1.287486352225e+04 
       8.370664385430e-03       1.297344366276e+04 
       8.497918833217e-03       1.307001009145e+04 
       8.625236592919e-03       1.316428588717e+04 
       8.752615616576e-03       1.325644108177e+04 
       8.880053985201e-03       1.334649617097e+04 
       9.007549900508e-03       1.343449019660e+04 
       9.135101677287e-03       1.352020323052e+04 
       9.262707736385e-03       1.360415587432e+04 
       9.390366598231e-03       1.368623528205e+04 
       9.518076876860e-03       1.376589729485e+04 
       9.645837274391e-03       1.384414594206e+04 
       9.773646575931e-03       1.391958524471e+04 
       9.901503644852e-03       1.399429583245e+04 
       1.002940741843e-02       1.406625356343e+04 
       1.015735690378e-02       1.413666775324e+04 
       1.028535117414e-02       1.420536404322e+04 
       1.041338936539e-02       1.427181447554e+04 
       1.054147067279e-02       1.433689444914e+04 
       1.066959434803e-02       1.439998133013e+04 
       1.079775969644e-02       1.446128054250e+04 
       1.092596607441e-02       1.452084442559e+04 
       1.105421288699e-02       1.457831863674e+04 
       1.118249958563e-02       1.463420240297e+04 
       1.131082566619e-02       1.468865382602e+04 
       1.143919066690e-02       1.474141363773e+04 
       1.156759416669e-02       1.479314175389e+04 
       1.169603578339e-02       1.484225739062e+04 
       1.182451517231e-02       1.489057024891e+04 
       1.195303202469e-02       1.493686599861e+04 
       1.208158606644e-02       1.498156903030e+04 
       1.221017705681e-02       1.502474608737e+04 
       1.233880478731e-02       1.506639154053e+04 
       1.246746908058e-02       1.510654320813e+04 
       1.259616978942e-02       1.514517106968e+04 
       1.272490679583e-02       1.518191275619e+04 
       1.285368001017e-02       1.521799772779e+04 
       1.298248937038e-02       1.525223551458e+04 
       1.311133484117e-02       1.528503660810e+04 
       1.324021641342e-02       1.531596572069e+04 
       1.336913410352e-02       1.534603217079e+04 
       1.349808795276e-02       1.537511829505e+04 
       1.362707802683e-02       1.540236608630e+04 
       1.375610441532e-02       1.542776936077e+04 
       1.388516723129e-02       1.545243174458e+04 
       1.401426661081e-02       1.547591668359e+04 
       1.414340271265e-02       1.549792812509e+04 
       1.427257571792e-02       1.551895542006e+04 
       1.440178582977e-02       1.553843543959e+04 
       1.453103327311e-02       1.555661332743e+04 
       1.466031829438e-02       1.557363528726e+04 
       1.478964116137e-02       1.558907109304e+04 
       1.491900216301e-02       1.560397217030e+04 
       1.504840160920e-02       1.561737720423e+04 
       1.517783983073e-02       1.562961536889e+04 
       1.530731717916e-02       1.564064710316e+04 
       1.543683402673e-02       1.565063163806e+04 
       1.556639076630e-02       1.565944614762e+04 
       1.569598781137e-02       1.566711504406e+04 
       1.582562559600e-02       1.567379355867e+04 
       1.595530457487e-02       1.567929409084e+04 
       1.608502522327e-02       1.568378245971e+04 
       1.621478803722e-02       1.568722045691e+04 
       1.634459353345e-02       1.568917110461e+04 
       1.647444224958e-02       1.569093232119e+04 
       1.660433474414e-02       1.569131657776e+04 
       1.673427159678e-02       1.569069536568e+04 
       1.686425340835e-02       1.568868194491e+04 
       1.699428080111e-02       1.568645439160e+04 
       1.712435441886e-02       1.568258848656e+04 
       1.725447492718e-02       1.567813110527e+04 
       1.738464301363e-02       1.567309747268e+04 
       1.751485938798e-02       1.566645716045e+04 
       1.764512478243e-02       1.565952752952e+04 
       1.777543995193e-02       1.565101131075e+04 
       1.790580567440e-02       1.564199904841e+04 
       1.803622275109e-02       1.563266048035e+04 
       1.816669200684e-02       1.562148464398e+04 
       1.829721429042e-02       1.561009424475e+04 
       1.842779047491e-02       1.559764376918e+04 
       1.855842145803e-02       1.558492266959e+04 
       1.868910816253e-02       1.557104238939e+04 
       1.881985153660e-02       1.555627943417e+04 
       1.895065255427e-02       1.554075155061e+04 
       1.908151221584e-02       1.552447221212e+04 
       1.921243154835e-02       1.550722236558e+04 
       1.934341160602e-02       1.548936192667e+04 
       1.947445347077e-02       1.547118999521e+04 
       1.960555825268e-02       1.545164332311e+04 
       1.973672709056e-02       1.543214503829e+04 
       1.986796115246e-02       1.541110511577e+04 
       1.999926163623e-02       1.538977339582e+04 
       2.013062977012e-02       1.536789607770e+04 
       2.026206681336e-02       1.534534978293e+04 
       2.039357405681e-02       1.532208890112e+04 
       2.052515282356e-02       1.529844006860e+04 
       2.065680446963e-02       1.527389415628e+04 
       2.078853038464e-02       1.524859124436e+04 
       2.092033199250e-02       1.522288134755e+04 
       2.105221075219e-02       1.519662418146e+04 
       2.118416815845e-02       1.517004270715e+04 
       2.131620574262e-02       1.514255931710e+04 
       2.144832507339e-02       1.511420468339e+04 
       2.158052775766e-02       1.508572797088e+04 
       2.171281544139e-02       1.505656278478e+04 
       2.184518981047e-02       1.502687323754e+04 
       2.197765259164e-02       1.499704376886e+04 
       2.211020555343e-02       1.496606507165e+04 
       2.224285050711e-02       1.493491428238e+04 
       2.237558930770e-02       1.490325754285e+04 
       2.250842385501e-02       1.487099429469e+04 
       2.264135609466e-02       1.483842184975e+04 
       2.277438801924e-02       1.480536795428e+04 
       2.290752166936e-02       1.477189904109e+04 
       2.304075913487e-02       1.473821608253e+04 
       2.317410255604e-02       1.470347650725e+04 
       2.330755412480e-02       1.466867330068e+04 
       2.344111608601e-02       1.463341846943e+04 
       2.357479073879e-02       1.459810498436e+04 
       2.370858043787e-02       1.456172551510e+04 
       2.384248759499e-02       1.452535873391e+04 
       2.397651468034e-02       1.448880671942e+04 
       2.411066422407e-02       1.445136987649e+04 
       2.424493881783e-02       1.441373590882e+04 
       2.437934111633e-02       1.437586586069e+04 
       2.451387383901e-02       1.433790728007e+04 
       2.464853977174e-02       1.429932293244e+04 
       2.478334176854e-02       1.426014486325e+04 
       2.491828275342e-02       1.422121481143e+04 
       2.505336572221e-02       1.418137224647e+04 
       2.518859374453e-02       1.414157533798e+04 
       2.532396996575e-02       1.410165662617e+04 
       2.545949760907e-02       1.406101972918e+04 
       2.559517997761e-02       1.402029009542e+04 
       2.573102045669e-02       1.397953523546e+04 
       2.586702251600e-02       1.393831845857e+04 
       2.600318971206e-02       1.389674183618e+04 
       2.613952569055e-02       1.385479093245e+04 
       2.627603418892e-02       1.381293392620e+04 
       2.641271903892e-02       1.377067145568e+04 
       2.654958416936e-02       1.372826847369e+04 
       2.668663360886e-02       1.368536197906e+04 
       2.682387148875e-02       1.364264343694e+04 
       2.696130204606e-02       1.359947042745e+04 
       2.709892962664e-02       1.355608850546e+04 
       2.723675868836e-02       1.351251574082e+04 
       2.737479380444e-02       1.346888780321e+04 
       2.751303966691e-02       1.342499102187e+04 
       2.765150109016e-02       1.338093208800e+04 
       2.779018301472e-02       1.333662935005e+04 
       2.792909051104e-02       1.329208543807e+04 
       2.806822878352e-02       1.324750479434e+04 
       2.820760317466e-02       1.320281077371e+04 
       2.834721916939e-02       1.315788434318e+04 
       2.848708239949e-02       1.311286747479e+04 
       2.862719864828e-02       1.306764417162e+04 
       2.876757385545e-02       1.302233886603e+04 
       2.890821412206e-02       1.297692722046e+04 
       2.904912571580e-02       1.293140586206e+04 
       2.919031507636e-02       1.288574295270e+04 
       2.933178882113e-02       1.284007742306e+04 
       2.947355375108e-02       1.279404485017e+04 
       2.961561685685e-02       1.274813323807e+04 
       2.975798532515e-02       1.270198751103e+04 
       2.990066654541e-02       1.265594968417e+04 
       3.004366811665e-02       1.260960302560e+04 
       3.018699785478e-02       1.256329635239e+04 
       3.033066380005e-02       1.251692477705e+04 
       3.047467422493e-02       1.247038260249e+04 
       3.061903764232e-02       1.242401543582e+04 
       3.076376281406e-02       1.237725020851e+04 
       3.090885875989e-02       1.233056772271e+04 
       3.105433476679e-02       1.228384326194e+04 
       3.120020039870e-02       1.223706707871e+04 
       3.134646550675e-02       1.219032227458e+04 
       3.149314023990e-02       1.214343424674e+04 
       3.164023505612e-02       1.209659404488e+04 
       3.178776073406e-02       1.204953623289e+04 
       3.193572838529e-02       1.200259995996e+04 
       3.208414946714e-02       1.195562581404e+04 
       3.223303579609e-02       1.190849351776e+04 
       3.238239956191e-02       1.186153910899e+04 
       3.253225334243e-02       1.181442511085e+04 
       3.268261011904e-02       1.176720941132e+04 
       3.283348329301e-02       1.172015636183e+04 
       3.298488670259e-02       1.167305043401e+04 
       3.313683464103e-02       1.162585987409e+04 
       3.328934187547e-02       1.157865427874e+04 
       3.344242366689e-02       1.153160806278e+04 
       3.359609579103e-02       1.148437603180e+04 
       3.375037456053e-02       1.143715616219e+04 
       3.390527684814e-02       1.139015352927e+04 
       3.406082011128e-02       1.134283869643e+04 
       3.421702241794e-02       1.129571832726e+04 
       3.437390247395e-02       1.124863321100e+04 
       3.453147965192e-02       1.120145150312e+04 
       3.468977402169e-02       1.115434913355e+04 
       3.484880638259e-02       1.110721669810e+04 
       3.500859829758e-02       1.106011928260e+04 
       3.516917212940e-02       1.101303474427e+04 
       3.533055107886e-02       1.096597533834e+04 
       3.549275922540e-02       1.091897732923e+04 
       3.565582157023e-02       1.087186660339e+04 
       3.581976408199e-02       1.082486869329e+04 
       3.598461374536e-02       1.077787424100e+04 
       3.615039861271e-02       1.073089777857e+04 
       3.631714785906e-02       1.068400552787e+04 
       3.648489184058e-02       1.063698311119e+04 
       3.665366215692e-02       1.059017891678e+04 
       3.682349171774e-02       1.054322035923e+04 
       3.699441481367e-02       1.049636623357e+04 
       3.716646719210e-02       1.044966202674e+04 
       3.733968613823e-02       1.040276372390e+04 
       3.751411056177e-02       1.035594797969e+04 
       3.768978108986e-02       1.030919564324e+04 
       3.786674016657e-02       1.026237191350e+04 
       3.804503215979e-02       1.021564388870e+04 
       3.822470347586e-02       1.016895585902e+04 
       3.840580268302e-02       1.012220214234e+04 
       3.858838064404e-02       1.007548450759e+04 
       3.877249065931e-02       1.002884202888e+04 
       3.895818862096e-02       9.982112615868e+03 
       3.914553317941e-02       9.935468534197e+03 
       3.933458592328e-02       9.888787738789e+03 
       3.952541157417e-02       9.842172075254e+03 
       3.971807819759e-02       9.795490197851e+03 
       3.991265743180e-02       9.748870815406e+03 
       4.010922473646e-02       9.702224356247e+03 
       4.030785966288e-02       9.655580595662e+03 
       4.050864614847e-02       9.608848860971e+03 
       4.071167283779e-02       9.562161963878e+03 
       4.091703343322e-02       9.515505082137e+03 
       4.112482707841e-02       9.468765026409e+03 
       4.133515877846e-02       9.422019247929e+03 
       4.154813986079e-02       9.375237358898e+03 
       4.176388848168e-02       9.328337883267e+03 
       4.198253018382e-02       9.281469532414e+03 
       4.220419851120e-02       9.234612330018e+03 
       4.242903568833e-02       9.187598631440e+03 
       4.265719337197e-02       9.140630772628e+03 
       4.288883348483e-02       9.093491928307e+03 
       4.312412914181e-02       9.046369030199e+03 
       4.336326568147e-02       8.998973876443e+03 
       4.360644181685e-02       8.951678587412e+03 
       4.385387092265e-02       8.904147356558e+03 
       4.410578247799e-02       8.856573324785e+03 
       4.436242368764e-02       8.808846137048e+03 
       4.462406130828e-02       8.760961049663e+03 
       4.489098371107e-02       8.712974102000e+03 
       4.516350321751e-02       8.664799817752e+03 
       4.544195875207e-02       8.616419788943e+03 
       4.572671886360e-02       8.567829921541e+03 
       4.601818517708e-02       8.519079356688e+03 
       4.631679634960e-02       8.470035817676e+03 
       4.662303261929e-02       8.420856482533e+03 
       4.693742105388e-02       8.371246567222e+03 
       4.726054162823e-02       8.321386669272e+03 
       4.759303428806e-02       8.271321935913e+03 
       4.793560719149e-02       8.220662285109e+03 
       4.828904636352e-02       8.169781905948e+03 
       4.865422705274e-02       8.118417586197e+03 
       4.903212714816e-02       8.066586041363e+03 
       4.942384310017e-02       8.014233001927e+03 
       4.983060889991e-02       7.961083254112e+03 
       5.025381881014e-02       7.907506937273e+03 
       5.069505471927e-02       7.853282539276e+03 
       5.115611921608e-02       7.798172844934e+03 
       5.163907577182e-02       7.742189266681e+03 
       5.214629778177e-02       7.685464631347e+03 
       5.268052867832e-02       7.627363286917e+03 
       5.324495589638e-02       7.568064352328e+03 
       5.384330215613e-02       7.507381551615e+03 
       5.447993831049e-02       7.444977743901e+03 
       5.516002281028e-02       7.380806909952e+03 
       5.588967347556e-02       7.314124002356e+03 
       5.667617728526e-02       7.244918537917e+03 
       5.752824238763e-02       7.172587593640e+03 
       5.845629166292e-02       7.096227640888e+03 
       5.947278550584e-02       7.015020165033e+03 
       6.059253702404e-02       6.927870367632e+03 
       6.183293616966e-02       6.832835268270e+03 
       6.321391895944e-02       6.727898832962e+03 
       6.475739931141e-02       6.610394429031e+03 
       6.648575417647e-02       6.476194299898e+03 
       6.841893751845e-02       6.321687702066e+03 
       7.057014991713e-02       6.141870733664e+03 
       7.294096001121e-02       5.933196396462e+03 
       7.551806995251e-02       5.694383262667e+03 
       7.827420133877e-02       5.427702225105e+03 
       8.117356133227e-02       5.139448089603e+03 
       8.417927801560e-02       4.839741946196e+03 
       8.725923920168e-02       4.540067811962e+03 
       9.038865675803e-02       4.251891088910e+03 
       9.354994726217e-02       3.984648979633e+03 
       9.673132963228e-02       3.745183775045e+03 
       9.992519888887e-02       3.537244506291e+03 
       1.031267606933e-01       3.361720706559e+03 
       1.063330369207e-01       3.216604810879e+03 
       1.095421943607e-01       3.098366821542e+03 
       1.127531107498e-01       3.001945047314e+03 
       1.159651012776e-01       2.921388547505e+03 
       1.191777488189e-01       2.850678391426e+03 
       1.223907995083e-01       2.783901642744e+03 
       1.256040988568e-01       2.716087379222e+03 
       1.288175528007e-01       2.643444523059e+03 
       1.320311039975e-01       2.563609955963e+03 
       1.352447174182e-01       2.475884946138e+03 
       1.384583715953e-01       2.380954071369e+03 
       1.416720533079e-01       2.280717819838e+03 
       1.448857543556e-01       2.177723256918e+03 
       1.480994695979e-01       2.075328785134e+03 
       1.513131957646e-01       1.976430467861e+03 
       1.545269307318e-01       1.883598333026e+03 
       1.577406730825e-01       1.798917746669e+03 
       1.609544218378e-01       1.723680809399e+03 
       1.641681762942e-01       1.658339979729e+03 
       1.673819359230e-01       1.602643640864e+03 
       1.705957003091e-01       1.555689368292e+03 
       1.738094691134e-01       1.516117609528e+03 
       1.770232420486e-01       1.482170831808e+03 
       1.802370188648e-01       1.452066942665e+03 
       1.834507993398e-01       1.424036003014e+03 
       1.866645832730e-01       1.396580566160e+03 
       1.898783704814e-01       1.368067098401e+03 
       1.930921607962e-01       1.337387934899e+03 
       1.963059540616e-01       1.304082252501e+03 
       1.995197501323e-01       1.268085625956e+03 
       2.027335488731e-01       1.229837627012e+03 
       2.059473501575e-01       1.190019504605e+03 
       2.091611538671e-01       1.149683817147e+03 
       2.123749598908e-01       1.109751585719e+03 
       2.155887681241e-01       1.071171978673e+03 
       2.188025784691e-01       1.034680392312e+03 
       2.220163908332e-01       1.000841326067e+03 
       2.252302051293e-01       9.700256034092e+02 
       2.284440212754e-01       9.423188400766e+02 
       2.316578391940e-01       9.177130604970e+02 
       2.348716588117e-01       8.959116996567e+02 
       2.380854800593e-01       8.766040373138e+02 
       2.412993028713e-01       8.592334516477e+02 
       2.445131271855e-01       8.432152141263e+02 
       2.477269529431e-01       8.279675858205e+02 
       2.509407800884e-01       8.129426691533e+02 
       2.541546085682e-01       7.977114279691e+02 
       2.573684383324e-01       7.819955564121e+02 
       2.605822693330e-01       7.656368764129e+02 
       2.637961015247e-01       7.486013710065e+02 
       2.670099348642e-01       7.309742652275e+02 
       2.702237693103e-01       7.129184367417e+02 
       2.734376048237e-01       6.946801747949e+02 
       2.766514413671e-01       6.765606899158e+02 
       2.798652789047e-01       6.588377473202e+02 
       2.830791174024e-01       6.418029151748e+02 
       2.862929568279e-01       6.256896530632e+02 
       2.895067971499e-01       6.106139365994e+02 
       2.927206383389e-01       5.966657111675e+02 
       2.959344803664e-01       5.838247010773e+02 
       2.991483232052e-01       5.719904015636e+02 
       3.023621668294e-01       5.610308529760e+02 
       3.055760112140e-01       5.507991176420e+02 
       3.087898563352e-01       5.411257107133e+02 
       3.120037021700e-01       5.318069820697e+02 
       3.152175486966e-01       5.227147053792e+02 
       3.184313958939e-01       5.137251080993e+02 
       3.216452437417e-01       5.046788607185e+02 
       3.248590922206e-01       4.955216470939e+02 
       3.280729413120e-01       4.862261001685e+02 
       3.312867909978e-01       4.768050461418e+02 
       3.345006412611e-01       4.673153573450e+02 
       3.377144920850e-01       4.578461647346e+02 
       3.409283434538e-01       4.484735584397e+02 
       3.441421953521e-01       4.392832116943e+02 
       3.473560477652e-01       4.303481105218e+02 
       3.505699006787e-01       4.217287484475e+02 
       3.537837540791e-01       4.134721324906e+02 
       3.569976079530e-01       4.056045831308e+02 
       3.602114622879e-01       3.981418618134e+02 
       3.634253170713e-01       3.910766519072e+02 
       3.666391722915e-01       3.843743121907e+02 
       3.698530279369e-01       3.779867541237e+02 
       3.730668839967e-01       3.718541907399e+02 
       3.762807404600e-01       3.659113744321e+02 
       3.794945973167e-01       3.601013613704e+02 
       3.827084545567e-01       3.543846652547e+02 
       3.859223121705e-01       3.487270279153e+02 
       3.891361701487e-01       3.431094652674e+02 
       3.923500284823e-01       3.375242854052e+02 
       3.955638871628e-01       3.319632302406e+02 
       3.987777461815e-01       3.264358832800e+02 
       4.019916055305e-01       3.209490670608e+02 
       4.052054652017e-01       3.155281867620e+02 
       4.084193251876e-01       3.101931254283e+02 
       4.116331854808e-01       3.049709991768e+02 
       4.148470460741e-01       2.998835854583e+02 
       4.180609069605e-01       2.949461407156e+02 
       4.212747681333e-01       2.901718058436e+02 
       4.244886295860e-01       2.855473349138e+02 
       4.277024913123e-01       2.810810605172e+02 
       4.309163533060e-01       2.767551545073e+02 
       4.341302155611e-01       2.725651320192e+02 
       4.373440780719e-01       2.685035901861e+02 
       4.405579408327e-01       2.645518382752e+02 
       4.437718038381e-01       2.607076873378e+02 
       4.469856670829e-01       2.569473768371e+02 
       4.501995305617e-01       2.532537780214e+02 
       4.534133942698e-01       2.496191634969e+02 
       4.566272582021e-01       2.460215610229e+02 
       4.598411223541e-01       2.424683174629e+02 
       4.630549867210e-01       2.389589980378e+02 
       4.662688512984e-01       2.354875345406e+02 
       4.694827160821e-01       2.320665738520e+02 
       4.726965810677e-01       2.286978812550e+02 
       4.759104462513e-01       2.253851779452e+02 
       4.791243116286e-01       2.221298242898e+02 
       4.823381771960e-01       2.189379561763e+02 
       4.855520429496e-01       2.158191127061e+02 
       4.887659088857e-01       2.127768503935e+02 
       4.919797750007e-01       2.098131776529e+02 
       4.951936412912e-01       2.069290090655e+02 
       4.984075077536e-01       2.041208431235e+02 
       5.016213743848e-01       2.013816534764e+02 
       5.048352411815e-01       1.987024472215e+02 
       5.080491081405e-01       1.960787512068e+02 
       5.112629752588e-01       1.935043959508e+02 
       5.144768425333e-01       1.909782863772e+02 
       5.176907099612e-01       1.884942512101e+02 
       5.209045775396e-01       1.860499584056e+02 
       5.241184452657e-01       1.836414531567e+02 
       5.273323131368e-01       1.812656563313e+02 
       5.305461811503e-01       1.789210234122e+02 
       5.337600493036e-01       1.766081781061e+02 
       5.369739175941e-01       1.743295216836e+02 
       5.401877860195e-01       1.720884691045e+02 
       5.434016545773e-01       1.698877456373e+02 
       5.466155232651e-01       1.677275745673e+02 
       5.498293920807e-01       1.656093287329e+02 
       5.530432610219e-01       1.635317506762e+02 
       5.562571300865e-01       1.614929727621e+02 
       5.594709992723e-01       1.594924116073e+02 
       5.626848685772e-01       1.575306153488e+02 
       5.658987379993e-01       1.556068639458e+02 
       5.691126075365e-01       1.537208974121e+02 
       5.723264771869e-01       1.518712149305e+02 
       5.755403469485e-01       1.500549460315e+02 
       5.787542168196e-01       1.482690591775e+02 
       5.819680867983e-01       1.465110315041e+02 
       5.851819568828e-01       1.447832932550e+02 
       5.883958270714e-01       1.430777485848e+02 
       5.916096973624e-01       1.413985965931e+02 
       5.948235677541e-01       1.397459302780e+02 
       5.980374382449e-01       1.381189757094e+02 
       6.012513088332e-01       1.365167021762e+02 
       6.044651795175e-01       1.349377340374e+02 
       6.076790502961e-01       1.333814988313e+02 
       6.108929211677e-01       1.318480199175e+02 
       6.141067921308e-01       1.303349613173e+02 
       6.173206631839e-01       1.288506647692e+02 
       6.205345343256e-01       1.273920692756e+02 
       6.237484055545e-01       1.259589024169e+02 
       6.269622768694e-01       1.245502046161e+02 
       6.301761482688e-01       1.231641086971e+02 
       6.333900197516e-01       1.217999331981e+02 
       6.366038913164e-01       1.204569001832e+02 
       6.398177629619e-01       1.191349208437e+02 
       6.430316346871e-01       1.178349387096e+02 
       6.462455064906e-01       1.165553577186e+02 
       6.494593783714e-01       1.152959094770e+02 
       6.526732503282e-01       1.140553379679e+02 
       6.558871223600e-01       1.128319109574e+02 
       6.591009944657e-01       1.116253254050e+02 
       6.623148666442e-01       1.104350155351e+02 
       6.655287388943e-01       1.092615600624e+02 
       6.687426112152e-01       1.081053441712e+02 
       6.719564836057e-01       1.069667379772e+02 
       6.751703560649e-01       1.058456594162e+02 
       6.783842285918e-01       1.047407360826e+02 
       6.815981011854e-01       1.036513028913e+02 
       6.848119738448e-01       1.025768908034e+02 
       6.880258465691e-01       1.015174196419e+02 
       6.912397193574e-01       1.004733629776e+02 
       6.944535922087e-01       9.944517509004e+01 
       6.976674651222e-01       9.843285699492e+01 
       7.008813380971e-01       9.743599944558e+01 
       7.040952111324e-01       9.645398296123e+01 
       7.073090842275e-01       9.548515031659e+01 
       7.105229573814e-01       9.452922126521e+01 
       7.137368305933e-01       9.358604918620e+01 
       7.169507038626e-01       9.265581294454e+01 
       7.201645771883e-01       9.173885421160e+01 
       7.233784505698e-01       9.083517130206e+01 
       7.265923240064e-01       8.994425098777e+01 
       7.298061974972e-01       8.906538125487e+01 
       7.330200710416e-01       8.819785158629e+01 
       7.362339446388e-01       8.734114641759e+01 
       7.394478182883e-01       8.649538224541e+01 
       7.426616919892e-01       8.566088591601e+01 
       7.458755657410e-01       8.483804608611e+01 
       7.490894395429e-01       8.402694223170e+01 
       7.523033133944e-01       8.322722473812e+01 
       7.555171872948e-01       8.243822706313e+01 
       8.259205627815e-01       6.747553338763e+01 
       9.280150980228e-01       5.177575032016e+01 
       1.090552453521e+00       3.570230570577e+01 
       1.346943533441e+00       2.177385643768e+01 
       1.693655695988e+00       1.261341104579e+01 
       2.132152443295e+00       7.220746396336e+00 
       2.684220786091e+00       4.099765030154e+00 
       3.379233758430e+00       2.310556124920e+00 
       4.254203250880e+00       1.293454013668e+00 
       5.355724579470e+00       7.196564142485e-01 
       6.742457771666e+00       3.981751924693e-01 
       8.488251426699e+00       2.191603691575e-01 
