# Matter power spectrum P(k) at redshift z=3
# for k=1.045e-05 to 8.48825 h/Mpc,
# number of wavenumbers equal to 612
#    1:k (h/Mpc)              2:P (Mpc/h)^3        
       1.045004358465e-05       5.223684999500e+00 
       2.333095830364e-05       1.131092227895e+01 
       3.625717138197e-05       1.728455899419e+01 
       4.926346170446e-05       2.321174563980e+01 
       6.238518340034e-05       2.913028906089e+01 
       7.565858108432e-05       3.506827993675e+01 
       8.912111517766e-05       4.104958398363e+01 
       1.028118016360e-04       4.709608475241e+01 
       1.167715704439e-04       5.322882840312e+01 
       1.310436472695e-04       5.946871234398e+01 
       1.456739626796e-04       6.583696108760e+01 
       1.607115932535e-04       7.235549296944e+01 
       1.762092387588e-04       7.904723203582e+01 
       1.922237391794e-04       8.593639083928e+01 
       2.088166347275e-04       9.304874079878e+01 
       2.260547708937e-04       1.004118783189e+02 
       2.440109489228e-04       1.080554913899e+02 
       2.627646196243e-04       1.160116285525e+02 
       2.824026148746e-04       1.243149676840e+02 
       3.030199061975e-04       1.330030807263e+02 
       3.247203730558e-04       1.421166865838e+02 
       3.476175545344e-04       1.516998786557e+02 
       3.718353465748e-04       1.618003108954e+02 
       3.975085925723e-04       1.724693178575e+02 
       4.247834979996e-04       1.837619389190e+02 
       4.538177802962e-04       1.957368077101e+02 
       4.847804449377e-04       2.084558626527e+02 
       5.178510599038e-04       2.219838245013e+02 
       5.532183878397e-04       2.363873917511e+02 
       5.910782339040e-04       2.517340959693e+02 
       6.316303850249e-04       2.680907867004e+02 
       6.750745609842e-04       2.855217243247e+02 
       7.216053758473e-04       3.040863089171e+02 
       7.714064215132e-04       3.238365202600e+02 
       8.246437268604e-04       3.448142091795e+02 
       8.814589978991e-04       3.670484309334e+02 
       9.419631766204e-04       3.905530756562e+02 
       1.006230932013e-03       4.153250563860e+02 
       1.074296682416e-03       4.413432827398e+02 
       1.146152626855e-03       4.685685959500e+02 
       1.221749044348e-03       4.969447003348e+02 
       1.300996843579e-03       5.264000298053e+02 
       1.383772069420e-03       5.568488867821e+02 
       1.469921856686e-03       5.881959523902e+02 
       1.559271205766e-03       6.203434919025e+02 
       1.651629950110e-03       6.531879093185e+02 
       1.746799373907e-03       6.866251245673e+02 
       1.844578083652e-03       7.205529479972e+02 
       1.944766900247e-03       7.548729534441e+02 
       2.047172686846e-03       7.894918445311e+02 
       2.151611143041e-03       8.243224239815e+02 
       2.257908672078e-03       8.592841586924e+02 
       2.365903467808e-03       8.943035471428e+02 
       2.475445979787e-03       9.293139022493e+02 
       2.586398907712e-03       9.642554892628e+02 
       2.698636858273e-03       9.990749590182e+02 
       2.812045774843e-03       1.033725241085e+03 
       2.926522227346e-03       1.068164497042e+03 
       3.041972628545e-03       1.102356379782e+03 
       3.158312425015e-03       1.136268830666e+03 
       3.275465296538e-03       1.169874191827e+03 
       3.393362386273e-03       1.203148193665e+03 
       3.511941575581e-03       1.236070108299e+03 
       3.631146811106e-03       1.268621851036e+03 
       3.750927487358e-03       1.300788113310e+03 
       3.871237885001e-03       1.332555759663e+03 
       3.992036663108e-03       1.363913786163e+03 
       4.113286402413e-03       1.394853148145e+03 
       4.234953195938e-03       1.425365875384e+03 
       4.357006283050e-03       1.455446022910e+03 
       4.479417722957e-03       1.485088532017e+03 
       4.602162103782e-03       1.514289689970e+03 
       4.725216283514e-03       1.543046417217e+03 
       4.848559159457e-03       1.571356767851e+03 
       4.972171463028e-03       1.599219439421e+03 
       5.096035577095e-03       1.626633974495e+03 
       5.220135373297e-03       1.653091110956e+03 
       5.344456067073e-03       1.679590926731e+03 
       5.468984088379e-03       1.705644128201e+03 
       5.593706966285e-03       1.731252957838e+03 
       5.718613225869e-03       1.756418486213e+03 
       5.843692296004e-03       1.781143674560e+03 
       5.968934426788e-03       1.805430887941e+03 
       6.094330615523e-03       1.829282489761e+03 
       6.219872540296e-03       1.852701854890e+03 
       6.345552500285e-03       1.875691718728e+03 
       6.471363362067e-03       1.898254941619e+03 
       6.597298511245e-03       1.920395462000e+03 
       6.723351808830e-03       1.942117180231e+03 
       6.849517551848e-03       1.963422858445e+03 
       6.975790437733e-03       1.984316090622e+03 
       7.102165532088e-03       2.004801631744e+03 
       7.228638239473e-03       2.024881774858e+03 
       7.355204276895e-03       2.044560846437e+03 
       7.481859649730e-03       2.063844004483e+03 
       7.608600629819e-03       2.082734199852e+03 
       7.735423735528e-03       2.101235249356e+03 
       7.862325713566e-03       2.119351204398e+03 
       7.989303522403e-03       2.137086891609e+03 
       8.116354317107e-03       2.154444803893e+03 
       8.243475435493e-03       2.171430706370e+03 
       8.370664385430e-03       2.188045587942e+03 
       8.497918833217e-03       2.204299798921e+03 
       8.625236592919e-03       2.220182437030e+03 
       8.752615616576e-03       2.235769524601e+03 
       8.880053985201e-03       2.250985102252e+03 
       9.007549900508e-03       2.265818372302e+03 
       9.135101677287e-03       2.280295843088e+03 
       9.262707736385e-03       2.294434300931e+03 
       9.390366598231e-03       2.308234669433e+03 
       9.518076876860e-03       2.321702225081e+03 
       9.645837274391e-03       2.334839803732e+03 
       9.773646575931e-03       2.347651039845e+03 
       9.901503644852e-03       2.360137828839e+03 
       1.002940741843e-02       2.372301362274e+03 
       1.015735690378e-02       2.384151150434e+03 
       1.028535117414e-02       2.395691013861e+03 
       1.041338936539e-02       2.406923090756e+03 
       1.054147067279e-02       2.417850945281e+03 
       1.066959434803e-02       2.428477593299e+03 
       1.079775969644e-02       2.438806536841e+03 
       1.092596607441e-02       2.448842802638e+03 
       1.105421288699e-02       2.458587079557e+03 
       1.118249958563e-02       2.468044780423e+03 
       1.131082566619e-02       2.477218229017e+03 
       1.143919066690e-02       2.486111086164e+03 
       1.156759416669e-02       2.494726246431e+03 
       1.169603578339e-02       2.503066573309e+03 
       1.182451517231e-02       2.511136529913e+03 
       1.195303202469e-02       2.518937919461e+03 
       1.208158606644e-02       2.526474341217e+03 
       1.221017705681e-02       2.533750297510e+03 
       1.233880478731e-02       2.540767398761e+03 
       1.246746908058e-02       2.547528178932e+03 
       1.259616978942e-02       2.554037693337e+03 
       1.272490679583e-02       2.560297484776e+03 
       1.285368001017e-02       2.566310736081e+03 
       1.298248937038e-02       2.572081235250e+03 
       1.311133484117e-02       2.577611314002e+03 
       1.324021641342e-02       2.582903484552e+03 
       1.336913410352e-02       2.587961459774e+03 
       1.349808795276e-02       2.592788332034e+03 
       1.362707802683e-02       2.597385853997e+03 
       1.375610441532e-02       2.601756583696e+03 
       1.388516723129e-02       2.605904424267e+03 
       1.401426661081e-02       2.609831842798e+03 
       1.414340271265e-02       2.613541903733e+03 
       1.427257571792e-02       2.617036470410e+03 
       1.440178582977e-02       2.620318525644e+03 
       1.453103327311e-02       2.623390279301e+03 
       1.466031829438e-02       2.626255513450e+03 
       1.478964116137e-02       2.628915140727e+03 
       1.491900216301e-02       2.631375159667e+03 
       1.504840160920e-02       2.633634537738e+03 
       1.517783983073e-02       2.635702326472e+03 
       1.530731717916e-02       2.637567523022e+03 
       1.543683402673e-02       2.639245858848e+03 
       1.556639076630e-02       2.640735953771e+03 
       1.569598781137e-02       2.642039706534e+03 
       1.582562559600e-02       2.643159625697e+03 
       1.595530457487e-02       2.644098560102e+03 
       1.608502522327e-02       2.644856878212e+03 
       1.621478803722e-02       2.645439286181e+03 
       1.634459353345e-02       2.645845655009e+03 
       1.647444224958e-02       2.646081901443e+03 
       1.660433474414e-02       2.646147908183e+03 
       1.673427159678e-02       2.646045907679e+03 
       1.686425340835e-02       2.645779282449e+03 
       1.699428080111e-02       2.645350834617e+03 
       1.712435441886e-02       2.644761212397e+03 
       1.725447492718e-02       2.644012671961e+03 
       1.738464301363e-02       2.643111369259e+03 
       1.751485938798e-02       2.642052019601e+03 
       1.764512478243e-02       2.640842897521e+03 
       1.777543995193e-02       2.639484553574e+03 
       1.790580567440e-02       2.637979496933e+03 
       1.803622275109e-02       2.636331048087e+03 
       1.816669200684e-02       2.634537144112e+03 
       1.829721429042e-02       2.632604062595e+03 
       1.842779047491e-02       2.630533326608e+03 
       1.855842145803e-02       2.628324405087e+03 
       1.868910816253e-02       2.625983287131e+03 
       1.881985153660e-02       2.623508553804e+03 
       1.895065255427e-02       2.620902154645e+03 
       1.908151221584e-02       2.618170747307e+03 
       1.921243154835e-02       2.615310536060e+03 
       1.934341160602e-02       2.612326206741e+03 
       1.947445347077e-02       2.609222697510e+03 
       1.960555825268e-02       2.605997326651e+03 
       1.973672709056e-02       2.602653519623e+03 
       1.986796115246e-02       2.599194222992e+03 
       1.999926163623e-02       2.595620284710e+03 
       2.013062977012e-02       2.591931925545e+03 
       2.026206681336e-02       2.588132730901e+03 
       2.039357405681e-02       2.584227130580e+03 
       2.052515282356e-02       2.580213476358e+03 
       2.065680446963e-02       2.576095778300e+03 
       2.078853038464e-02       2.571877039918e+03 
       2.092033199250e-02       2.567550647372e+03 
       2.105221075219e-02       2.563131019243e+03 
       2.118416815845e-02       2.558611183739e+03 
       2.131620574262e-02       2.553996204052e+03 
       2.144832507339e-02       2.549283621466e+03 
       2.158052775766e-02       2.544483825751e+03 
       2.171281544139e-02       2.539589248621e+03 
       2.184518981047e-02       2.534609152622e+03 
       2.197765259164e-02       2.529536203515e+03 
       2.211020555343e-02       2.524380980402e+03 
       2.224285050711e-02       2.519141127055e+03 
       2.237558930770e-02       2.513820616473e+03 
       2.250842385501e-02       2.508418258170e+03 
       2.264135609466e-02       2.502935717250e+03 
       2.277438801924e-02       2.497376946638e+03 
       2.290752166936e-02       2.491744339401e+03 
       2.304075913487e-02       2.486033295118e+03 
       2.317410255604e-02       2.480249373335e+03 
       2.330755412480e-02       2.474397981501e+03 
       2.344111608601e-02       2.468476328601e+03 
       2.357479073879e-02       2.462483804630e+03 
       2.370858043787e-02       2.456423345920e+03 
       2.384248759499e-02       2.450300720803e+03 
       2.397651468034e-02       2.444113898908e+03 
       2.411066422407e-02       2.437865395543e+03 
       2.424493881783e-02       2.431552504252e+03 
       2.437934111633e-02       2.425184867190e+03 
       2.451387383901e-02       2.418752539856e+03 
       2.464853977174e-02       2.412270611287e+03 
       2.478334176854e-02       2.405730038941e+03 
       2.491828275342e-02       2.399135920137e+03 
       2.505336572221e-02       2.392489186983e+03 
       2.518859374453e-02       2.385797001037e+03 
       2.532396996575e-02       2.379047046970e+03 
       2.545949760907e-02       2.372252983467e+03 
       2.559517997761e-02       2.365407754736e+03 
       2.573102045669e-02       2.358518170435e+03 
       2.586702251600e-02       2.351580700572e+03 
       2.600318971206e-02       2.344603145404e+03 
       2.613952569055e-02       2.337581350585e+03 
       2.627603418892e-02       2.330522344513e+03 
       2.641271903892e-02       2.323419167887e+03 
       2.654958416936e-02       2.316285708991e+03 
       2.668663360886e-02       2.309099694551e+03 
       2.682387148875e-02       2.301884793940e+03 
       2.696130204606e-02       2.294640770947e+03 
       2.709892962664e-02       2.287351234275e+03 
       2.723675868836e-02       2.280033999057e+03 
       2.737479380444e-02       2.272684687271e+03 
       2.751303966691e-02       2.265307974764e+03 
       2.765150109016e-02       2.257892514518e+03 
       2.779018301472e-02       2.250459698288e+03 
       2.792909051104e-02       2.242989992900e+03 
       2.806822878352e-02       2.235495407997e+03 
       2.820760317466e-02       2.227972450079e+03 
       2.834721916939e-02       2.220430724375e+03 
       2.848708239949e-02       2.212866640583e+03 
       2.862719864828e-02       2.205270666126e+03 
       2.876757385545e-02       2.197657382578e+03 
       2.890821412206e-02       2.190021786494e+03 
       2.904912571580e-02       2.182365036910e+03 
       2.919031507636e-02       2.174692421543e+03 
       2.933178882113e-02       2.166997622643e+03 
       2.947355375108e-02       2.159285361398e+03 
       2.961561685685e-02       2.151558626568e+03 
       2.975798532515e-02       2.143810556063e+03 
       2.990066654541e-02       2.136055391258e+03 
       3.004366811665e-02       2.128281154809e+03 
       3.018699785478e-02       2.120489400929e+03 
       3.033066380005e-02       2.112695016820e+03 
       3.047467422493e-02       2.104879284414e+03 
       3.061903764232e-02       2.097057756277e+03 
       3.076376281406e-02       2.089224922064e+03 
       3.090885875989e-02       2.081373766962e+03 
       3.105433476679e-02       2.073524648662e+03 
       3.120020039870e-02       2.065662325306e+03 
       3.134646550675e-02       2.057790919026e+03 
       3.149314023990e-02       2.049915181799e+03 
       3.164023505612e-02       2.042030629955e+03 
       3.178776073406e-02       2.034138451700e+03 
       3.193572838529e-02       2.026237985821e+03 
       3.208414946714e-02       2.018337964336e+03 
       3.223303579609e-02       2.010431709400e+03 
       3.238239956191e-02       2.002519954958e+03 
       3.253225334243e-02       1.994609280260e+03 
       3.268261011904e-02       1.986687257773e+03 
       3.283348329301e-02       1.978773268468e+03 
       3.298488670259e-02       1.970847289519e+03 
       3.313683464103e-02       1.962925461911e+03 
       3.328934187547e-02       1.955001217910e+03 
       3.344242366689e-02       1.947077444173e+03 
       3.359609579103e-02       1.939149063742e+03 
       3.375037456053e-02       1.931220307254e+03 
       3.390527684814e-02       1.923301689816e+03 
       3.406082011128e-02       1.915373023648e+03 
       3.421702241794e-02       1.907448577559e+03 
       3.437390247395e-02       1.899531905609e+03 
       3.453147965192e-02       1.891609513387e+03 
       3.468977402169e-02       1.883692328585e+03 
       3.484880638259e-02       1.875776555573e+03 
       3.500859829758e-02       1.867862102365e+03 
       3.516917212940e-02       1.859952994949e+03 
       3.533055107886e-02       1.852045979816e+03 
       3.549275922540e-02       1.844140348907e+03 
       3.565582157023e-02       1.836234636045e+03 
       3.581976408199e-02       1.828338134547e+03 
       3.598461374536e-02       1.820442268234e+03 
       3.615039861271e-02       1.812553738170e+03 
       3.631714785906e-02       1.804664403799e+03 
       3.648489184058e-02       1.796776856343e+03 
       3.665366215692e-02       1.788902722260e+03 
       3.682349171774e-02       1.781025748136e+03 
       3.699441481367e-02       1.773153439948e+03 
       3.716646719210e-02       1.765286303691e+03 
       3.733968613823e-02       1.757422299777e+03 
       3.751411056177e-02       1.749559276244e+03 
       3.768978108986e-02       1.741707704936e+03 
       3.786674016657e-02       1.733851699152e+03 
       3.804503215979e-02       1.725996480474e+03 
       3.822470347586e-02       1.718155457348e+03 
       3.840580268302e-02       1.710313419398e+03 
       3.858838064404e-02       1.702464282247e+03 
       3.877249065931e-02       1.694628244117e+03 
       3.895818862096e-02       1.686792619062e+03 
       3.914553317941e-02       1.678958940353e+03 
       3.933458592328e-02       1.671123742305e+03 
       3.952541157417e-02       1.663287986906e+03 
       3.971807819759e-02       1.655459912953e+03 
       3.991265743180e-02       1.647633661999e+03 
       4.010922473646e-02       1.639796886639e+03 
       4.030785966288e-02       1.631968229877e+03 
       4.050864614847e-02       1.624133992839e+03 
       4.071167283779e-02       1.616299215499e+03 
       4.091703343322e-02       1.608460855793e+03 
       4.112482707841e-02       1.600626537707e+03 
       4.133515877846e-02       1.592775246811e+03 
       4.154813986079e-02       1.584927326172e+03 
       4.176388848168e-02       1.577069979114e+03 
       4.198253018382e-02       1.569208849988e+03 
       4.220419851120e-02       1.561337703515e+03 
       4.242903568833e-02       1.553463620757e+03 
       4.265719337197e-02       1.545577626787e+03 
       4.288883348483e-02       1.537673647666e+03 
       4.312412914181e-02       1.529772635551e+03 
       4.336326568147e-02       1.521840534675e+03 
       4.360644181685e-02       1.513898862757e+03 
       4.385387092265e-02       1.505945419262e+03 
       4.410578247799e-02       1.497965162672e+03 
       4.436242368764e-02       1.489973846965e+03 
       4.462406130828e-02       1.481954515374e+03 
       4.489098371107e-02       1.473916143365e+03 
       4.516350321751e-02       1.465848334296e+03 
       4.544195875207e-02       1.457747909118e+03 
       4.572671886360e-02       1.449616270826e+03 
       4.601818517708e-02       1.441454371139e+03 
       4.631679634960e-02       1.433242918956e+03 
       4.662303261929e-02       1.425008365891e+03 
       4.693742105388e-02       1.416719103248e+03 
       4.726054162823e-02       1.408380218168e+03 
       4.759303428806e-02       1.399990914238e+03 
       4.793560719149e-02       1.391541213337e+03 
       4.828904636352e-02       1.383027170438e+03 
       4.865422705274e-02       1.374443743294e+03 
       4.903212714816e-02       1.365787937323e+03 
       4.942384310017e-02       1.357044497657e+03 
       4.983060889991e-02       1.348205917718e+03 
       5.025381881014e-02       1.339268401360e+03 
       5.069505471927e-02       1.330217906137e+03 
       5.115611921608e-02       1.321041206584e+03 
       5.163907577182e-02       1.311722051850e+03 
       5.214629778177e-02       1.302245534049e+03 
       5.268052867832e-02       1.292594536618e+03 
       5.324495589638e-02       1.282740025652e+03 
       5.384330215613e-02       1.272654541500e+03 
       5.447993831049e-02       1.262301622418e+03 
       5.516002281028e-02       1.251638436037e+03 
       5.588967347556e-02       1.240616723545e+03 
       5.667617728526e-02       1.229156659476e+03 
       5.752824238763e-02       1.217175042895e+03 
       5.845629166292e-02       1.204554009302e+03 
       5.947278550584e-02       1.191143082492e+03 
       6.059253702404e-02       1.176737060301e+03 
       6.183293616966e-02       1.161061184313e+03 
       6.321391895944e-02       1.143750931001e+03 
       6.475739931141e-02       1.124329428685e+03 
       6.648575417647e-02       1.102181087789e+03 
       6.841893751845e-02       1.076579001848e+03 
       7.057014991713e-02       1.046750649687e+03 
       7.294096001121e-02       1.012052060223e+03 
       7.551806995251e-02       9.722133098809e+02 
       7.827420133877e-02       9.275841463346e+02 
       8.117356133227e-02       8.792359685741e+02 
       8.417927801560e-02       8.288416415292e+02 
       8.725923920168e-02       7.783794962359e+02 
       9.038865675803e-02       7.298002247801e+02 
       9.354994726217e-02       6.847480620746e+02 
       9.673132963228e-02       6.444012264442e+02 
       9.992519888887e-02       6.094137540260e+02 
       1.031267606933e-01       5.799357077333e+02 
       1.063330369207e-01       5.556836789101e+02 
       1.095421943607e-01       5.360355223123e+02 
       1.127531107498e-01       5.201277999669e+02 
       1.159651012776e-01       5.069520308640e+02 
       1.191777488189e-01       4.954549542652e+02 
       1.223907995083e-01       4.846258135918e+02 
       1.256040988568e-01       4.735870007350e+02 
       1.288175528007e-01       4.616651596630e+02 
       1.320311039975e-01       4.484438507384e+02 
       1.352447174182e-01       4.337811376268e+02 
       1.384583715953e-01       4.177958109848e+02 
       1.416720533079e-01       4.008190349343e+02 
       1.448857543556e-01       3.833270729730e+02 
       1.480994695979e-01       3.658641615928e+02 
       1.513131957646e-01       3.489690148325e+02 
       1.545269307318e-01       3.331104643538e+02 
       1.577406730825e-01       3.186584229576e+02 
       1.609544218378e-01       3.058404669563e+02 
       1.641681762942e-01       2.947443742919e+02 
       1.673819359230e-01       2.853313080408e+02 
       1.705957003091e-01       2.774476561697e+02 
       1.738094691134e-01       2.708551261046e+02 
       1.770232420486e-01       2.652531624829e+02 
       1.802370188648e-01       2.603179646205e+02 
       1.834507993398e-01       2.557394829448e+02 
       1.866645832730e-01       2.512503714632e+02 
       1.898783704814e-01       2.465480199321e+02 
       1.930921607962e-01       2.414487473879e+02 
       1.963059540616e-01       2.358527965239e+02 
       1.995197501323e-01       2.297491866757e+02 
       2.027335488731e-01       2.232098043605e+02 
       2.059473501575e-01       2.163743746882e+02 
       2.091611538671e-01       2.094132007207e+02 
       2.123749598908e-01       2.025118605684e+02 
       2.155887681241e-01       1.958355284955e+02 
       2.188025784691e-01       1.895180208628e+02 
       2.220163908332e-01       1.836664414093e+02 
       2.252302051293e-01       1.783446610707e+02 
       2.284440212754e-01       1.735781158793e+02 
       2.316578391940e-01       1.693634862827e+02 
       2.348716588117e-01       1.656517748812e+02 
       2.380854800593e-01       1.623807568017e+02 
       2.412993028713e-01       1.594558963973e+02 
       2.445131271855e-01       1.567689733233e+02 
       2.477269529431e-01       1.542132579901e+02 
       2.509407800884e-01       1.516922333266e+02 
       2.541546085682e-01       1.491236251504e+02 
       2.573684383324e-01       1.464566936559e+02 
       2.605822693330e-01       1.436612975540e+02 
       2.637961015247e-01       1.407310427612e+02 
       2.670099348642e-01       1.376813661195e+02 
       2.702237693103e-01       1.345427187842e+02 
       2.734376048237e-01       1.313600773423e+02 
       2.766514413671e-01       1.281895087380e+02 
       2.798652789047e-01       1.250842532821e+02 
       2.830791174024e-01       1.220978576167e+02 
       2.862929568279e-01       1.192729053706e+02 
       2.895067971499e-01       1.166377505475e+02 
       2.927206383389e-01       1.142040899161e+02 
       2.959344803664e-01       1.119687427308e+02 
       2.991483232052e-01       1.099157080281e+02 
       3.023621668294e-01       1.080206934269e+02 
       3.055760112140e-01       1.062548419427e+02 
       3.087898563352e-01       1.045863412079e+02 
       3.120037021700e-01       1.029843411829e+02 
       3.152175486966e-01       1.014184966534e+02 
       3.184313958939e-01       9.986253766974e+01 
       3.216452437417e-01       9.829435841695e+01 
       3.248590922206e-01       9.670040297375e+01 
       3.280729413120e-01       9.507533367980e+01 
       3.312867909978e-01       9.342260912275e+01 
       3.345006412611e-01       9.175209695985e+01 
       3.377144920850e-01       9.007932059418e+01 
       3.409283434538e-01       8.842054520721e+01 
       3.441421953521e-01       8.679154882580e+01 
       3.473560477652e-01       8.520636794242e+01 
       3.505699006787e-01       8.367688454703e+01 
       3.537837540791e-01       8.221178131731e+01 
       3.569976079530e-01       8.081726196048e+01 
       3.602114622879e-01       7.949594880054e+01 
       3.634253170713e-01       7.824648701282e+01 
       3.666391722915e-01       7.706298658740e+01 
       3.698530279369e-01       7.593626611854e+01 
       3.730668839967e-01       7.485497112387e+01 
       3.762807404600e-01       7.380692819905e+01 
       3.794945973167e-01       7.278179655513e+01 
       3.827084545567e-01       7.177104431906e+01 
       3.859223121705e-01       7.076891338580e+01 
       3.891361701487e-01       6.977165341027e+01 
       3.923500284823e-01       6.877746188891e+01 
       3.955638871628e-01       6.778570048533e+01 
       3.987777461815e-01       6.679742254521e+01 
       4.019916055305e-01       6.581479185146e+01 
       4.052054652017e-01       6.484174424024e+01 
       4.084193251876e-01       6.388289657831e+01 
       4.116331854808e-01       6.294330368685e+01 
       4.148470460741e-01       6.202754966036e+01 
       4.180609069605e-01       6.113847425918e+01 
       4.212747681333e-01       6.027750455366e+01 
       4.244886295860e-01       5.944505341213e+01 
       4.277024913123e-01       5.863970357267e+01 
       4.309163533060e-01       5.786031072131e+01 
       4.341302155611e-01       5.710546963322e+01 
       4.373440780719e-01       5.637334471724e+01 
       4.405579408327e-01       5.566185618716e+01 
       4.437718038381e-01       5.496823091605e+01 
       4.469856670829e-01       5.428926935652e+01 
       4.501995305617e-01       5.362187227636e+01 
       4.534133942698e-01       5.296324156489e+01 
       4.566272582021e-01       5.231162089059e+01 
       4.598411223541e-01       5.166634885012e+01 
       4.630549867210e-01       5.102755607975e+01 
       4.662688512984e-01       5.039587740142e+01 
       4.694827160821e-01       4.977203495916e+01 
       4.726965810677e-01       4.915675621733e+01 
       4.759104462513e-01       4.855072272117e+01 
       4.791243116286e-01       4.795476037646e+01 
       4.823381771960e-01       4.737013087845e+01 
       4.855520429496e-01       4.679804973206e+01 
       4.887659088857e-01       4.623970353514e+01 
       4.919797750007e-01       4.569575008473e+01 
       4.951936412912e-01       4.516615349390e+01 
       4.984075077536e-01       4.465012023290e+01 
       5.016213743848e-01       4.414640445052e+01 
       5.048352411815e-01       4.365360925037e+01 
       5.080491081405e-01       4.317051586647e+01 
       5.112629752588e-01       4.269618296349e+01 
       5.144768425333e-01       4.222991836894e+01 
       5.176907099612e-01       4.177115615240e+01 
       5.209045775396e-01       4.131921852194e+01 
       5.241184452657e-01       4.087335020227e+01 
       5.273323131368e-01       4.043296642747e+01 
       5.305461811503e-01       3.999778480428e+01 
       5.337600493036e-01       3.956795185303e+01 
       5.369739175941e-01       3.914396657126e+01 
       5.401877860195e-01       3.872652962955e+01 
       5.434016545773e-01       3.831620577432e+01 
       5.466155232651e-01       3.791329075946e+01 
       5.498293920807e-01       3.751762343676e+01 
       5.530432610219e-01       3.712920944490e+01 
       5.562571300865e-01       3.674770115764e+01 
       5.594709992723e-01       3.637300522092e+01 
       5.626848685772e-01       3.600525280220e+01 
       5.658987379993e-01       3.564432238589e+01 
       5.691126075365e-01       3.529018348476e+01 
       5.723264771869e-01       3.494255778334e+01 
       5.755403469485e-01       3.460089277479e+01 
       5.787542168196e-01       3.426460229064e+01 
       5.819680867983e-01       3.393320023663e+01 
       5.851819568828e-01       3.360639734346e+01 
       5.883958270714e-01       3.328418253445e+01 
       5.916096973624e-01       3.296661221893e+01 
       5.948235677541e-01       3.265372074818e+01 
       5.980374382449e-01       3.234536874173e+01 
       6.012513088332e-01       3.204136487298e+01 
       6.044651795175e-01       3.174144808919e+01 
       6.076790502961e-01       3.144551762793e+01 
       6.108929211677e-01       3.115359184346e+01 
       6.141067921308e-01       3.086593733105e+01 
       6.173206631839e-01       3.058279023444e+01 
       6.205345343256e-01       3.030428035716e+01 
       6.237484055545e-01       3.003036676500e+01 
       6.269622768694e-01       2.976087004751e+01 
       6.301761482688e-01       2.949542764472e+01 
       6.333900197516e-01       2.923391470436e+01 
       6.366038913164e-01       2.897618652502e+01 
       6.398177629619e-01       2.872223675523e+01 
       6.430316346871e-01       2.847212342469e+01 
       6.462455064906e-01       2.822582394201e+01 
       6.494593783714e-01       2.798315075033e+01 
       6.526732503282e-01       2.774386107933e+01 
       6.558871223600e-01       2.750767000906e+01 
       6.591009944657e-01       2.727441690325e+01 
       6.623148666442e-01       2.704405157437e+01 
       6.655287388943e-01       2.681670013977e+01 
       6.687426112152e-01       2.659244965592e+01 
       6.719564836057e-01       2.637138412017e+01 
       6.751703560649e-01       2.615343851810e+01 
       6.783842285918e-01       2.593845814734e+01 
       6.815981011854e-01       2.572626007488e+01 
       6.848119738448e-01       2.551675749445e+01 
       6.880258465691e-01       2.530994216579e+01 
       6.912397193574e-01       2.510591801924e+01 
       6.944535922087e-01       2.490478511514e+01 
       6.976674651222e-01       2.470655154492e+01 
       7.008813380971e-01       2.451114198389e+01 
       7.040952111324e-01       2.431843815762e+01 
       7.073090842275e-01       2.412811061236e+01 
       7.105229573814e-01       2.394010919617e+01 
       7.137368305933e-01       2.375441075908e+01 
       7.169507038626e-01       2.357105824077e+01 
       7.201645771883e-01       2.339012768518e+01 
       7.233784505698e-01       2.321162524446e+01 
       7.265923240064e-01       2.303545279784e+01 
       7.298061974972e-01       2.286147147399e+01 
       7.330200710416e-01       2.268954241088e+01 
       7.362339446388e-01       2.251956621345e+01 
       7.394478182883e-01       2.235157218597e+01 
       7.426616919892e-01       2.218563251935e+01 
       7.458755657410e-01       2.202183204322e+01 
       7.490894395429e-01       2.186019249074e+01 
       7.523033133944e-01       2.170064788881e+01 
       7.555171872948e-01       2.154306732767e+01 
       8.259205627815e-01       1.851755836586e+01 
       9.280150980228e-01       1.524489428996e+01 
       1.090552453521e+00       1.172926624921e+01 
       1.346943533441e+00       8.431308258586e+00 
       1.693655695988e+00       5.984245680497e+00 
       2.132152443295e+00       4.292046839975e+00 
       2.684220786091e+00       3.097678997433e+00 
       3.379233758430e+00       2.233697784649e+00 
       4.254203250880e+00       1.597494908151e+00 
       5.355724579470e+00       1.125654095240e+00 
       6.742457771666e+00       7.774803682587e-01 
       8.488251426699e+00       5.247469740502e-01 
