# bias fits are (b1, b2, bs2, bn, alpha, sn) = [1.5992, 0.99602000000000002, -0.98036999999999996, 0.0, 0.058934, 0.0], at redshift z=2.00
# k, pk(z) : for z in numpy.arange(z-0.25, z+0.25, 0.01)
1.0000e-03 2.3637e+03 2.3476e+03 2.3316e+03 2.3158e+03 2.3002e+03 2.2847e+03 2.2694e+03 2.2542e+03 2.2391e+03 2.2242e+03 2.2095e+03 2.1948e+03 2.1804e+03 2.1660e+03 2.1518e+03 2.1377e+03 2.1238e+03 2.1100e+03 2.0963e+03 2.0828e+03 2.0694e+03 2.0561e+03 2.0429e+03 2.0299e+03 2.0169e+03 2.0041e+03 1.9915e+03 1.9789e+03 1.9664e+03 1.9541e+03 1.9419e+03 1.9297e+03 1.9177e+03 1.9058e+03 1.8941e+03 1.8824e+03 1.8708e+03 1.8593e+03 1.8479e+03 1.8366e+03 1.8255e+03 1.8144e+03 1.8034e+03 1.7925e+03 1.7817e+03 1.7710e+03 1.7604e+03 1.7499e+03 1.7394e+03 1.7291e+03
1.0842e-03 2.5464e+03 2.5290e+03 2.5119e+03 2.4949e+03 2.4780e+03 2.4614e+03 2.4448e+03 2.4285e+03 2.4123e+03 2.3962e+03 2.3803e+03 2.3646e+03 2.3490e+03 2.3335e+03 2.3182e+03 2.3031e+03 2.2881e+03 2.2732e+03 2.2585e+03 2.2439e+03 2.2294e+03 2.2151e+03 2.2009e+03 2.1869e+03 2.1729e+03 2.1591e+03 2.1455e+03 2.1319e+03 2.1185e+03 2.1052e+03 2.0920e+03 2.0790e+03 2.0660e+03 2.0532e+03 2.0405e+03 2.0279e+03 2.0154e+03 2.0031e+03 1.9908e+03 1.9786e+03 1.9666e+03 1.9547e+03 1.9428e+03 1.9311e+03 1.9195e+03 1.9079e+03 1.8965e+03 1.8851e+03 1.8739e+03 1.8627e+03
1.1756e-03 2.7424e+03 2.7237e+03 2.7052e+03 2.6869e+03 2.6688e+03 2.6508e+03 2.6330e+03 2.6154e+03 2.5980e+03 2.5807e+03 2.5636e+03 2.5466e+03 2.5298e+03 2.5132e+03 2.4967e+03 2.4803e+03 2.4642e+03 2.4482e+03 2.4323e+03 2.4166e+03 2.4010e+03 2.3856e+03 2.3703e+03 2.3551e+03 2.3401e+03 2.3253e+03 2.3106e+03 2.2960e+03 2.2815e+03 2.2672e+03 2.2530e+03 2.2389e+03 2.2250e+03 2.2112e+03 2.1975e+03 2.1840e+03 2.1705e+03 2.1572e+03 2.1440e+03 2.1309e+03 2.1180e+03 2.1051e+03 2.0924e+03 2.0797e+03 2.0672e+03 2.0548e+03 2.0425e+03 2.0303e+03 2.0182e+03 2.0062e+03
1.2746e-03 2.9523e+03 2.9322e+03 2.9123e+03 2.8925e+03 2.8730e+03 2.8537e+03 2.8345e+03 2.8155e+03 2.7968e+03 2.7782e+03 2.7597e+03 2.7415e+03 2.7234e+03 2.7055e+03 2.6878e+03 2.6702e+03 2.6528e+03 2.6355e+03 2.6185e+03 2.6016e+03 2.5848e+03 2.5682e+03 2.5518e+03 2.5355e+03 2.5193e+03 2.5033e+03 2.4875e+03 2.4718e+03 2.4562e+03 2.4408e+03 2.4255e+03 2.4103e+03 2.3953e+03 2.3805e+03 2.3657e+03 2.3511e+03 2.3366e+03 2.3223e+03 2.3081e+03 2.2940e+03 2.2801e+03 2.2662e+03 2.2525e+03 2.2389e+03 2.2255e+03 2.2121e+03 2.1989e+03 2.1858e+03 2.1728e+03 2.1599e+03
1.3819e-03 3.1771e+03 3.1554e+03 3.1340e+03 3.1128e+03 3.0917e+03 3.0709e+03 3.0503e+03 3.0299e+03 3.0097e+03 2.9896e+03 2.9698e+03 2.9501e+03 2.9307e+03 2.9114e+03 2.8923e+03 2.8734e+03 2.8547e+03 2.8361e+03 2.8177e+03 2.7995e+03 2.7815e+03 2.7636e+03 2.7459e+03 2.7284e+03 2.7110e+03 2.6938e+03 2.6768e+03 2.6599e+03 2.6431e+03 2.6265e+03 2.6101e+03 2.5938e+03 2.5777e+03 2.5617e+03 2.5458e+03 2.5301e+03 2.5146e+03 2.4991e+03 2.4838e+03 2.4687e+03 2.4537e+03 2.4388e+03 2.4240e+03 2.4093e+03 2.3948e+03 2.3804e+03 2.3662e+03 2.3520e+03 2.3380e+03 2.3241e+03
1.4983e-03 3.4169e+03 3.3937e+03 3.3708e+03 3.3480e+03 3.3254e+03 3.3031e+03 3.2810e+03 3.2590e+03 3.2373e+03 3.2158e+03 3.1944e+03 3.1733e+03 3.1524e+03 3.1316e+03 3.1111e+03 3.0908e+03 3.0706e+03 3.0506e+03 3.0308e+03 3.0113e+03 2.9918e+03 2.9726e+03 2.9536e+03 2.9347e+03 2.9160e+03 2.8975e+03 2.8791e+03 2.8610e+03 2.8430e+03 2.8251e+03 2.8074e+03 2.7899e+03 2.7726e+03 2.7554e+03 2.7383e+03 2.7215e+03 2.7047e+03 2.6881e+03 2.6717e+03 2.6554e+03 2.6392e+03 2.6232e+03 2.6073e+03 2.5916e+03 2.5760e+03 2.5605e+03 2.5451e+03 2.5299e+03 2.5148e+03 2.4998e+03
1.6246e-03 3.6738e+03 3.6488e+03 3.6240e+03 3.5994e+03 3.5751e+03 3.5511e+03 3.5272e+03 3.5036e+03 3.4802e+03 3.4571e+03 3.4341e+03 3.4114e+03 3.3889e+03 3.3666e+03 3.3445e+03 3.3227e+03 3.3010e+03 3.2796e+03 3.2583e+03 3.2373e+03 3.2164e+03 3.1958e+03 3.1753e+03 3.1550e+03 3.1349e+03 3.1150e+03 3.0953e+03 3.0758e+03 3.0564e+03 3.0372e+03 3.0182e+03 2.9993e+03 2.9807e+03 2.9622e+03 2.9438e+03 2.9256e+03 2.9076e+03 2.8898e+03 2.8721e+03 2.8546e+03 2.8372e+03 2.8200e+03 2.8029e+03 2.7860e+03 2.7693e+03 2.7526e+03 2.7362e+03 2.7199e+03 2.7037e+03 2.6876e+03
1.7614e-03 3.9470e+03 3.9202e+03 3.8936e+03 3.8672e+03 3.8411e+03 3.8153e+03 3.7897e+03 3.7644e+03 3.7392e+03 3.7144e+03 3.6897e+03 3.6653e+03 3.6411e+03 3.6172e+03 3.5935e+03 3.5700e+03 3.5467e+03 3.5236e+03 3.5008e+03 3.4782e+03 3.4558e+03 3.4335e+03 3.4116e+03 3.3898e+03 3.3682e+03 3.3468e+03 3.3256e+03 3.3046e+03 3.2838e+03 3.2632e+03 3.2428e+03 3.2226e+03 3.2025e+03 3.1827e+03 3.1630e+03 3.1435e+03 3.1241e+03 3.1050e+03 3.0860e+03 3.0671e+03 3.0485e+03 3.0300e+03 3.0116e+03 2.9934e+03 2.9754e+03 2.9575e+03 2.9397e+03 2.9221e+03 2.9047e+03 2.8873e+03
1.9098e-03 4.2382e+03 4.2093e+03 4.1807e+03 4.1524e+03 4.1244e+03 4.0966e+03 4.0691e+03 4.0418e+03 4.0149e+03 3.9881e+03 3.9617e+03 3.9355e+03 3.9095e+03 3.8838e+03 3.8583e+03 3.8331e+03 3.8081e+03 3.7834e+03 3.7589e+03 3.7346e+03 3.7105e+03 3.6867e+03 3.6631e+03 3.6397e+03 3.6165e+03 3.5936e+03 3.5708e+03 3.5483e+03 3.5260e+03 3.5038e+03 3.4819e+03 3.4602e+03 3.4386e+03 3.4173e+03 3.3961e+03 3.3752e+03 3.3544e+03 3.3338e+03 3.3134e+03 3.2932e+03 3.2732e+03 3.2533e+03 3.2336e+03 3.2141e+03 3.1948e+03 3.1756e+03 3.1566e+03 3.1377e+03 3.1190e+03 3.1005e+03
2.0706e-03 4.5474e+03 4.5165e+03 4.4858e+03 4.4554e+03 4.4253e+03 4.3955e+03 4.3660e+03 4.3368e+03 4.3079e+03 4.2792e+03 4.2508e+03 4.2227e+03 4.1948e+03 4.1672e+03 4.1399e+03 4.1129e+03 4.0860e+03 4.0595e+03 4.0332e+03 4.0071e+03 3.9813e+03 3.9557e+03 3.9304e+03 3.9053e+03 3.8804e+03 3.8558e+03 3.8314e+03 3.8072e+03 3.7832e+03 3.7595e+03 3.7359e+03 3.7126e+03 3.6895e+03 3.6666e+03 3.6439e+03 3.6215e+03 3.5992e+03 3.5771e+03 3.5552e+03 3.5335e+03 3.5120e+03 3.4907e+03 3.4696e+03 3.4486e+03 3.4279e+03 3.4073e+03 3.3869e+03 3.3667e+03 3.3466e+03 3.3268e+03
2.2450e-03 4.8754e+03 4.8421e+03 4.8092e+03 4.7766e+03 4.7443e+03 4.7124e+03 4.6807e+03 4.6494e+03 4.6183e+03 4.5876e+03 4.5572e+03 4.5270e+03 4.4972e+03 4.4676e+03 4.4383e+03 4.4093e+03 4.3806e+03 4.3521e+03 4.3239e+03 4.2960e+03 4.2683e+03 4.2409e+03 4.2138e+03 4.1869e+03 4.1602e+03 4.1338e+03 4.1076e+03 4.0817e+03 4.0560e+03 4.0305e+03 4.0053e+03 3.9803e+03 3.9555e+03 3.9309e+03 3.9066e+03 3.8825e+03 3.8586e+03 3.8349e+03 3.8114e+03 3.7881e+03 3.7651e+03 3.7422e+03 3.7196e+03 3.6972e+03 3.6749e+03 3.6529e+03 3.6310e+03 3.6094e+03 3.5879e+03 3.5667e+03
2.4341e-03 5.2221e+03 5.1865e+03 5.1513e+03 5.1164e+03 5.0819e+03 5.0476e+03 5.0138e+03 4.9802e+03 4.9469e+03 4.9140e+03 4.8814e+03 4.8491e+03 4.8171e+03 4.7855e+03 4.7541e+03 4.7230e+03 4.6922e+03 4.6617e+03 4.6315e+03 4.6016e+03 4.5720e+03 4.5426e+03 4.5135e+03 4.4847e+03 4.4561e+03 4.4278e+03 4.3998e+03 4.3720e+03 4.3445e+03 4.3172e+03 4.2902e+03 4.2634e+03 4.2369e+03 4.2106e+03 4.1846e+03 4.1587e+03 4.1332e+03 4.1078e+03 4.0827e+03 4.0577e+03 4.0330e+03 4.0086e+03 3.9843e+03 3.9603e+03 3.9364e+03 3.9128e+03 3.8893e+03 3.8661e+03 3.8431e+03 3.8202e+03
2.6392e-03 5.5878e+03 5.5498e+03 5.5121e+03 5.4748e+03 5.4379e+03 5.4013e+03 5.3651e+03 5.3292e+03 5.2936e+03 5.2584e+03 5.2235e+03 5.1890e+03 5.1548e+03 5.1209e+03 5.0873e+03 5.0540e+03 5.0211e+03 4.9885e+03 4.9561e+03 4.9241e+03 4.8924e+03 4.8610e+03 4.8298e+03 4.7990e+03 4.7684e+03 4.7382e+03 4.7082e+03 4.6784e+03 4.6490e+03 4.6198e+03 4.5909e+03 4.5622e+03 4.5338e+03 4.5057e+03 4.4778e+03 4.4502e+03 4.4228e+03 4.3956e+03 4.3687e+03 4.3421e+03 4.3157e+03 4.2895e+03 4.2635e+03 4.2378e+03 4.2123e+03 4.1870e+03 4.1619e+03 4.1370e+03 4.1124e+03 4.0879e+03
2.8615e-03 5.9730e+03 5.9324e+03 5.8921e+03 5.8522e+03 5.8127e+03 5.7736e+03 5.7348e+03 5.6964e+03 5.6584e+03 5.6208e+03 5.5835e+03 5.5465e+03 5.5100e+03 5.4737e+03 5.4378e+03 5.4023e+03 5.3671e+03 5.3322e+03 5.2977e+03 5.2634e+03 5.2295e+03 5.1959e+03 5.1627e+03 5.1297e+03 5.0970e+03 5.0647e+03 5.0326e+03 5.0008e+03 4.9693e+03 4.9382e+03 4.9072e+03 4.8766e+03 4.8463e+03 4.8162e+03 4.7864e+03 4.7568e+03 4.7276e+03 4.6986e+03 4.6698e+03 4.6413e+03 4.6131e+03 4.5851e+03 4.5573e+03 4.5298e+03 4.5025e+03 4.4755e+03 4.4487e+03 4.4221e+03 4.3958e+03 4.3697e+03
3.1025e-03 6.3769e+03 6.3335e+03 6.2906e+03 6.2480e+03 6.2058e+03 6.1641e+03 6.1227e+03 6.0818e+03 6.0412e+03 6.0010e+03 5.9612e+03 5.9218e+03 5.8827e+03 5.8440e+03 5.8057e+03 5.7678e+03 5.7302e+03 5.6930e+03 5.6561e+03 5.6195e+03 5.5833e+03 5.5475e+03 5.5119e+03 5.4767e+03 5.4418e+03 5.4073e+03 5.3730e+03 5.3391e+03 5.3055e+03 5.2722e+03 5.2392e+03 5.2065e+03 5.1740e+03 5.1419e+03 5.1101e+03 5.0786e+03 5.0473e+03 5.0163e+03 4.9856e+03 4.9552e+03 4.9251e+03 4.8952e+03 4.8656e+03 4.8362e+03 4.8071e+03 4.7783e+03 4.7497e+03 4.7213e+03 4.6932e+03 4.6654e+03
3.3638e-03 6.7998e+03 6.7535e+03 6.7076e+03 6.6622e+03 6.6172e+03 6.5726e+03 6.5285e+03 6.4848e+03 6.4415e+03 6.3986e+03 6.3561e+03 6.3141e+03 6.2724e+03 6.2312e+03 6.1903e+03 6.1499e+03 6.1098e+03 6.0701e+03 6.0308e+03 5.9918e+03 5.9532e+03 5.9150e+03 5.8771e+03 5.8396e+03 5.8024e+03 5.7655e+03 5.7290e+03 5.6929e+03 5.6570e+03 5.6215e+03 5.5863e+03 5.5514e+03 5.5169e+03 5.4826e+03 5.4487e+03 5.4151e+03 5.3818e+03 5.3487e+03 5.3160e+03 5.2836e+03 5.2514e+03 5.2196e+03 5.1880e+03 5.1567e+03 5.1257e+03 5.0949e+03 5.0645e+03 5.0343e+03 5.0043e+03 4.9746e+03
3.6472e-03 7.2398e+03 7.1905e+03 7.1417e+03 7.0934e+03 7.0456e+03 6.9982e+03 6.9512e+03 6.9047e+03 6.8586e+03 6.8130e+03 6.7678e+03 6.7231e+03 6.6787e+03 6.6348e+03 6.5913e+03 6.5482e+03 6.5056e+03 6.4633e+03 6.4214e+03 6.3799e+03 6.3388e+03 6.2981e+03 6.2577e+03 6.2178e+03 6.1782e+03 6.1389e+03 6.1001e+03 6.0615e+03 6.0234e+03 5.9856e+03 5.9481e+03 5.9110e+03 5.8742e+03 5.8377e+03 5.8016e+03 5.7658e+03 5.7303e+03 5.6951e+03 5.6603e+03 5.6257e+03 5.5915e+03 5.5576e+03 5.5240e+03 5.4906e+03 5.4576e+03 5.4248e+03 5.3924e+03 5.3602e+03 5.3283e+03 5.2967e+03
3.9544e-03 7.6973e+03 7.6449e+03 7.5930e+03 7.5416e+03 7.4907e+03 7.4402e+03 7.3903e+03 7.3409e+03 7.2919e+03 7.2434e+03 7.1953e+03 7.1477e+03 7.1006e+03 7.0539e+03 7.0076e+03 6.9618e+03 6.9164e+03 6.8715e+03 6.8270e+03 6.7828e+03 6.7392e+03 6.6959e+03 6.6530e+03 6.6105e+03 6.5684e+03 6.5267e+03 6.4854e+03 6.4444e+03 6.4039e+03 6.3637e+03 6.3239e+03 6.2844e+03 6.2453e+03 6.2065e+03 6.1681e+03 6.1301e+03 6.0923e+03 6.0550e+03 6.0179e+03 5.9812e+03 5.9448e+03 5.9087e+03 5.8729e+03 5.8375e+03 5.8023e+03 5.7675e+03 5.7329e+03 5.6987e+03 5.6647e+03 5.6310e+03
4.2875e-03 8.1704e+03 8.1147e+03 8.0596e+03 8.0050e+03 7.9509e+03 7.8974e+03 7.8444e+03 7.7919e+03 7.7398e+03 7.6883e+03 7.6373e+03 7.5868e+03 7.5368e+03 7.4872e+03 7.4381e+03 7.3895e+03 7.3413e+03 7.2936e+03 7.2464e+03 7.1996e+03 7.1532e+03 7.1073e+03 7.0618e+03 7.0167e+03 6.9720e+03 6.9277e+03 6.8839e+03 6.8404e+03 6.7973e+03 6.7547e+03 6.7124e+03 6.6705e+03 6.6290e+03 6.5878e+03 6.5471e+03 6.5067e+03 6.4666e+03 6.4269e+03 6.3876e+03 6.3486e+03 6.3100e+03 6.2717e+03 6.2338e+03 6.1961e+03 6.1589e+03 6.1219e+03 6.0853e+03 6.0489e+03 6.0129e+03 5.9772e+03
4.6486e-03 8.6571e+03 8.5982e+03 8.5398e+03 8.4820e+03 8.4248e+03 8.3681e+03 8.3119e+03 8.2563e+03 8.2012e+03 8.1466e+03 8.0926e+03 8.0391e+03 7.9860e+03 7.9335e+03 7.8815e+03 7.8300e+03 7.7789e+03 7.7284e+03 7.6783e+03 7.6287e+03 7.5795e+03 7.5308e+03 7.4826e+03 7.4348e+03 7.3874e+03 7.3405e+03 7.2941e+03 7.2480e+03 7.2024e+03 7.1572e+03 7.1124e+03 7.0680e+03 7.0240e+03 6.9804e+03 6.9372e+03 6.8944e+03 6.8520e+03 6.8100e+03 6.7683e+03 6.7270e+03 6.6861e+03 6.6455e+03 6.6053e+03 6.5655e+03 6.5260e+03 6.4868e+03 6.4480e+03 6.4095e+03 6.3713e+03 6.3335e+03
5.0402e-03 9.1557e+03 9.0934e+03 9.0317e+03 8.9706e+03 8.9100e+03 8.8501e+03 8.7907e+03 8.7318e+03 8.6736e+03 8.6159e+03 8.5587e+03 8.5021e+03 8.4460e+03 8.3905e+03 8.3355e+03 8.2810e+03 8.2270e+03 8.1736e+03 8.1206e+03 8.0681e+03 8.0161e+03 7.9647e+03 7.9136e+03 7.8631e+03 7.8130e+03 7.7634e+03 7.7143e+03 7.6656e+03 7.6173e+03 7.5695e+03 7.5221e+03 7.4752e+03 7.4286e+03 7.3825e+03 7.3369e+03 7.2916e+03 7.2467e+03 7.2023e+03 7.1582e+03 7.1145e+03 7.0712e+03 7.0283e+03 6.9858e+03 6.9436e+03 6.9018e+03 6.8604e+03 6.8193e+03 6.7786e+03 6.7382e+03 6.6982e+03
5.4648e-03 9.6635e+03 9.5977e+03 9.5325e+03 9.4679e+03 9.4040e+03 9.3407e+03 9.2780e+03 9.2159e+03 9.1544e+03 9.0935e+03 9.0332e+03 8.9735e+03 8.9143e+03 8.8557e+03 8.7976e+03 8.7401e+03 8.6832e+03 8.6268e+03 8.5709e+03 8.5155e+03 8.4607e+03 8.4063e+03 8.3525e+03 8.2992e+03 8.2463e+03 8.1940e+03 8.1421e+03 8.0907e+03 8.0397e+03 7.9892e+03 7.9392e+03 7.8897e+03 7.8406e+03 7.7919e+03 7.7437e+03 7.6959e+03 7.6485e+03 7.6016e+03 7.5550e+03 7.5089e+03 7.4633e+03 7.4180e+03 7.3731e+03 7.3286e+03 7.2845e+03 7.2408e+03 7.1975e+03 7.1546e+03 7.1120e+03 7.0698e+03
5.9251e-03 1.0177e+04 1.0107e+04 1.0039e+04 9.9709e+03 9.9036e+03 9.8369e+03 9.7709e+03 9.7056e+03 9.6408e+03 9.5767e+03 9.5131e+03 9.4502e+03 9.3879e+03 9.3262e+03 9.2650e+03 9.2045e+03 9.1445e+03 9.0850e+03 9.0262e+03 8.9678e+03 8.9101e+03 8.8528e+03 8.7961e+03 8.7400e+03 8.6843e+03 8.6292e+03 8.5745e+03 8.5204e+03 8.4668e+03 8.4136e+03 8.3610e+03 8.3088e+03 8.2571e+03 8.2058e+03 8.1551e+03 8.1047e+03 8.0549e+03 8.0055e+03 7.9565e+03 7.9079e+03 7.8598e+03 7.8121e+03 7.7649e+03 7.7180e+03 7.6716e+03 7.6255e+03 7.5799e+03 7.5346e+03 7.4898e+03 7.4453e+03
6.4242e-03 1.0692e+04 1.0619e+04 1.0547e+04 1.0475e+04 1.0405e+04 1.0335e+04 1.0265e+04 1.0197e+04 1.0129e+04 1.0061e+04 9.9944e+03 9.9283e+03 9.8628e+03 9.7980e+03 9.7337e+03 9.6701e+03 9.6071e+03 9.5447e+03 9.4828e+03 9.4216e+03 9.3609e+03 9.3008e+03 9.2412e+03 9.1822e+03 9.1237e+03 9.0658e+03 9.0084e+03 8.9515e+03 8.8952e+03 8.8393e+03 8.7840e+03 8.7292e+03 8.6748e+03 8.6210e+03 8.5676e+03 8.5148e+03 8.4624e+03 8.4104e+03 8.3590e+03 8.3080e+03 8.2574e+03 8.2073e+03 8.1577e+03 8.1085e+03 8.0597e+03 8.0114e+03 7.9635e+03 7.9160e+03 7.8689e+03 7.8222e+03
6.9653e-03 1.1203e+04 1.1127e+04 1.1052e+04 1.0977e+04 1.0903e+04 1.0829e+04 1.0757e+04 1.0685e+04 1.0614e+04 1.0543e+04 1.0473e+04 1.0404e+04 1.0335e+04 1.0267e+04 1.0200e+04 1.0133e+04 1.0067e+04 1.0002e+04 9.9369e+03 9.8727e+03 9.8090e+03 9.7460e+03 9.6836e+03 9.6218e+03 9.5605e+03 9.4998e+03 9.4397e+03 9.3801e+03 9.3210e+03 9.2625e+03 9.2046e+03 9.1471e+03 9.0902e+03 9.0338e+03 8.9779e+03 8.9225e+03 8.8676e+03 8.8132e+03 8.7593e+03 8.7059e+03 8.6529e+03 8.6004e+03 8.5483e+03 8.4967e+03 8.4456e+03 8.3949e+03 8.3446e+03 8.2947e+03 8.2453e+03 8.1963e+03
7.5520e-03 1.1707e+04 1.1627e+04 1.1548e+04 1.1470e+04 1.1393e+04 1.1316e+04 1.1240e+04 1.1165e+04 1.1091e+04 1.1017e+04 1.0944e+04 1.0871e+04 1.0800e+04 1.0729e+04 1.0658e+04 1.0589e+04 1.0520e+04 1.0451e+04 1.0384e+04 1.0317e+04 1.0250e+04 1.0184e+04 1.0119e+04 1.0054e+04 9.9904e+03 9.9270e+03 9.8641e+03 9.8019e+03 9.7402e+03 9.6790e+03 9.6185e+03 9.5584e+03 9.4989e+03 9.4400e+03 9.3816e+03 9.3237e+03 9.2663e+03 9.2095e+03 9.1531e+03 9.0973e+03 9.0419e+03 8.9871e+03 8.9327e+03 8.8788e+03 8.8254e+03 8.7724e+03 8.7199e+03 8.6678e+03 8.6162e+03 8.5650e+03
8.1881e-03 1.2197e+04 1.2114e+04 1.2032e+04 1.1950e+04 1.1870e+04 1.1790e+04 1.1711e+04 1.1632e+04 1.1555e+04 1.1478e+04 1.1402e+04 1.1326e+04 1.1251e+04 1.1178e+04 1.1104e+04 1.1032e+04 1.0960e+04 1.0889e+04 1.0818e+04 1.0748e+04 1.0679e+04 1.0610e+04 1.0542e+04 1.0475e+04 1.0408e+04 1.0342e+04 1.0277e+04 1.0212e+04 1.0148e+04 1.0084e+04 1.0021e+04 9.9584e+03 9.8964e+03 9.8350e+03 9.7741e+03 9.7138e+03 9.6540e+03 9.5948e+03 9.5361e+03 9.4779e+03 9.4203e+03 9.3631e+03 9.3065e+03 9.2503e+03 9.1946e+03 9.1395e+03 9.0848e+03 9.0305e+03 8.9768e+03 8.9234e+03
8.8778e-03 1.2666e+04 1.2580e+04 1.2494e+04 1.2410e+04 1.2326e+04 1.2243e+04 1.2161e+04 1.2080e+04 1.1999e+04 1.1919e+04 1.1840e+04 1.1762e+04 1.1684e+04 1.1608e+04 1.1531e+04 1.1456e+04 1.1381e+04 1.1307e+04 1.1234e+04 1.1162e+04 1.1090e+04 1.1018e+04 1.0948e+04 1.0878e+04 1.0809e+04 1.0740e+04 1.0672e+04 1.0605e+04 1.0538e+04 1.0472e+04 1.0406e+04 1.0341e+04 1.0277e+04 1.0213e+04 1.0150e+04 1.0088e+04 1.0025e+04 9.9640e+03 9.9030e+03 9.8426e+03 9.7827e+03 9.7234e+03 9.6645e+03 9.6062e+03 9.5484e+03 9.4910e+03 9.4342e+03 9.3779e+03 9.3220e+03 9.2666e+03
9.6256e-03 1.3107e+04 1.3018e+04 1.2929e+04 1.2842e+04 1.2755e+04 1.2669e+04 1.2584e+04 1.2500e+04 1.2417e+04 1.2334e+04 1.2252e+04 1.2171e+04 1.2091e+04 1.2011e+04 1.1933e+04 1.1855e+04 1.1777e+04 1.1701e+04 1.1625e+04 1.1550e+04 1.1476e+04 1.1402e+04 1.1329e+04 1.1257e+04 1.1185e+04 1.1114e+04 1.1044e+04 1.0974e+04 1.0905e+04 1.0836e+04 1.0769e+04 1.0701e+04 1.0635e+04 1.0569e+04 1.0503e+04 1.0439e+04 1.0374e+04 1.0311e+04 1.0248e+04 1.0185e+04 1.0123e+04 1.0062e+04 1.0001e+04 9.9404e+03 9.8806e+03 9.8213e+03 9.7626e+03 9.7043e+03 9.6465e+03 9.5893e+03
1.0436e-02 1.3510e+04 1.3418e+04 1.3327e+04 1.3237e+04 1.3148e+04 1.3059e+04 1.2972e+04 1.2885e+04 1.2799e+04 1.2714e+04 1.2630e+04 1.2546e+04 1.2463e+04 1.2381e+04 1.2300e+04 1.2220e+04 1.2140e+04 1.2061e+04 1.1983e+04 1.1906e+04 1.1829e+04 1.1753e+04 1.1678e+04 1.1603e+04 1.1530e+04 1.1456e+04 1.1384e+04 1.1312e+04 1.1241e+04 1.1170e+04 1.1100e+04 1.1031e+04 1.0962e+04 1.0894e+04 1.0827e+04 1.0760e+04 1.0694e+04 1.0628e+04 1.0563e+04 1.0499e+04 1.0435e+04 1.0372e+04 1.0309e+04 1.0247e+04 1.0185e+04 1.0124e+04 1.0063e+04 1.0003e+04 9.9438e+03 9.8848e+03
1.1315e-02 1.3869e+04 1.3774e+04 1.3681e+04 1.3588e+04 1.3497e+04 1.3406e+04 1.3316e+04 1.3227e+04 1.3138e+04 1.3051e+04 1.2964e+04 1.2879e+04 1.2794e+04 1.2710e+04 1.2626e+04 1.2544e+04 1.2462e+04 1.2381e+04 1.2301e+04 1.2221e+04 1.2143e+04 1.2065e+04 1.1987e+04 1.1911e+04 1.1835e+04 1.1760e+04 1.1686e+04 1.1612e+04 1.1539e+04 1.1466e+04 1.1395e+04 1.1323e+04 1.1253e+04 1.1183e+04 1.1114e+04 1.1045e+04 1.0978e+04 1.0910e+04 1.0843e+04 1.0777e+04 1.0712e+04 1.0647e+04 1.0582e+04 1.0518e+04 1.0455e+04 1.0392e+04 1.0330e+04 1.0269e+04 1.0207e+04 1.0147e+04
1.2269e-02 1.4171e+04 1.4075e+04 1.3979e+04 1.3885e+04 1.3791e+04 1.3698e+04 1.3606e+04 1.3515e+04 1.3425e+04 1.3336e+04 1.3247e+04 1.3159e+04 1.3073e+04 1.2987e+04 1.2902e+04 1.2817e+04 1.2734e+04 1.2651e+04 1.2569e+04 1.2488e+04 1.2407e+04 1.2328e+04 1.2249e+04 1.2171e+04 1.2093e+04 1.2016e+04 1.1940e+04 1.1865e+04 1.1790e+04 1.1716e+04 1.1643e+04 1.1570e+04 1.1498e+04 1.1427e+04 1.1356e+04 1.1286e+04 1.1217e+04 1.1148e+04 1.1080e+04 1.1012e+04 1.0945e+04 1.0879e+04 1.0813e+04 1.0748e+04 1.0683e+04 1.0619e+04 1.0556e+04 1.0493e+04 1.0430e+04 1.0368e+04
1.3302e-02 1.4407e+04 1.4309e+04 1.4212e+04 1.4116e+04 1.4021e+04 1.3926e+04 1.3833e+04 1.3740e+04 1.3649e+04 1.3558e+04 1.3468e+04 1.3379e+04 1.3291e+04 1.3204e+04 1.3117e+04 1.3031e+04 1.2946e+04 1.2862e+04 1.2779e+04 1.2696e+04 1.2614e+04 1.2533e+04 1.2453e+04 1.2374e+04 1.2295e+04 1.2217e+04 1.2139e+04 1.2063e+04 1.1987e+04 1.1912e+04 1.1837e+04 1.1763e+04 1.1690e+04 1.1618e+04 1.1546e+04 1.1475e+04 1.1404e+04 1.1334e+04 1.1265e+04 1.1196e+04 1.1128e+04 1.1060e+04 1.0993e+04 1.0927e+04 1.0861e+04 1.0796e+04 1.0732e+04 1.0667e+04 1.0604e+04 1.0541e+04
1.4422e-02 1.4565e+04 1.4466e+04 1.4368e+04 1.4271e+04 1.4175e+04 1.4080e+04 1.3985e+04 1.3892e+04 1.3799e+04 1.3708e+04 1.3617e+04 1.3527e+04 1.3438e+04 1.3349e+04 1.3262e+04 1.3175e+04 1.3089e+04 1.3004e+04 1.2920e+04 1.2837e+04 1.2754e+04 1.2672e+04 1.2591e+04 1.2511e+04 1.2431e+04 1.2352e+04 1.2274e+04 1.2196e+04 1.2120e+04 1.2044e+04 1.1968e+04 1.1894e+04 1.1820e+04 1.1746e+04 1.1674e+04 1.1602e+04 1.1530e+04 1.1460e+04 1.1389e+04 1.1320e+04 1.1251e+04 1.1183e+04 1.1115e+04 1.1048e+04 1.0982e+04 1.0916e+04 1.0851e+04 1.0786e+04 1.0722e+04 1.0658e+04
1.5637e-02 1.4639e+04 1.4539e+04 1.4441e+04 1.4343e+04 1.4246e+04 1.4151e+04 1.4056e+04 1.3962e+04 1.3869e+04 1.3776e+04 1.3685e+04 1.3595e+04 1.3505e+04 1.3416e+04 1.3328e+04 1.3241e+04 1.3155e+04 1.3069e+04 1.2985e+04 1.2901e+04 1.2818e+04 1.2736e+04 1.2654e+04 1.2573e+04 1.2493e+04 1.2414e+04 1.2335e+04 1.2257e+04 1.2180e+04 1.2104e+04 1.2028e+04 1.1953e+04 1.1879e+04 1.1805e+04 1.1732e+04 1.1660e+04 1.1588e+04 1.1517e+04 1.1446e+04 1.1377e+04 1.1307e+04 1.1239e+04 1.1171e+04 1.1103e+04 1.1037e+04 1.0970e+04 1.0905e+04 1.0840e+04 1.0775e+04 1.0711e+04
1.6955e-02 1.4615e+04 1.4516e+04 1.4417e+04 1.4319e+04 1.4223e+04 1.4127e+04 1.4032e+04 1.3938e+04 1.3845e+04 1.3753e+04 1.3662e+04 1.3572e+04 1.3482e+04 1.3394e+04 1.3306e+04 1.3219e+04 1.3133e+04 1.3048e+04 1.2963e+04 1.2880e+04 1.2797e+04 1.2714e+04 1.2633e+04 1.2552e+04 1.2473e+04 1.2393e+04 1.2315e+04 1.2237e+04 1.2160e+04 1.2084e+04 1.2008e+04 1.1933e+04 1.1859e+04 1.1786e+04 1.1713e+04 1.1641e+04 1.1569e+04 1.1498e+04 1.1428e+04 1.1358e+04 1.1289e+04 1.1220e+04 1.1153e+04 1.1085e+04 1.1019e+04 1.0953e+04 1.0887e+04 1.0822e+04 1.0758e+04 1.0694e+04
1.8383e-02 1.4486e+04 1.4387e+04 1.4290e+04 1.4193e+04 1.4097e+04 1.4002e+04 1.3908e+04 1.3815e+04 1.3723e+04 1.3631e+04 1.3541e+04 1.3451e+04 1.3363e+04 1.3275e+04 1.3188e+04 1.3102e+04 1.3017e+04 1.2932e+04 1.2848e+04 1.2766e+04 1.2683e+04 1.2602e+04 1.2521e+04 1.2442e+04 1.2362e+04 1.2284e+04 1.2206e+04 1.2129e+04 1.2053e+04 1.1977e+04 1.1902e+04 1.1828e+04 1.1755e+04 1.1682e+04 1.1609e+04 1.1538e+04 1.1467e+04 1.1396e+04 1.1327e+04 1.1258e+04 1.1189e+04 1.1121e+04 1.1054e+04 1.0987e+04 1.0921e+04 1.0856e+04 1.0791e+04 1.0727e+04 1.0663e+04 1.0600e+04
1.9931e-02 1.4246e+04 1.4149e+04 1.4053e+04 1.3957e+04 1.3863e+04 1.3770e+04 1.3678e+04 1.3586e+04 1.3495e+04 1.3406e+04 1.3317e+04 1.3229e+04 1.3141e+04 1.3055e+04 1.2970e+04 1.2885e+04 1.2801e+04 1.2718e+04 1.2635e+04 1.2554e+04 1.2473e+04 1.2393e+04 1.2314e+04 1.2235e+04 1.2157e+04 1.2080e+04 1.2004e+04 1.1928e+04 1.1853e+04 1.1779e+04 1.1705e+04 1.1632e+04 1.1560e+04 1.1488e+04 1.1417e+04 1.1346e+04 1.1277e+04 1.1207e+04 1.1139e+04 1.1071e+04 1.1004e+04 1.0937e+04 1.0871e+04 1.0805e+04 1.0740e+04 1.0676e+04 1.0612e+04 1.0549e+04 1.0486e+04 1.0424e+04
2.1610e-02 1.3890e+04 1.3796e+04 1.3702e+04 1.3610e+04 1.3518e+04 1.3427e+04 1.3337e+04 1.3248e+04 1.3159e+04 1.3072e+04 1.2985e+04 1.2899e+04 1.2814e+04 1.2730e+04 1.2647e+04 1.2564e+04 1.2482e+04 1.2401e+04 1.2321e+04 1.2242e+04 1.2163e+04 1.2085e+04 1.2007e+04 1.1931e+04 1.1855e+04 1.1780e+04 1.1705e+04 1.1631e+04 1.1558e+04 1.1486e+04 1.1414e+04 1.1343e+04 1.1272e+04 1.1202e+04 1.1133e+04 1.1064e+04 1.0996e+04 1.0929e+04 1.0862e+04 1.0796e+04 1.0730e+04 1.0665e+04 1.0600e+04 1.0537e+04 1.0473e+04 1.0410e+04 1.0348e+04 1.0286e+04 1.0225e+04 1.0164e+04
2.3430e-02 1.3423e+04 1.3332e+04 1.3242e+04 1.3152e+04 1.3064e+04 1.2976e+04 1.2889e+04 1.2803e+04 1.2717e+04 1.2633e+04 1.2549e+04 1.2466e+04 1.2384e+04 1.2303e+04 1.2222e+04 1.2142e+04 1.2063e+04 1.1985e+04 1.1907e+04 1.1830e+04 1.1754e+04 1.1679e+04 1.1604e+04 1.1530e+04 1.1457e+04 1.1384e+04 1.1312e+04 1.1241e+04 1.1170e+04 1.1100e+04 1.1030e+04 1.0962e+04 1.0893e+04 1.0826e+04 1.0759e+04 1.0693e+04 1.0627e+04 1.0562e+04 1.0497e+04 1.0433e+04 1.0370e+04 1.0307e+04 1.0244e+04 1.0183e+04 1.0121e+04 1.0061e+04 1.0001e+04 9.9409e+03 9.8817e+03 9.8231e+03
2.5404e-02 1.2852e+04 1.2765e+04 1.2678e+04 1.2592e+04 1.2508e+04 1.2423e+04 1.2340e+04 1.2258e+04 1.2176e+04 1.2095e+04 1.2015e+04 1.1936e+04 1.1857e+04 1.1779e+04 1.1702e+04 1.1625e+04 1.1550e+04 1.1475e+04 1.1400e+04 1.1327e+04 1.1254e+04 1.1182e+04 1.1110e+04 1.1039e+04 1.0969e+04 1.0899e+04 1.0830e+04 1.0762e+04 1.0694e+04 1.0627e+04 1.0561e+04 1.0495e+04 1.0430e+04 1.0365e+04 1.0301e+04 1.0238e+04 1.0175e+04 1.0112e+04 1.0050e+04 9.9892e+03 9.9284e+03 9.8682e+03 9.8086e+03 9.7494e+03 9.6908e+03 9.6326e+03 9.5750e+03 9.5178e+03 9.4611e+03 9.4049e+03
2.7544e-02 1.2190e+04 1.2107e+04 1.2025e+04 1.1944e+04 1.1863e+04 1.1783e+04 1.1704e+04 1.1626e+04 1.1549e+04 1.1472e+04 1.1396e+04 1.1321e+04 1.1246e+04 1.1172e+04 1.1099e+04 1.1026e+04 1.0955e+04 1.0884e+04 1.0813e+04 1.0743e+04 1.0674e+04 1.0606e+04 1.0538e+04 1.0471e+04 1.0404e+04 1.0338e+04 1.0273e+04 1.0208e+04 1.0144e+04 1.0080e+04 1.0017e+04 9.9544e+03 9.8925e+03 9.8312e+03 9.7704e+03 9.7102e+03 9.6505e+03 9.5913e+03 9.5327e+03 9.4746e+03 9.4170e+03 9.3599e+03 9.3033e+03 9.2472e+03 9.1916e+03 9.1365e+03 9.0818e+03 9.0276e+03 8.9739e+03 8.9206e+03
2.9864e-02 1.1458e+04 1.1380e+04 1.1303e+04 1.1227e+04 1.1151e+04 1.1076e+04 1.1002e+04 1.0928e+04 1.0855e+04 1.0783e+04 1.0712e+04 1.0641e+04 1.0571e+04 1.0501e+04 1.0433e+04 1.0365e+04 1.0297e+04 1.0230e+04 1.0164e+04 1.0098e+04 1.0033e+04 9.9690e+03 9.9052e+03 9.8420e+03 9.7794e+03 9.7173e+03 9.6559e+03 9.5950e+03 9.5346e+03 9.4748e+03 9.4156e+03 9.3569e+03 9.2987e+03 9.2411e+03 9.1839e+03 9.1273e+03 9.0712e+03 9.0156e+03 8.9605e+03 8.9058e+03 8.8517e+03 8.7980e+03 8.7448e+03 8.6921e+03 8.6398e+03 8.5879e+03 8.5365e+03 8.4856e+03 8.4350e+03 8.3849e+03
3.2379e-02 1.0684e+04 1.0611e+04 1.0539e+04 1.0468e+04 1.0398e+04 1.0328e+04 1.0259e+04 1.0190e+04 1.0122e+04 1.0055e+04 9.9882e+03 9.9222e+03 9.8568e+03 9.7921e+03 9.7279e+03 9.6644e+03 9.6014e+03 9.5391e+03 9.4774e+03 9.4162e+03 9.3556e+03 9.2955e+03 9.2360e+03 9.1771e+03 9.1187e+03 9.0609e+03 9.0035e+03 8.9467e+03 8.8904e+03 8.8347e+03 8.7794e+03 8.7247e+03 8.6704e+03 8.6166e+03 8.5633e+03 8.5105e+03 8.4582e+03 8.4063e+03 8.3549e+03 8.3040e+03 8.2535e+03 8.2035e+03 8.1538e+03 8.1047e+03 8.0559e+03 8.0076e+03 7.9597e+03 7.9122e+03 7.8651e+03 7.8184e+03
3.5106e-02 9.9006e+03 9.8332e+03 9.7664e+03 9.7004e+03 9.6349e+03 9.5701e+03 9.5059e+03 9.4424e+03 9.3794e+03 9.3170e+03 9.2553e+03 9.1941e+03 9.1335e+03 9.0735e+03 9.0141e+03 8.9552e+03 8.8969e+03 8.8392e+03 8.7819e+03 8.7252e+03 8.6691e+03 8.6135e+03 8.5584e+03 8.5038e+03 8.4497e+03 8.3961e+03 8.3429e+03 8.2903e+03 8.2382e+03 8.1865e+03 8.1353e+03 8.0846e+03 8.0343e+03 7.9844e+03 7.9351e+03 7.8861e+03 7.8376e+03 7.7896e+03 7.7419e+03 7.6947e+03 7.6479e+03 7.6015e+03 7.5556e+03 7.5100e+03 7.4648e+03 7.4200e+03 7.3757e+03 7.3316e+03 7.2880e+03 7.2447e+03
3.8064e-02 9.1415e+03 9.0793e+03 9.0177e+03 8.9567e+03 8.8963e+03 8.8364e+03 8.7771e+03 8.7184e+03 8.6603e+03 8.6027e+03 8.5457e+03 8.4892e+03 8.4332e+03 8.3778e+03 8.3229e+03 8.2685e+03 8.2147e+03 8.1613e+03 8.1084e+03 8.0561e+03 8.0042e+03 7.9528e+03 7.9019e+03 7.8515e+03 7.8015e+03 7.7520e+03 7.7030e+03 7.6544e+03 7.6062e+03 7.5585e+03 7.5112e+03 7.4644e+03 7.4180e+03 7.3720e+03 7.3264e+03 7.2812e+03 7.2364e+03 7.1920e+03 7.1480e+03 7.1044e+03 7.0612e+03 7.0184e+03 6.9759e+03 6.9339e+03 6.8921e+03 6.8508e+03 6.8097e+03 6.7691e+03 6.7287e+03 6.6888e+03
4.1270e-02 8.4396e+03 8.3821e+03 8.3252e+03 8.2689e+03 8.2130e+03 8.1578e+03 8.1030e+03 8.0488e+03 7.9951e+03 7.9419e+03 7.8893e+03 7.8371e+03 7.7854e+03 7.7343e+03 7.6836e+03 7.6334e+03 7.5836e+03 7.5344e+03 7.4856e+03 7.4373e+03 7.3894e+03 7.3419e+03 7.2950e+03 7.2484e+03 7.2023e+03 7.1565e+03 7.1113e+03 7.0664e+03 7.0219e+03 6.9778e+03 6.9342e+03 6.8909e+03 6.8480e+03 6.8055e+03 6.7634e+03 6.7216e+03 6.6803e+03 6.6393e+03 6.5987e+03 6.5584e+03 6.5185e+03 6.4790e+03 6.4398e+03 6.4009e+03 6.3624e+03 6.3243e+03 6.2864e+03 6.2489e+03 6.2117e+03 6.1749e+03
4.4746e-02 7.8205e+03 7.7672e+03 7.7144e+03 7.6622e+03 7.6104e+03 7.5592e+03 7.5084e+03 7.4582e+03 7.4084e+03 7.3591e+03 7.3103e+03 7.2619e+03 7.2140e+03 7.1666e+03 7.1196e+03 7.0731e+03 7.0270e+03 6.9813e+03 6.9361e+03 6.8913e+03 6.8469e+03 6.8030e+03 6.7594e+03 6.7162e+03 6.6735e+03 6.6311e+03 6.5891e+03 6.5475e+03 6.5063e+03 6.4654e+03 6.4250e+03 6.3849e+03 6.3451e+03 6.3057e+03 6.2667e+03 6.2280e+03 6.1896e+03 6.1517e+03 6.1140e+03 6.0767e+03 6.0397e+03 6.0030e+03 5.9667e+03 5.9307e+03 5.8950e+03 5.8596e+03 5.8245e+03 5.7898e+03 5.7553e+03 5.7211e+03
4.8515e-02 7.2966e+03 7.2469e+03 7.1977e+03 7.1490e+03 7.1007e+03 7.0529e+03 7.0056e+03 6.9587e+03 6.9122e+03 6.8662e+03 6.8207e+03 6.7755e+03 6.7308e+03 6.6866e+03 6.6427e+03 6.5993e+03 6.5563e+03 6.5136e+03 6.4714e+03 6.4296e+03 6.3882e+03 6.3471e+03 6.3065e+03 6.2662e+03 6.2262e+03 6.1867e+03 6.1475e+03 6.1087e+03 6.0702e+03 6.0321e+03 5.9943e+03 5.9569e+03 5.9198e+03 5.8830e+03 5.8466e+03 5.8105e+03 5.7747e+03 5.7393e+03 5.7041e+03 5.6693e+03 5.6348e+03 5.6006e+03 5.5667e+03 5.5331e+03 5.4998e+03 5.4668e+03 5.4341e+03 5.4016e+03 5.3695e+03 5.3376e+03
5.2602e-02 6.8644e+03 6.8176e+03 6.7713e+03 6.7255e+03 6.6800e+03 6.6351e+03 6.5905e+03 6.5464e+03 6.5027e+03 6.4594e+03 6.4165e+03 6.3740e+03 6.3320e+03 6.2903e+03 6.2490e+03 6.2081e+03 6.1676e+03 6.1275e+03 6.0878e+03 6.0484e+03 6.0094e+03 5.9708e+03 5.9326e+03 5.8946e+03 5.8571e+03 5.8199e+03 5.7830e+03 5.7465e+03 5.7103e+03 5.6744e+03 5.6389e+03 5.6037e+03 5.5688e+03 5.5342e+03 5.4999e+03 5.4660e+03 5.4323e+03 5.3989e+03 5.3659e+03 5.3331e+03 5.3006e+03 5.2684e+03 5.2365e+03 5.2049e+03 5.1735e+03 5.1424e+03 5.1116e+03 5.0810e+03 5.0507e+03 5.0206e+03
5.7032e-02 6.4979e+03 6.4536e+03 6.4098e+03 6.3664e+03 6.3234e+03 6.2808e+03 6.2386e+03 6.1968e+03 6.1554e+03 6.1144e+03 6.0738e+03 6.0336e+03 5.9938e+03 5.9543e+03 5.9153e+03 5.8765e+03 5.8382e+03 5.8002e+03 5.7626e+03 5.7253e+03 5.6884e+03 5.6518e+03 5.6156e+03 5.5797e+03 5.5441e+03 5.5089e+03 5.4740e+03 5.4394e+03 5.4051e+03 5.3711e+03 5.3375e+03 5.3041e+03 5.2711e+03 5.2383e+03 5.2059e+03 5.1737e+03 5.1419e+03 5.1103e+03 5.0790e+03 5.0480e+03 5.0172e+03 4.9868e+03 4.9565e+03 4.9266e+03 4.8969e+03 4.8675e+03 4.8383e+03 4.8094e+03 4.7807e+03 4.7522e+03
6.1836e-02 6.1523e+03 6.1104e+03 6.0688e+03 6.0277e+03 5.9869e+03 5.9466e+03 5.9066e+03 5.8670e+03 5.8278e+03 5.7890e+03 5.7505e+03 5.7124e+03 5.6747e+03 5.6373e+03 5.6003e+03 5.5637e+03 5.5274e+03 5.4914e+03 5.4558e+03 5.4205e+03 5.3855e+03 5.3509e+03 5.3165e+03 5.2825e+03 5.2489e+03 5.2155e+03 5.1824e+03 5.1496e+03 5.1172e+03 5.0850e+03 5.0531e+03 5.0215e+03 4.9902e+03 4.9592e+03 4.9285e+03 4.8980e+03 4.8678e+03 4.8379e+03 4.8083e+03 4.7789e+03 4.7498e+03 4.7209e+03 4.6923e+03 4.6640e+03 4.6359e+03 4.6080e+03 4.5804e+03 4.5531e+03 4.5260e+03 4.4991e+03
6.7045e-02 5.7706e+03 5.7313e+03 5.6923e+03 5.6537e+03 5.6155e+03 5.5776e+03 5.5401e+03 5.5030e+03 5.4662e+03 5.4298e+03 5.3937e+03 5.3580e+03 5.3225e+03 5.2875e+03 5.2527e+03 5.2183e+03 5.1843e+03 5.1505e+03 5.1171e+03 5.0839e+03 5.0511e+03 5.0186e+03 4.9864e+03 4.9545e+03 4.9229e+03 4.8916e+03 4.8605e+03 4.8298e+03 4.7993e+03 4.7691e+03 4.7392e+03 4.7096e+03 4.6802e+03 4.6511e+03 4.6223e+03 4.5937e+03 4.5654e+03 4.5373e+03 4.5095e+03 4.4819e+03 4.4546e+03 4.4275e+03 4.4007e+03 4.3741e+03 4.3477e+03 4.3216e+03 4.2956e+03 4.2699e+03 4.2445e+03 4.2192e+03
7.2692e-02 5.3060e+03 5.2698e+03 5.2340e+03 5.1984e+03 5.1633e+03 5.1284e+03 5.0939e+03 5.0597e+03 5.0259e+03 4.9923e+03 4.9591e+03 4.9262e+03 4.8936e+03 4.8613e+03 4.8294e+03 4.7977e+03 4.7663e+03 4.7352e+03 4.7045e+03 4.6740e+03 4.6438e+03 4.6138e+03 4.5842e+03 4.5548e+03 4.5257e+03 4.4969e+03 4.4683e+03 4.4400e+03 4.4120e+03 4.3842e+03 4.3567e+03 4.3294e+03 4.3024e+03 4.2756e+03 4.2491e+03 4.2228e+03 4.1968e+03 4.1709e+03 4.1453e+03 4.1200e+03 4.0948e+03 4.0699e+03 4.0452e+03 4.0207e+03 3.9964e+03 3.9724e+03 3.9485e+03 3.9248e+03 3.9014e+03 3.8781e+03
7.8815e-02 4.7493e+03 4.7168e+03 4.6846e+03 4.6528e+03 4.6212e+03 4.5900e+03 4.5590e+03 4.5283e+03 4.4979e+03 4.4679e+03 4.4381e+03 4.4085e+03 4.3793e+03 4.3504e+03 4.3217e+03 4.2933e+03 4.2651e+03 4.2373e+03 4.2097e+03 4.1823e+03 4.1552e+03 4.1284e+03 4.1018e+03 4.0755e+03 4.0494e+03 4.0236e+03 3.9980e+03 3.9726e+03 3.9475e+03 3.9226e+03 3.8979e+03 3.8735e+03 3.8493e+03 3.8253e+03 3.8015e+03 3.7779e+03 3.7546e+03 3.7314e+03 3.7085e+03 3.6857e+03 3.6632e+03 3.6409e+03 3.6187e+03 3.5968e+03 3.5750e+03 3.5534e+03 3.5320e+03 3.5108e+03 3.4897e+03 3.4688e+03
8.5454e-02 4.1429e+03 4.1145e+03 4.0863e+03 4.0584e+03 4.0308e+03 4.0034e+03 3.9763e+03 3.9495e+03 3.9229e+03 3.8966e+03 3.8705e+03 3.8447e+03 3.8191e+03 3.7937e+03 3.7686e+03 3.7438e+03 3.7191e+03 3.6947e+03 3.6706e+03 3.6466e+03 3.6229e+03 3.5994e+03 3.5762e+03 3.5531e+03 3.5303e+03 3.5077e+03 3.4853e+03 3.4631e+03 3.4411e+03 3.4193e+03 3.3978e+03 3.3764e+03 3.3552e+03 3.3342e+03 3.3134e+03 3.2928e+03 3.2724e+03 3.2521e+03 3.2321e+03 3.2122e+03 3.1925e+03 3.1730e+03 3.1536e+03 3.1344e+03 3.1154e+03 3.0965e+03 3.0778e+03 3.0593e+03 3.0409e+03 3.0227e+03
9.2652e-02 3.5737e+03 3.5490e+03 3.5245e+03 3.5003e+03 3.4763e+03 3.4526e+03 3.4291e+03 3.4058e+03 3.3827e+03 3.3599e+03 3.3373e+03 3.3149e+03 3.2927e+03 3.2707e+03 3.2490e+03 3.2274e+03 3.2061e+03 3.1850e+03 3.1640e+03 3.1433e+03 3.1228e+03 3.1025e+03 3.0823e+03 3.0624e+03 3.0426e+03 3.0230e+03 3.0036e+03 2.9844e+03 2.9653e+03 2.9465e+03 2.9278e+03 2.9093e+03 2.8909e+03 2.8727e+03 2.8547e+03 2.8369e+03 2.8192e+03 2.8017e+03 2.7843e+03 2.7671e+03 2.7500e+03 2.7331e+03 2.7164e+03 2.6998e+03 2.6833e+03 2.6670e+03 2.6508e+03 2.6348e+03 2.6189e+03 2.6031e+03
1.0046e-01 3.1256e+03 3.1038e+03 3.0823e+03 3.0610e+03 3.0399e+03 3.0190e+03 2.9983e+03 2.9779e+03 2.9576e+03 2.9375e+03 2.9176e+03 2.8979e+03 2.8785e+03 2.8591e+03 2.8400e+03 2.8211e+03 2.8024e+03 2.7838e+03 2.7654e+03 2.7472e+03 2.7292e+03 2.7113e+03 2.6936e+03 2.6761e+03 2.6587e+03 2.6415e+03 2.6245e+03 2.6076e+03 2.5909e+03 2.5743e+03 2.5579e+03 2.5417e+03 2.5256e+03 2.5096e+03 2.4938e+03 2.4781e+03 2.4626e+03 2.4472e+03 2.4320e+03 2.4169e+03 2.4019e+03 2.3871e+03 2.3724e+03 2.3578e+03 2.3434e+03 2.3291e+03 2.3149e+03 2.3008e+03 2.2869e+03 2.2731e+03
1.0892e-01 2.8281e+03 2.8083e+03 2.7888e+03 2.7695e+03 2.7503e+03 2.7313e+03 2.7126e+03 2.6940e+03 2.6756e+03 2.6574e+03 2.6393e+03 2.6215e+03 2.6038e+03 2.5863e+03 2.5689e+03 2.5517e+03 2.5347e+03 2.5179e+03 2.5012e+03 2.4847e+03 2.4683e+03 2.4521e+03 2.4361e+03 2.4202e+03 2.4044e+03 2.3888e+03 2.3734e+03 2.3580e+03 2.3429e+03 2.3278e+03 2.3130e+03 2.2982e+03 2.2836e+03 2.2691e+03 2.2548e+03 2.2406e+03 2.2265e+03 2.2125e+03 2.1987e+03 2.1850e+03 2.1714e+03 2.1580e+03 2.1447e+03 2.1315e+03 2.1184e+03 2.1054e+03 2.0926e+03 2.0799e+03 2.0673e+03 2.0548e+03
1.1809e-01 2.6296e+03 2.6113e+03 2.5931e+03 2.5751e+03 2.5573e+03 2.5397e+03 2.5223e+03 2.5050e+03 2.4879e+03 2.4709e+03 2.4541e+03 2.4375e+03 2.4211e+03 2.4048e+03 2.3886e+03 2.3726e+03 2.3568e+03 2.3411e+03 2.3256e+03 2.3102e+03 2.2950e+03 2.2799e+03 2.2650e+03 2.2502e+03 2.2355e+03 2.2210e+03 2.2066e+03 2.1924e+03 2.1782e+03 2.1643e+03 2.1504e+03 2.1367e+03 2.1231e+03 2.1096e+03 2.0963e+03 2.0831e+03 2.0700e+03 2.0570e+03 2.0441e+03 2.0314e+03 2.0187e+03 2.0062e+03 1.9938e+03 1.9815e+03 1.9693e+03 1.9572e+03 1.9452e+03 1.9334e+03 1.9216e+03 1.9099e+03
1.2804e-01 2.4229e+03 2.4060e+03 2.3893e+03 2.3727e+03 2.3563e+03 2.3401e+03 2.3240e+03 2.3080e+03 2.2922e+03 2.2766e+03 2.2611e+03 2.2458e+03 2.2306e+03 2.2155e+03 2.2006e+03 2.1859e+03 2.1713e+03 2.1568e+03 2.1425e+03 2.1283e+03 2.1142e+03 2.1003e+03 2.0865e+03 2.0728e+03 2.0593e+03 2.0459e+03 2.0326e+03 2.0195e+03 2.0065e+03 1.9936e+03 1.9808e+03 1.9682e+03 1.9556e+03 1.9432e+03 1.9309e+03 1.9187e+03 1.9066e+03 1.8947e+03 1.8828e+03 1.8710e+03 1.8594e+03 1.8478e+03 1.8364e+03 1.8251e+03 1.8138e+03 1.8027e+03 1.7916e+03 1.7806e+03 1.7698e+03 1.7590e+03
1.3883e-01 2.1351e+03 2.1201e+03 2.1053e+03 2.0906e+03 2.0760e+03 2.0616e+03 2.0473e+03 2.0332e+03 2.0192e+03 2.0053e+03 1.9916e+03 1.9780e+03 1.9645e+03 1.9511e+03 1.9379e+03 1.9248e+03 1.9119e+03 1.8991e+03 1.8863e+03 1.8738e+03 1.8613e+03 1.8490e+03 1.8367e+03 1.8246e+03 1.8126e+03 1.8008e+03 1.7890e+03 1.7773e+03 1.7658e+03 1.7544e+03 1.7431e+03 1.7318e+03 1.7207e+03 1.7097e+03 1.6988e+03 1.6880e+03 1.6773e+03 1.6667e+03 1.6562e+03 1.6458e+03 1.6355e+03 1.6253e+03 1.6152e+03 1.6052e+03 1.5952e+03 1.5854e+03 1.5756e+03 1.5660e+03 1.5564e+03 1.5469e+03
1.5052e-01 1.8127e+03 1.7999e+03 1.7871e+03 1.7745e+03 1.7619e+03 1.7495e+03 1.7373e+03 1.7251e+03 1.7131e+03 1.7011e+03 1.6893e+03 1.6776e+03 1.6661e+03 1.6546e+03 1.6432e+03 1.6320e+03 1.6209e+03 1.6098e+03 1.5989e+03 1.5881e+03 1.5774e+03 1.5668e+03 1.5563e+03 1.5459e+03 1.5356e+03 1.5254e+03 1.5154e+03 1.5054e+03 1.4955e+03 1.4857e+03 1.4760e+03 1.4664e+03 1.4569e+03 1.4474e+03 1.4381e+03 1.4288e+03 1.4197e+03 1.4106e+03 1.4016e+03 1.3927e+03 1.3838e+03 1.3751e+03 1.3664e+03 1.3578e+03 1.3493e+03 1.3408e+03 1.3325e+03 1.3241e+03 1.3159e+03 1.3077e+03
1.6320e-01 1.5653e+03 1.5540e+03 1.5428e+03 1.5317e+03 1.5207e+03 1.5098e+03 1.4991e+03 1.4884e+03 1.4779e+03 1.4675e+03 1.4572e+03 1.4469e+03 1.4368e+03 1.4268e+03 1.4169e+03 1.4071e+03 1.3974e+03 1.3878e+03 1.3782e+03 1.3688e+03 1.3595e+03 1.3503e+03 1.3411e+03 1.3321e+03 1.3231e+03 1.3142e+03 1.3054e+03 1.2967e+03 1.2881e+03 1.2795e+03 1.2711e+03 1.2627e+03 1.2544e+03 1.2462e+03 1.2380e+03 1.2300e+03 1.2220e+03 1.2141e+03 1.2062e+03 1.1985e+03 1.1908e+03 1.1832e+03 1.1756e+03 1.1682e+03 1.1608e+03 1.1534e+03 1.1462e+03 1.1390e+03 1.1318e+03 1.1248e+03
1.7694e-01 1.4175e+03 1.4072e+03 1.3971e+03 1.3870e+03 1.3770e+03 1.3671e+03 1.3574e+03 1.3477e+03 1.3381e+03 1.3287e+03 1.3193e+03 1.3100e+03 1.3008e+03 1.2917e+03 1.2827e+03 1.2738e+03 1.2650e+03 1.2563e+03 1.2476e+03 1.2391e+03 1.2306e+03 1.2222e+03 1.2139e+03 1.2057e+03 1.1976e+03 1.1895e+03 1.1815e+03 1.1736e+03 1.1658e+03 1.1580e+03 1.1504e+03 1.1427e+03 1.1352e+03 1.1278e+03 1.1204e+03 1.1131e+03 1.1058e+03 1.0986e+03 1.0915e+03 1.0845e+03 1.0775e+03 1.0706e+03 1.0637e+03 1.0570e+03 1.0502e+03 1.0436e+03 1.0370e+03 1.0304e+03 1.0240e+03 1.0176e+03
1.9185e-01 1.2836e+03 1.2743e+03 1.2651e+03 1.2559e+03 1.2469e+03 1.2379e+03 1.2291e+03 1.2203e+03 1.2116e+03 1.2031e+03 1.1945e+03 1.1861e+03 1.1778e+03 1.1695e+03 1.1614e+03 1.1533e+03 1.1453e+03 1.1374e+03 1.1295e+03 1.1218e+03 1.1141e+03 1.1065e+03 1.0989e+03 1.0915e+03 1.0841e+03 1.0768e+03 1.0695e+03 1.0624e+03 1.0553e+03 1.0482e+03 1.0413e+03 1.0344e+03 1.0275e+03 1.0208e+03 1.0141e+03 1.0074e+03 1.0008e+03 9.9433e+02 9.8788e+02 9.8149e+02 9.7516e+02 9.6889e+02 9.6268e+02 9.5653e+02 9.5043e+02 9.4439e+02 9.3841e+02 9.3248e+02 9.2661e+02 9.2078e+02
2.0801e-01 1.1093e+03 1.1011e+03 1.0930e+03 1.0850e+03 1.0771e+03 1.0692e+03 1.0615e+03 1.0538e+03 1.0461e+03 1.0386e+03 1.0312e+03 1.0238e+03 1.0165e+03 1.0092e+03 1.0021e+03 9.9501e+02 9.8800e+02 9.8106e+02 9.7419e+02 9.6739e+02 9.6066e+02 9.5400e+02 9.4740e+02 9.4087e+02 9.3441e+02 9.2801e+02 9.2167e+02 9.1540e+02 9.0918e+02 9.0303e+02 8.9694e+02 8.9091e+02 8.8494e+02 8.7902e+02 8.7317e+02 8.6737e+02 8.6162e+02 8.5593e+02 8.5030e+02 8.4472e+02 8.3919e+02 8.3372e+02 8.2830e+02 8.2293e+02 8.1761e+02 8.1234e+02 8.0711e+02 8.0194e+02 7.9681e+02 7.9174e+02
2.2553e-01 9.5624e+02 9.4905e+02 9.4194e+02 9.3490e+02 9.2794e+02 9.2105e+02 9.1423e+02 9.0749e+02 9.0081e+02 8.9421e+02 8.8768e+02 8.8121e+02 8.7481e+02 8.6848e+02 8.6221e+02 8.5601e+02 8.4987e+02 8.4380e+02 8.3779e+02 8.3184e+02 8.2595e+02 8.2012e+02 8.1436e+02 8.0865e+02 8.0299e+02 7.9740e+02 7.9186e+02 7.8638e+02 7.8095e+02 7.7557e+02 7.7025e+02 7.6498e+02 7.5977e+02 7.5460e+02 7.4949e+02 7.4443e+02 7.3941e+02 7.3445e+02 7.2953e+02 7.2466e+02 7.1984e+02 7.1507e+02 7.1034e+02 7.0565e+02 7.0102e+02 6.9642e+02 6.9187e+02 6.8736e+02 6.8289e+02 6.7847e+02
2.4453e-01 8.5442e+02 8.4798e+02 8.4160e+02 8.3529e+02 8.2905e+02 8.2288e+02 8.1676e+02 8.1072e+02 8.0473e+02 7.9881e+02 7.9295e+02 7.8715e+02 7.8142e+02 7.7574e+02 7.7012e+02 7.6456e+02 7.5905e+02 7.5361e+02 7.4822e+02 7.4288e+02 7.3760e+02 7.3238e+02 7.2720e+02 7.2208e+02 7.1701e+02 7.1200e+02 7.0703e+02 7.0211e+02 6.9725e+02 6.9243e+02 6.8766e+02 6.8293e+02 6.7826e+02 6.7363e+02 6.6904e+02 6.6450e+02 6.6001e+02 6.5556e+02 6.5115e+02 6.4679e+02 6.4247e+02 6.3819e+02 6.3395e+02 6.2975e+02 6.2559e+02 6.2147e+02 6.1739e+02 6.1335e+02 6.0935e+02 6.0538e+02
2.6512e-01 7.5214e+02 7.4641e+02 7.4074e+02 7.3513e+02 7.2959e+02 7.2410e+02 7.1866e+02 7.1329e+02 7.0797e+02 7.0271e+02 6.9750e+02 6.9235e+02 6.8725e+02 6.8220e+02 6.7721e+02 6.7227e+02 6.6738e+02 6.6254e+02 6.5775e+02 6.5301e+02 6.4832e+02 6.4368e+02 6.3909e+02 6.3454e+02 6.3004e+02 6.2559e+02 6.2118e+02 6.1681e+02 6.1249e+02 6.0822e+02 6.0399e+02 5.9979e+02 5.9565e+02 5.9154e+02 5.8747e+02 5.8345e+02 5.7946e+02 5.7551e+02 5.7160e+02 5.6773e+02 5.6390e+02 5.6011e+02 5.5635e+02 5.5262e+02 5.4894e+02 5.4528e+02 5.4167e+02 5.3808e+02 5.3453e+02 5.3101e+02
2.8746e-01 6.5189e+02 6.4683e+02 6.4182e+02 6.3687e+02 6.3197e+02 6.2712e+02 6.2233e+02 6.1759e+02 6.1290e+02 6.0825e+02 6.0366e+02 5.9912e+02 5.9462e+02 5.9018e+02 5.8578e+02 5.8142e+02 5.7712e+02 5.7285e+02 5.6864e+02 5.6446e+02 5.6033e+02 5.5625e+02 5.5220e+02 5.4820e+02 5.4424e+02 5.4032e+02 5.3644e+02 5.3260e+02 5.2880e+02 5.2504e+02 5.2131e+02 5.1763e+02 5.1398e+02 5.1036e+02 5.0679e+02 5.0325e+02 4.9975e+02 4.9628e+02 4.9284e+02 4.8945e+02 4.8608e+02 4.8275e+02 4.7945e+02 4.7618e+02 4.7295e+02 4.6975e+02 4.6658e+02 4.6344e+02 4.6033e+02 4.5725e+02
3.1167e-01 5.7568e+02 5.7118e+02 5.6673e+02 5.6233e+02 5.5798e+02 5.5367e+02 5.4941e+02 5.4519e+02 5.4102e+02 5.3690e+02 5.3281e+02 5.2878e+02 5.2478e+02 5.2083e+02 5.1692e+02 5.1305e+02 5.0922e+02 5.0543e+02 5.0168e+02 4.9797e+02 4.9430e+02 4.9067e+02 4.8708e+02 4.8352e+02 4.8000e+02 4.7652e+02 4.7307e+02 4.6966e+02 4.6628e+02 4.6294e+02 4.5963e+02 4.5636e+02 4.5312e+02 4.4991e+02 4.4673e+02 4.4359e+02 4.4048e+02 4.3740e+02 4.3435e+02 4.3133e+02 4.2834e+02 4.2538e+02 4.2245e+02 4.1955e+02 4.1668e+02 4.1384e+02 4.1102e+02 4.0823e+02 4.0547e+02 4.0274e+02
3.3792e-01 5.0328e+02 4.9930e+02 4.9536e+02 4.9147e+02 4.8761e+02 4.8380e+02 4.8002e+02 4.7629e+02 4.7260e+02 4.6894e+02 4.6533e+02 4.6175e+02 4.5821e+02 4.5471e+02 4.5125e+02 4.4782e+02 4.4443e+02 4.4108e+02 4.3776e+02 4.3448e+02 4.3123e+02 4.2801e+02 4.2483e+02 4.2169e+02 4.1857e+02 4.1549e+02 4.1244e+02 4.0943e+02 4.0644e+02 4.0349e+02 4.0056e+02 3.9767e+02 3.9480e+02 3.9197e+02 3.8916e+02 3.8639e+02 3.8364e+02 3.8092e+02 3.7822e+02 3.7555e+02 3.7291e+02 3.7030e+02 3.6771e+02 3.6515e+02 3.6261e+02 3.6010e+02 3.5761e+02 3.5514e+02 3.5270e+02 3.5028e+02
3.6639e-01 4.4061e+02 4.3708e+02 4.3359e+02 4.3014e+02 4.2673e+02 4.2335e+02 4.2001e+02 4.1671e+02 4.1344e+02 4.1020e+02 4.0700e+02 4.0384e+02 4.0071e+02 3.9761e+02 3.9454e+02 3.9151e+02 3.8851e+02 3.8554e+02 3.8260e+02 3.7969e+02 3.7682e+02 3.7397e+02 3.7116e+02 3.6837e+02 3.6562e+02 3.6289e+02 3.6019e+02 3.5752e+02 3.5488e+02 3.5227e+02 3.4968e+02 3.4712e+02 3.4458e+02 3.4208e+02 3.3959e+02 3.3714e+02 3.3471e+02 3.3230e+02 3.2992e+02 3.2756e+02 3.2523e+02 3.2292e+02 3.2063e+02 3.1837e+02 3.1613e+02 3.1391e+02 3.1171e+02 3.0954e+02 3.0739e+02 3.0525e+02
3.9725e-01 3.8608e+02 3.8296e+02 3.7987e+02 3.7682e+02 3.7380e+02 3.7081e+02 3.6785e+02 3.6493e+02 3.6203e+02 3.5917e+02 3.5634e+02 3.5354e+02 3.5077e+02 3.4803e+02 3.4531e+02 3.4263e+02 3.3997e+02 3.3735e+02 3.3475e+02 3.3218e+02 3.2963e+02 3.2712e+02 3.2463e+02 3.2216e+02 3.1973e+02 3.1731e+02 3.1493e+02 3.1256e+02 3.1023e+02 3.0792e+02 3.0563e+02 3.0336e+02 3.0112e+02 2.9890e+02 2.9671e+02 2.9454e+02 2.9239e+02 2.9026e+02 2.8815e+02 2.8607e+02 2.8400e+02 2.8196e+02 2.7994e+02 2.7794e+02 2.7596e+02 2.7399e+02 2.7205e+02 2.7013e+02 2.6822e+02 2.6634e+02
4.3071e-01 3.3779e+02 3.3503e+02 3.3230e+02 3.2960e+02 3.2693e+02 3.2428e+02 3.2167e+02 3.1908e+02 3.1652e+02 3.1399e+02 3.1149e+02 3.0901e+02 3.0656e+02 3.0414e+02 3.0174e+02 2.9937e+02 2.9702e+02 2.9470e+02 2.9240e+02 2.9013e+02 2.8788e+02 2.8565e+02 2.8345e+02 2.8127e+02 2.7912e+02 2.7699e+02 2.7488e+02 2.7279e+02 2.7073e+02 2.6868e+02 2.6666e+02 2.6466e+02 2.6268e+02 2.6072e+02 2.5878e+02 2.5686e+02 2.5496e+02 2.5308e+02 2.5122e+02 2.4938e+02 2.4756e+02 2.4575e+02 2.4397e+02 2.4220e+02 2.4045e+02 2.3872e+02 2.3700e+02 2.3530e+02 2.3362e+02 2.3196e+02
4.6699e-01 2.9560e+02 2.9317e+02 2.9076e+02 2.8838e+02 2.8602e+02 2.8369e+02 2.8138e+02 2.7910e+02 2.7684e+02 2.7461e+02 2.7240e+02 2.7021e+02 2.6805e+02 2.6591e+02 2.6379e+02 2.6169e+02 2.5962e+02 2.5757e+02 2.5554e+02 2.5353e+02 2.5154e+02 2.4958e+02 2.4763e+02 2.4571e+02 2.4380e+02 2.4192e+02 2.4006e+02 2.3821e+02 2.3639e+02 2.3458e+02 2.3280e+02 2.3103e+02 2.2928e+02 2.2755e+02 2.2583e+02 2.2414e+02 2.2246e+02 2.2080e+02 2.1916e+02 2.1753e+02 2.1592e+02 2.1433e+02 2.1275e+02 2.1119e+02 2.0965e+02 2.0812e+02 2.0660e+02 2.0510e+02 2.0362e+02 2.0215e+02
5.0632e-01 2.5859e+02 2.5645e+02 2.5432e+02 2.5222e+02 2.5014e+02 2.4808e+02 2.4604e+02 2.4403e+02 2.4204e+02 2.4007e+02 2.3812e+02 2.3619e+02 2.3428e+02 2.3239e+02 2.3052e+02 2.2867e+02 2.2685e+02 2.2504e+02 2.2325e+02 2.2148e+02 2.1972e+02 2.1799e+02 2.1628e+02 2.1458e+02 2.1290e+02 2.1124e+02 2.0959e+02 2.0797e+02 2.0636e+02 2.0476e+02 2.0319e+02 2.0163e+02 2.0008e+02 1.9856e+02 1.9704e+02 1.9555e+02 1.9407e+02 1.9260e+02 1.9115e+02 1.8972e+02 1.8830e+02 1.8689e+02 1.8550e+02 1.8412e+02 1.8276e+02 1.8141e+02 1.8008e+02 1.7875e+02 1.7745e+02 1.7615e+02
5.4897e-01 2.2605e+02 2.2417e+02 2.2230e+02 2.2045e+02 2.1862e+02 2.1682e+02 2.1502e+02 2.1325e+02 2.1150e+02 2.0977e+02 2.0805e+02 2.0635e+02 2.0467e+02 2.0301e+02 2.0136e+02 1.9974e+02 1.9812e+02 1.9653e+02 1.9495e+02 1.9339e+02 1.9185e+02 1.9032e+02 1.8881e+02 1.8732e+02 1.8584e+02 1.8437e+02 1.8292e+02 1.8149e+02 1.8007e+02 1.7867e+02 1.7728e+02 1.7591e+02 1.7455e+02 1.7320e+02 1.7187e+02 1.7055e+02 1.6924e+02 1.6795e+02 1.6667e+02 1.6541e+02 1.6416e+02 1.6292e+02 1.6169e+02 1.6047e+02 1.5927e+02 1.5808e+02 1.5690e+02 1.5573e+02 1.5458e+02 1.5343e+02
5.9521e-01 1.9752e+02 1.9586e+02 1.9423e+02 1.9261e+02 1.9100e+02 1.8941e+02 1.8784e+02 1.8629e+02 1.8475e+02 1.8323e+02 1.8172e+02 1.8023e+02 1.7875e+02 1.7729e+02 1.7585e+02 1.7442e+02 1.7300e+02 1.7160e+02 1.7021e+02 1.6884e+02 1.6748e+02 1.6614e+02 1.6481e+02 1.6350e+02 1.6219e+02 1.6091e+02 1.5963e+02 1.5837e+02 1.5712e+02 1.5588e+02 1.5466e+02 1.5345e+02 1.5225e+02 1.5107e+02 1.4989e+02 1.4873e+02 1.4758e+02 1.4644e+02 1.4532e+02 1.4420e+02 1.4310e+02 1.4201e+02 1.4093e+02 1.3986e+02 1.3880e+02 1.3776e+02 1.3672e+02 1.3569e+02 1.3468e+02 1.3367e+02
6.4535e-01 1.7244e+02 1.7100e+02 1.6956e+02 1.6815e+02 1.6674e+02 1.6535e+02 1.6398e+02 1.6262e+02 1.6127e+02 1.5994e+02 1.5862e+02 1.5731e+02 1.5602e+02 1.5474e+02 1.5347e+02 1.5222e+02 1.5098e+02 1.4975e+02 1.4853e+02 1.4733e+02 1.4614e+02 1.4496e+02 1.4379e+02 1.4264e+02 1.4150e+02 1.4036e+02 1.3925e+02 1.3814e+02 1.3704e+02 1.3595e+02 1.3488e+02 1.3382e+02 1.3276e+02 1.3172e+02 1.3069e+02 1.2967e+02 1.2866e+02 1.2766e+02 1.2667e+02 1.2569e+02 1.2472e+02 1.2376e+02 1.2281e+02 1.2187e+02 1.2094e+02 1.2002e+02 1.1911e+02 1.1820e+02 1.1731e+02 1.1642e+02
6.9971e-01 1.5038e+02 1.4913e+02 1.4788e+02 1.4665e+02 1.4543e+02 1.4422e+02 1.4302e+02 1.4183e+02 1.4066e+02 1.3950e+02 1.3834e+02 1.3720e+02 1.3608e+02 1.3496e+02 1.3385e+02 1.3276e+02 1.3167e+02 1.3060e+02 1.2953e+02 1.2848e+02 1.2744e+02 1.2641e+02 1.2539e+02 1.2438e+02 1.2338e+02 1.2239e+02 1.2140e+02 1.2043e+02 1.1947e+02 1.1852e+02 1.1758e+02 1.1665e+02 1.1573e+02 1.1481e+02 1.1391e+02 1.1301e+02 1.1213e+02 1.1125e+02 1.1038e+02 1.0952e+02 1.0867e+02 1.0783e+02 1.0699e+02 1.0617e+02 1.0535e+02 1.0454e+02 1.0374e+02 1.0294e+02 1.0216e+02 1.0138e+02
7.5865e-01 1.3099e+02 1.2990e+02 1.2882e+02 1.2775e+02 1.2669e+02 1.2564e+02 1.2460e+02 1.2357e+02 1.2255e+02 1.2154e+02 1.2054e+02 1.1955e+02 1.1857e+02 1.1760e+02 1.1663e+02 1.1568e+02 1.1473e+02 1.1380e+02 1.1287e+02 1.1196e+02 1.1105e+02 1.1015e+02 1.0926e+02 1.0837e+02 1.0750e+02 1.0664e+02 1.0578e+02 1.0493e+02 1.0409e+02 1.0326e+02 1.0244e+02 1.0162e+02 1.0082e+02 1.0002e+02 9.9226e+01 9.8443e+01 9.7668e+01 9.6900e+01 9.6140e+01 9.5387e+01 9.4642e+01 9.3904e+01 9.3173e+01 9.2450e+01 9.1733e+01 9.1024e+01 9.0322e+01 8.9627e+01 8.8938e+01 8.8256e+01
8.2255e-01 1.1391e+02 1.1297e+02 1.1204e+02 1.1112e+02 1.1021e+02 1.0930e+02 1.0840e+02 1.0751e+02 1.0663e+02 1.0576e+02 1.0489e+02 1.0404e+02 1.0319e+02 1.0235e+02 1.0151e+02 1.0068e+02 9.9866e+01 9.9054e+01 9.8251e+01 9.7454e+01 9.6666e+01 9.5884e+01 9.5110e+01 9.4343e+01 9.3584e+01 9.2832e+01 9.2086e+01 9.1348e+01 9.0618e+01 8.9894e+01 8.9177e+01 8.8467e+01 8.7763e+01 8.7067e+01 8.6377e+01 8.5694e+01 8.5017e+01 8.4347e+01 8.3684e+01 8.3027e+01 8.2376e+01 8.1732e+01 8.1094e+01 8.0462e+01 7.9836e+01 7.9216e+01 7.8603e+01 7.7995e+01 7.7393e+01 7.6797e+01
8.9184e-01 9.8860e+01 9.8057e+01 9.7262e+01 9.6472e+01 9.5690e+01 9.4914e+01 9.4144e+01 9.3381e+01 9.2624e+01 9.1874e+01 9.1130e+01 9.0393e+01 8.9662e+01 8.8937e+01 8.8218e+01 8.7506e+01 8.6800e+01 8.6100e+01 8.5406e+01 8.4719e+01 8.4037e+01 8.3362e+01 8.2693e+01 8.2030e+01 8.1373e+01 8.0721e+01 8.0076e+01 7.9437e+01 7.8803e+01 7.8176e+01 7.7554e+01 7.6938e+01 7.6327e+01 7.5723e+01 7.5124e+01 7.4530e+01 7.3942e+01 7.3360e+01 7.2783e+01 7.2211e+01 7.1645e+01 7.1084e+01 7.0529e+01 6.9978e+01 6.9433e+01 6.8893e+01 6.8358e+01 6.7829e+01 6.7304e+01 6.6784e+01
9.6696e-01 8.5589e+01 8.4908e+01 8.4233e+01 8.3563e+01 8.2898e+01 8.2238e+01 8.1584e+01 8.0934e+01 8.0289e+01 7.9649e+01 7.9015e+01 7.8385e+01 7.7760e+01 7.7140e+01 7.6526e+01 7.5916e+01 7.5311e+01 7.4711e+01 7.4116e+01 7.3526e+01 7.2941e+01 7.2361e+01 7.1785e+01 7.1215e+01 7.0649e+01 7.0089e+01 6.9533e+01 6.8982e+01 6.8436e+01 6.7894e+01 6.7358e+01 6.6826e+01 6.6298e+01 6.5776e+01 6.5258e+01 6.4745e+01 6.4236e+01 6.3732e+01 6.3232e+01 6.2737e+01 6.2247e+01 6.1760e+01 6.1279e+01 6.0802e+01 6.0329e+01 5.9860e+01 5.9396e+01 5.8936e+01 5.8480e+01 5.8029e+01
1.0484e+00 7.3882e+01 7.3311e+01 7.2744e+01 7.2180e+01 7.1620e+01 7.1065e+01 7.0512e+01 6.9964e+01 6.9420e+01 6.8879e+01 6.8342e+01 6.7809e+01 6.7280e+01 6.6754e+01 6.6233e+01 6.5715e+01 6.5201e+01 6.4691e+01 6.4184e+01 6.3682e+01 6.3183e+01 6.2688e+01 6.2197e+01 6.1710e+01 6.1227e+01 6.0747e+01 6.0272e+01 5.9800e+01 5.9332e+01 5.8867e+01 5.8407e+01 5.7950e+01 5.7497e+01 5.7048e+01 5.6603e+01 5.6161e+01 5.5724e+01 5.5290e+01 5.4859e+01 5.4433e+01 5.4010e+01 5.3590e+01 5.3175e+01 5.2763e+01 5.2355e+01 5.1950e+01 5.1549e+01 5.1152e+01 5.0758e+01 5.0368e+01
1.1367e+00 6.3553e+01 6.3080e+01 6.2609e+01 6.2141e+01 6.1676e+01 6.1213e+01 6.0753e+01 6.0295e+01 5.9840e+01 5.9388e+01 5.8939e+01 5.8492e+01 5.8048e+01 5.7607e+01 5.7168e+01 5.6733e+01 5.6300e+01 5.5870e+01 5.5443e+01 5.5019e+01 5.4597e+01 5.4179e+01 5.3763e+01 5.3350e+01 5.2940e+01 5.2533e+01 5.2129e+01 5.1728e+01 5.1330e+01 5.0935e+01 5.0543e+01 5.0154e+01 4.9768e+01 4.9385e+01 4.9004e+01 4.8627e+01 4.8253e+01 4.7882e+01 4.7513e+01 4.7148e+01 4.6785e+01 4.6426e+01 4.6070e+01 4.5716e+01 4.5366e+01 4.5018e+01 4.4674e+01 4.4332e+01 4.3994e+01 4.3658e+01
1.2325e+00 5.4441e+01 5.4055e+01 5.3670e+01 5.3288e+01 5.2906e+01 5.2526e+01 5.2148e+01 5.1772e+01 5.1397e+01 5.1024e+01 5.0652e+01 5.0282e+01 4.9914e+01 4.9548e+01 4.9184e+01 4.8821e+01 4.8461e+01 4.8102e+01 4.7746e+01 4.7391e+01 4.7038e+01 4.6688e+01 4.6339e+01 4.5993e+01 4.5649e+01 4.5307e+01 4.4967e+01 4.4629e+01 4.4294e+01 4.3960e+01 4.3629e+01 4.3301e+01 4.2974e+01 4.2650e+01 4.2328e+01 4.2008e+01 4.1691e+01 4.1376e+01 4.1063e+01 4.0752e+01 4.0444e+01 4.0138e+01 3.9835e+01 3.9533e+01 3.9234e+01 3.8938e+01 3.8643e+01 3.8352e+01 3.8062e+01 3.7775e+01
1.3363e+00 4.6411e+01 4.6102e+01 4.5794e+01 4.5486e+01 4.5179e+01 4.4872e+01 4.4566e+01 4.4261e+01 4.3957e+01 4.3654e+01 4.3351e+01 4.3050e+01 4.2749e+01 4.2450e+01 4.2151e+01 4.1854e+01 4.1558e+01 4.1262e+01 4.0969e+01 4.0676e+01 4.0385e+01 4.0095e+01 3.9806e+01 3.9519e+01 3.9233e+01 3.8949e+01 3.8666e+01 3.8385e+01 3.8105e+01 3.7827e+01 3.7551e+01 3.7276e+01 3.7003e+01 3.6731e+01 3.6461e+01 3.6192e+01 3.5926e+01 3.5661e+01 3.5397e+01 3.5135e+01 3.4875e+01 3.4617e+01 3.4361e+01 3.4106e+01 3.3853e+01 3.3602e+01 3.3352e+01 3.3105e+01 3.2859e+01 3.2615e+01
1.4488e+00 3.9346e+01 3.9104e+01 3.8862e+01 3.8619e+01 3.8377e+01 3.8135e+01 3.7892e+01 3.7650e+01 3.7408e+01 3.7166e+01 3.6925e+01 3.6683e+01 3.6442e+01 3.6201e+01 3.5961e+01 3.5721e+01 3.5482e+01 3.5243e+01 3.5004e+01 3.4767e+01 3.4530e+01 3.4293e+01 3.4058e+01 3.3823e+01 3.3589e+01 3.3356e+01 3.3123e+01 3.2892e+01 3.2662e+01 3.2433e+01 3.2204e+01 3.1977e+01 3.1751e+01 3.1526e+01 3.1302e+01 3.1079e+01 3.0857e+01 3.0636e+01 3.0417e+01 3.0199e+01 2.9982e+01 2.9766e+01 2.9552e+01 2.9339e+01 2.9127e+01 2.8917e+01 2.8708e+01 2.8500e+01 2.8294e+01 2.8089e+01
1.5709e+00 3.3145e+01 3.2960e+01 3.2775e+01 3.2590e+01 3.2403e+01 3.2216e+01 3.2029e+01 3.1841e+01 3.1653e+01 3.1464e+01 3.1276e+01 3.1086e+01 3.0897e+01 3.0708e+01 3.0518e+01 3.0328e+01 3.0139e+01 2.9949e+01 2.9759e+01 2.9570e+01 2.9380e+01 2.9191e+01 2.9002e+01 2.8813e+01 2.8625e+01 2.8437e+01 2.8249e+01 2.8062e+01 2.7876e+01 2.7689e+01 2.7504e+01 2.7319e+01 2.7134e+01 2.6951e+01 2.6767e+01 2.6585e+01 2.6403e+01 2.6222e+01 2.6042e+01 2.5862e+01 2.5683e+01 2.5505e+01 2.5328e+01 2.5152e+01 2.4977e+01 2.4802e+01 2.4629e+01 2.4457e+01 2.4285e+01 2.4115e+01
1.7032e+00 2.7721e+01 2.7586e+01 2.7449e+01 2.7311e+01 2.7173e+01 2.7033e+01 2.6893e+01 2.6752e+01 2.6610e+01 2.6467e+01 2.6324e+01 2.6180e+01 2.6035e+01 2.5890e+01 2.5744e+01 2.5598e+01 2.5451e+01 2.5304e+01 2.5157e+01 2.5009e+01 2.4861e+01 2.4713e+01 2.4564e+01 2.4416e+01 2.4267e+01 2.4119e+01 2.3970e+01 2.3822e+01 2.3673e+01 2.3525e+01 2.3377e+01 2.3229e+01 2.3081e+01 2.2933e+01 2.2786e+01 2.2639e+01 2.2492e+01 2.2345e+01 2.2199e+01 2.2054e+01 2.1908e+01 2.1763e+01 2.1619e+01 2.1475e+01 2.1332e+01 2.1189e+01 2.1047e+01 2.0906e+01 2.0765e+01 2.0625e+01
1.8467e+00 2.2998e+01 2.2904e+01 2.2808e+01 2.2711e+01 2.2612e+01 2.2513e+01 2.2412e+01 2.2310e+01 2.2207e+01 2.2103e+01 2.1998e+01 2.1892e+01 2.1785e+01 2.1678e+01 2.1569e+01 2.1460e+01 2.1350e+01 2.1239e+01 2.1128e+01 2.1016e+01 2.0904e+01 2.0791e+01 2.0677e+01 2.0563e+01 2.0449e+01 2.0334e+01 2.0219e+01 2.0104e+01 1.9989e+01 1.9873e+01 1.9758e+01 1.9642e+01 1.9526e+01 1.9410e+01 1.9293e+01 1.9177e+01 1.9061e+01 1.8945e+01 1.8829e+01 1.8713e+01 1.8597e+01 1.8481e+01 1.8366e+01 1.8251e+01 1.8136e+01 1.8021e+01 1.7906e+01 1.7792e+01 1.7678e+01 1.7565e+01
2.0022e+00 1.8912e+01 1.8850e+01 1.8787e+01 1.8723e+01 1.8658e+01 1.8591e+01 1.8522e+01 1.8453e+01 1.8382e+01 1.8310e+01 1.8237e+01 1.8163e+01 1.8088e+01 1.8011e+01 1.7934e+01 1.7856e+01 1.7777e+01 1.7697e+01 1.7616e+01 1.7534e+01 1.7452e+01 1.7368e+01 1.7285e+01 1.7200e+01 1.7115e+01 1.7029e+01 1.6943e+01 1.6856e+01 1.6769e+01 1.6682e+01 1.6594e+01 1.6505e+01 1.6416e+01 1.6327e+01 1.6238e+01 1.6148e+01 1.6059e+01 1.5969e+01 1.5878e+01 1.5788e+01 1.5698e+01 1.5607e+01 1.5517e+01 1.5426e+01 1.5335e+01 1.5245e+01 1.5154e+01 1.5064e+01 1.4974e+01 1.4884e+01
2.1709e+00 1.5399e+01 1.5364e+01 1.5328e+01 1.5290e+01 1.5251e+01 1.5210e+01 1.5168e+01 1.5124e+01 1.5080e+01 1.5034e+01 1.4986e+01 1.4938e+01 1.4888e+01 1.4838e+01 1.4786e+01 1.4733e+01 1.4679e+01 1.4624e+01 1.4568e+01 1.4511e+01 1.4454e+01 1.4395e+01 1.4336e+01 1.4276e+01 1.4215e+01 1.4153e+01 1.4091e+01 1.4028e+01 1.3965e+01 1.3901e+01 1.3836e+01 1.3771e+01 1.3706e+01 1.3640e+01 1.3573e+01 1.3506e+01 1.3439e+01 1.3371e+01 1.3303e+01 1.3234e+01 1.3166e+01 1.3097e+01 1.3027e+01 1.2958e+01 1.2888e+01 1.2819e+01 1.2749e+01 1.2679e+01 1.2609e+01 1.2538e+01
2.3537e+00 1.2408e+01 1.2393e+01 1.2377e+01 1.2359e+01 1.2340e+01 1.2319e+01 1.2297e+01 1.2274e+01 1.2249e+01 1.2224e+01 1.2197e+01 1.2169e+01 1.2139e+01 1.2109e+01 1.2077e+01 1.2045e+01 1.2011e+01 1.1976e+01 1.1940e+01 1.1904e+01 1.1866e+01 1.1828e+01 1.1788e+01 1.1748e+01 1.1707e+01 1.1666e+01 1.1623e+01 1.1580e+01 1.1536e+01 1.1491e+01 1.1446e+01 1.1400e+01 1.1354e+01 1.1306e+01 1.1259e+01 1.1211e+01 1.1162e+01 1.1113e+01 1.1063e+01 1.1013e+01 1.0963e+01 1.0912e+01 1.0861e+01 1.0809e+01 1.0757e+01 1.0705e+01 1.0653e+01 1.0600e+01 1.0547e+01 1.0494e+01
2.5520e+00 9.8861e+00 9.8856e+00 9.8837e+00 9.8806e+00 9.8761e+00 9.8704e+00 9.8634e+00 9.8552e+00 9.8459e+00 9.8353e+00 9.8236e+00 9.8108e+00 9.7969e+00 9.7820e+00 9.7659e+00 9.7489e+00 9.7308e+00 9.7117e+00 9.6917e+00 9.6708e+00 9.6490e+00 9.6262e+00 9.6026e+00 9.5782e+00 9.5530e+00 9.5269e+00 9.5001e+00 9.4726e+00 9.4443e+00 9.4153e+00 9.3856e+00 9.3553e+00 9.3243e+00 9.2927e+00 9.2605e+00 9.2277e+00 9.1943e+00 9.1604e+00 9.1260e+00 9.0911e+00 9.0557e+00 9.0198e+00 8.9835e+00 8.9468e+00 8.9097e+00 8.8722e+00 8.8344e+00 8.7962e+00 8.7577e+00 8.7189e+00
2.7669e+00 7.7835e+00 7.7927e+00 7.8006e+00 7.8075e+00 7.8131e+00 7.8177e+00 7.8212e+00 7.8236e+00 7.8250e+00 7.8253e+00 7.8246e+00 7.8229e+00 7.8202e+00 7.8165e+00 7.8119e+00 7.8063e+00 7.7998e+00 7.7924e+00 7.7842e+00 7.7750e+00 7.7651e+00 7.7543e+00 7.7427e+00 7.7302e+00 7.7171e+00 7.7031e+00 7.6884e+00 7.6730e+00 7.6569e+00 7.6401e+00 7.6226e+00 7.6045e+00 7.5857e+00 7.5663e+00 7.5463e+00 7.5257e+00 7.5046e+00 7.4828e+00 7.4606e+00 7.4378e+00 7.4145e+00 7.3907e+00 7.3665e+00 7.3418e+00 7.3167e+00 7.2911e+00 7.2652e+00 7.2388e+00 7.2121e+00 7.1850e+00
3.0000e+00 6.0516e+00 6.0666e+00 6.0807e+00 6.0937e+00 6.1058e+00 6.1170e+00 6.1272e+00 6.1365e+00 6.1450e+00 6.1525e+00 6.1591e+00 6.1649e+00 6.1699e+00 6.1739e+00 6.1772e+00 6.1796e+00 6.1813e+00 6.1821e+00 6.1822e+00 6.1815e+00 6.1801e+00 6.1779e+00 6.1750e+00 6.1713e+00 6.1670e+00 6.1620e+00 6.1563e+00 6.1499e+00 6.1429e+00 6.1353e+00 6.1270e+00 6.1181e+00 6.1086e+00 6.0985e+00 6.0879e+00 6.0766e+00 6.0649e+00 6.0526e+00 6.0397e+00 6.0264e+00 6.0126e+00 5.9982e+00 5.9835e+00 5.9682e+00 5.9525e+00 5.9364e+00 5.9198e+00 5.9028e+00 5.8855e+00 5.8677e+00
