# Using only b1 = 1.599, at redshift z=2.00
# k, pk(z) : for z in numpy.arange(z-0.25, z+0.25, 0.01)
1.0000e-03 2.9928e+02 2.9551e+02 2.9171e+02 2.8787e+02 2.8401e+02 2.8012e+02 2.7620e+02 2.7224e+02 2.6826e+02 2.6424e+02 2.6018e+02 2.5609e+02 2.5197e+02 2.4781e+02 2.4362e+02 2.3939e+02 2.3512e+02 2.3082e+02 2.2648e+02 2.2209e+02 2.1768e+02 2.1322e+02 2.0872e+02 2.0418e+02 1.9959e+02 1.9497e+02 1.9030e+02 1.8560e+02 1.8084e+02 1.7605e+02 1.7121e+02 1.6632e+02 1.6139e+02 1.5641e+02 1.5139e+02 1.4632e+02 1.4120e+02 1.3603e+02 1.3081e+02 1.2555e+02 1.2023e+02 1.1486e+02 1.0944e+02 1.0397e+02 9.8452e+01 9.2877e+01 8.7248e+01 8.1566e+01 7.5829e+01 7.0037e+01
1.0842e-03 3.5940e+02 3.5621e+02 3.5301e+02 3.4978e+02 3.4654e+02 3.4328e+02 3.4000e+02 3.3670e+02 3.3338e+02 3.3004e+02 3.2667e+02 3.2328e+02 3.1988e+02 3.1644e+02 3.1299e+02 3.0951e+02 3.0600e+02 3.0247e+02 2.9892e+02 2.9533e+02 2.9173e+02 2.8809e+02 2.8443e+02 2.8074e+02 2.7702e+02 2.7327e+02 2.6949e+02 2.6569e+02 2.6185e+02 2.5798e+02 2.5408e+02 2.5014e+02 2.4618e+02 2.4218e+02 2.3815e+02 2.3409e+02 2.2999e+02 2.2585e+02 2.2168e+02 2.1748e+02 2.1324e+02 2.0896e+02 2.0464e+02 2.0029e+02 1.9590e+02 1.9146e+02 1.8700e+02 1.8249e+02 1.7794e+02 1.7335e+02
1.1756e-03 3.7451e+02 3.7079e+02 3.6704e+02 3.6327e+02 3.5947e+02 3.5565e+02 3.5180e+02 3.4792e+02 3.4402e+02 3.4009e+02 3.3613e+02 3.3215e+02 3.2813e+02 3.2408e+02 3.2001e+02 3.1590e+02 3.1176e+02 3.0759e+02 3.0339e+02 2.9915e+02 2.9488e+02 2.9057e+02 2.8623e+02 2.8186e+02 2.7744e+02 2.7300e+02 2.6851e+02 2.6399e+02 2.5943e+02 2.5483e+02 2.5019e+02 2.4551e+02 2.4079e+02 2.3603e+02 2.3122e+02 2.2638e+02 2.2149e+02 2.1656e+02 2.1158e+02 2.0656e+02 2.0150e+02 1.9639e+02 1.9123e+02 1.8603e+02 1.8078e+02 1.7548e+02 1.7014e+02 1.6474e+02 1.5930e+02 1.5380e+02
1.2746e-03 4.0497e+02 4.0101e+02 3.9703e+02 3.9302e+02 3.8899e+02 3.8493e+02 3.8084e+02 3.7672e+02 3.7258e+02 3.6841e+02 3.6421e+02 3.5998e+02 3.5572e+02 3.5142e+02 3.4710e+02 3.4274e+02 3.3835e+02 3.3393e+02 3.2947e+02 3.2498e+02 3.2045e+02 3.1589e+02 3.1129e+02 3.0665e+02 3.0198e+02 2.9727e+02 2.9252e+02 2.8772e+02 2.8289e+02 2.7802e+02 2.7311e+02 2.6815e+02 2.6315e+02 2.5811e+02 2.5303e+02 2.4790e+02 2.4273e+02 2.3751e+02 2.3224e+02 2.2693e+02 2.2157e+02 2.1616e+02 2.1071e+02 2.0521e+02 1.9965e+02 1.9405e+02 1.8839e+02 1.8269e+02 1.7693e+02 1.7112e+02
1.3819e-03 4.6216e+02 4.5852e+02 4.5487e+02 4.5121e+02 4.4752e+02 4.4382e+02 4.4009e+02 4.3635e+02 4.3259e+02 4.2880e+02 4.2500e+02 4.2117e+02 4.1732e+02 4.1345e+02 4.0956e+02 4.0564e+02 4.0169e+02 3.9772e+02 3.9373e+02 3.8971e+02 3.8566e+02 3.8158e+02 3.7748e+02 3.7335e+02 3.6919e+02 3.6499e+02 3.6077e+02 3.5652e+02 3.5224e+02 3.4792e+02 3.4357e+02 3.3919e+02 3.3477e+02 3.3032e+02 3.2584e+02 3.2132e+02 3.1676e+02 3.1217e+02 3.0754e+02 3.0288e+02 2.9817e+02 2.9343e+02 2.8864e+02 2.8382e+02 2.7896e+02 2.7405e+02 2.6910e+02 2.6412e+02 2.5908e+02 2.5401e+02
1.4983e-03 3.3157e+02 3.2372e+02 3.1579e+02 3.0778e+02 2.9969e+02 2.9152e+02 2.8326e+02 2.7492e+02 2.6649e+02 2.5797e+02 2.4936e+02 2.4067e+02 2.3188e+02 2.2300e+02 2.1403e+02 2.0497e+02 1.9581e+02 1.8655e+02 1.7720e+02 1.6774e+02 1.5819e+02 1.4854e+02 1.3879e+02 1.2893e+02 1.1897e+02 1.0891e+02 9.8737e+01 8.8460e+01 7.8074e+01 6.7579e+01 5.6974e+01 4.6258e+01 3.5429e+01 2.4486e+01 1.3429e+01 2.2560e+00 -9.0337e+00 -2.0441e+01 -3.1968e+01 -4.3615e+01 -5.5382e+01 -6.7273e+01 -7.9286e+01 -9.1424e+01 -1.0369e+02 -1.1608e+02 -1.2859e+02 -1.4124e+02 -1.5402e+02 -1.6692e+02
1.6246e-03 5.4413e+02 5.4016e+02 5.3618e+02 5.3218e+02 5.2816e+02 5.2412e+02 5.2007e+02 5.1600e+02 5.1191e+02 5.0779e+02 5.0366e+02 4.9951e+02 4.9533e+02 4.9113e+02 4.8691e+02 4.8266e+02 4.7839e+02 4.7410e+02 4.6978e+02 4.6543e+02 4.6106e+02 4.5666e+02 4.5223e+02 4.4777e+02 4.4328e+02 4.3876e+02 4.3421e+02 4.2963e+02 4.2502e+02 4.2037e+02 4.1570e+02 4.1098e+02 4.0624e+02 4.0146e+02 3.9664e+02 3.9179e+02 3.8690e+02 3.8197e+02 3.7700e+02 3.7200e+02 3.6695e+02 3.6187e+02 3.5674e+02 3.5158e+02 3.4637e+02 3.4112e+02 3.3582e+02 3.3049e+02 3.2510e+02 3.1968e+02
1.7614e-03 4.0956e+02 4.0113e+02 3.9263e+02 3.8404e+02 3.7536e+02 3.6660e+02 3.5776e+02 3.4882e+02 3.3980e+02 3.3069e+02 3.2148e+02 3.1219e+02 3.0280e+02 2.9331e+02 2.8373e+02 2.7405e+02 2.6427e+02 2.5440e+02 2.4442e+02 2.3434e+02 2.2416e+02 2.1387e+02 2.0348e+02 1.9298e+02 1.8237e+02 1.7166e+02 1.6083e+02 1.4990e+02 1.3885e+02 1.2768e+02 1.1640e+02 1.0501e+02 9.3498e+01 8.1869e+01 7.0119e+01 5.8249e+01 4.6257e+01 3.4142e+01 2.1903e+01 9.5380e+00 -2.9534e+00 -1.5573e+01 -2.8321e+01 -4.1199e+01 -5.4208e+01 -6.7351e+01 -8.0626e+01 -9.4037e+01 -1.0758e+02 -1.2127e+02
1.9098e-03 4.8468e+02 4.7672e+02 4.6869e+02 4.6059e+02 4.5241e+02 4.4416e+02 4.3584e+02 4.2744e+02 4.1896e+02 4.1040e+02 4.0177e+02 3.9305e+02 3.8425e+02 3.7537e+02 3.6640e+02 3.5735e+02 3.4821e+02 3.3899e+02 3.2967e+02 3.2027e+02 3.1077e+02 3.0119e+02 2.9151e+02 2.8173e+02 2.7186e+02 2.6190e+02 2.5183e+02 2.4167e+02 2.3141e+02 2.2104e+02 2.1058e+02 2.0001e+02 1.8934e+02 1.7856e+02 1.6767e+02 1.5668e+02 1.4557e+02 1.3436e+02 1.2304e+02 1.1160e+02 1.0005e+02 8.8389e+01 7.6610e+01 6.4713e+01 5.2699e+01 4.0566e+01 2.8313e+01 1.5938e+01 3.4407e+00 -9.1799e+00
2.0706e-03 6.0147e+02 5.9478e+02 5.8805e+02 5.8127e+02 5.7443e+02 5.6755e+02 5.6062e+02 5.5363e+02 5.4658e+02 5.3949e+02 5.3233e+02 5.2512e+02 5.1786e+02 5.1053e+02 5.0314e+02 4.9569e+02 4.8818e+02 4.8061e+02 4.7298e+02 4.6527e+02 4.5751e+02 4.4967e+02 4.4177e+02 4.3380e+02 4.2576e+02 4.1765e+02 4.0946e+02 4.0120e+02 3.9287e+02 3.8447e+02 3.7599e+02 3.6743e+02 3.5879e+02 3.5008e+02 3.4128e+02 3.3240e+02 3.2345e+02 3.1441e+02 3.0528e+02 2.9607e+02 2.8677e+02 2.7739e+02 2.6792e+02 2.5836e+02 2.4871e+02 2.3897e+02 2.2914e+02 2.1921e+02 2.0919e+02 1.9908e+02
2.2450e-03 7.9134e+02 7.8772e+02 7.8410e+02 7.8049e+02 7.7689e+02 7.7328e+02 7.6968e+02 7.6609e+02 7.6249e+02 7.5889e+02 7.5530e+02 7.5170e+02 7.4811e+02 7.4451e+02 7.4091e+02 7.3731e+02 7.3370e+02 7.3009e+02 7.2647e+02 7.2285e+02 7.1923e+02 7.1559e+02 7.1195e+02 7.0831e+02 7.0465e+02 7.0098e+02 6.9731e+02 6.9362e+02 6.8993e+02 6.8622e+02 6.8250e+02 6.7876e+02 6.7502e+02 6.7126e+02 6.6748e+02 6.6369e+02 6.5988e+02 6.5606e+02 6.5222e+02 6.4836e+02 6.4448e+02 6.4059e+02 6.3667e+02 6.3274e+02 6.2878e+02 6.2480e+02 6.2080e+02 6.1678e+02 6.1273e+02 6.0866e+02
2.4341e-03 7.2600e+02 7.1921e+02 7.1239e+02 7.0552e+02 6.9861e+02 6.9165e+02 6.8465e+02 6.7761e+02 6.7052e+02 6.6338e+02 6.5620e+02 6.4896e+02 6.4168e+02 6.3434e+02 6.2696e+02 6.1951e+02 6.1202e+02 6.0447e+02 5.9686e+02 5.8919e+02 5.8147e+02 5.7368e+02 5.6584e+02 5.5793e+02 5.4996e+02 5.4193e+02 5.3383e+02 5.2567e+02 5.1744e+02 5.0915e+02 5.0078e+02 4.9234e+02 4.8384e+02 4.7526e+02 4.6661e+02 4.5788e+02 4.4908e+02 4.4021e+02 4.3125e+02 4.2222e+02 4.1311e+02 4.0392e+02 3.9465e+02 3.8530e+02 3.7586e+02 3.6634e+02 3.5673e+02 3.4704e+02 3.3726e+02 3.2740e+02
2.6392e-03 7.5742e+02 7.4971e+02 7.4194e+02 7.3412e+02 7.2625e+02 7.1833e+02 7.1035e+02 7.0232e+02 6.9423e+02 6.8609e+02 6.7788e+02 6.6961e+02 6.6129e+02 6.5290e+02 6.4444e+02 6.3592e+02 6.2734e+02 6.1869e+02 6.0997e+02 6.0118e+02 5.9232e+02 5.8339e+02 5.7439e+02 5.6531e+02 5.5616e+02 5.4693e+02 5.3762e+02 5.2824e+02 5.1877e+02 5.0922e+02 4.9960e+02 4.8989e+02 4.8009e+02 4.7021e+02 4.6024e+02 4.5019e+02 4.4004e+02 4.2981e+02 4.1948e+02 4.0907e+02 3.9856e+02 3.8795e+02 3.7725e+02 3.6645e+02 3.5555e+02 3.4456e+02 3.3346e+02 3.2226e+02 3.1096e+02 2.9956e+02
2.8615e-03 7.5861e+02 7.4915e+02 7.3962e+02 7.3001e+02 7.2033e+02 7.1058e+02 7.0074e+02 6.9083e+02 6.8084e+02 6.7076e+02 6.6060e+02 6.5036e+02 6.4003e+02 6.2961e+02 6.1911e+02 6.0851e+02 5.9783e+02 5.8705e+02 5.7618e+02 5.6521e+02 5.5414e+02 5.4298e+02 5.3171e+02 5.2035e+02 5.0888e+02 4.9731e+02 4.8564e+02 4.7385e+02 4.6196e+02 4.4996e+02 4.3785e+02 4.2563e+02 4.1330e+02 4.0085e+02 3.8828e+02 3.7559e+02 3.6279e+02 3.4987e+02 3.3682e+02 3.2366e+02 3.1036e+02 2.9694e+02 2.8340e+02 2.6973e+02 2.5592e+02 2.4199e+02 2.2792e+02 2.1372e+02 1.9938e+02 1.8491e+02
3.1025e-03 8.9717e+02 8.8912e+02 8.8102e+02 8.7288e+02 8.6469e+02 8.5645e+02 8.4817e+02 8.3983e+02 8.3144e+02 8.2299e+02 8.1449e+02 8.0593e+02 7.9732e+02 7.8865e+02 7.7991e+02 7.7112e+02 7.6226e+02 7.5334e+02 7.4436e+02 7.3530e+02 7.2619e+02 7.1700e+02 7.0774e+02 6.9841e+02 6.8901e+02 6.7954e+02 6.6999e+02 6.6037e+02 6.5067e+02 6.4089e+02 6.3103e+02 6.2109e+02 6.1107e+02 6.0096e+02 5.9077e+02 5.8050e+02 5.7013e+02 5.5968e+02 5.4914e+02 5.3851e+02 5.2779e+02 5.1698e+02 5.0607e+02 4.9506e+02 4.8396e+02 4.7276e+02 4.6146e+02 4.5006e+02 4.3856e+02 4.2696e+02
3.3638e-03 9.0933e+02 8.9960e+02 8.8980e+02 8.7993e+02 8.7000e+02 8.5999e+02 8.4991e+02 8.3976e+02 8.2953e+02 8.1922e+02 8.0884e+02 7.9837e+02 7.8783e+02 7.7720e+02 7.6649e+02 7.5569e+02 7.4481e+02 7.3384e+02 7.2278e+02 7.1162e+02 7.0038e+02 6.8904e+02 6.7760e+02 6.6607e+02 6.5444e+02 6.4271e+02 6.3087e+02 6.1894e+02 6.0690e+02 5.9475e+02 5.8250e+02 5.7014e+02 5.5767e+02 5.4509e+02 5.3239e+02 5.1958e+02 5.0666e+02 4.9361e+02 4.8045e+02 4.6717e+02 4.5376e+02 4.4024e+02 4.2658e+02 4.1281e+02 3.9890e+02 3.8487e+02 3.7070e+02 3.5640e+02 3.4197e+02 3.2741e+02
3.6472e-03 1.0016e+03 9.9205e+02 9.8242e+02 9.7273e+02 9.6298e+02 9.5317e+02 9.4329e+02 9.3335e+02 9.2334e+02 9.1326e+02 9.0311e+02 8.9289e+02 8.8260e+02 8.7223e+02 8.6179e+02 8.5127e+02 8.4067e+02 8.2999e+02 8.1922e+02 8.0838e+02 7.9745e+02 7.8643e+02 7.7533e+02 7.6413e+02 7.5285e+02 7.4147e+02 7.3000e+02 7.1844e+02 7.0678e+02 6.9502e+02 6.8316e+02 6.7121e+02 6.5914e+02 6.4698e+02 6.3471e+02 6.2234e+02 6.0985e+02 5.9726e+02 5.8456e+02 5.7174e+02 5.5881e+02 5.4577e+02 5.3261e+02 5.1933e+02 5.0593e+02 4.9241e+02 4.7877e+02 4.6500e+02 4.5111e+02 4.3710e+02
3.9544e-03 1.0236e+03 1.0125e+03 1.0013e+03 9.9000e+02 9.7864e+02 9.6719e+02 9.5567e+02 9.4405e+02 9.3235e+02 9.2057e+02 9.0869e+02 8.9672e+02 8.8466e+02 8.7250e+02 8.6025e+02 8.4790e+02 8.3545e+02 8.2289e+02 8.1024e+02 7.9748e+02 7.8461e+02 7.7163e+02 7.5855e+02 7.4535e+02 7.3204e+02 7.1862e+02 7.0508e+02 6.9142e+02 6.7764e+02 6.6374e+02 6.4971e+02 6.3557e+02 6.2129e+02 6.0689e+02 5.9236e+02 5.7769e+02 5.6290e+02 5.4797e+02 5.3290e+02 5.1770e+02 5.0235e+02 4.8687e+02 4.7124e+02 4.5547e+02 4.3955e+02 4.2348e+02 4.0727e+02 3.9090e+02 3.7438e+02 3.5771e+02
4.2875e-03 1.1913e+03 1.1820e+03 1.1726e+03 1.1632e+03 1.1538e+03 1.1443e+03 1.1347e+03 1.1251e+03 1.1154e+03 1.1057e+03 1.0960e+03 1.0862e+03 1.0763e+03 1.0664e+03 1.0564e+03 1.0463e+03 1.0362e+03 1.0260e+03 1.0158e+03 1.0055e+03 9.9510e+02 9.8465e+02 9.7413e+02 9.6353e+02 9.5287e+02 9.4212e+02 9.3130e+02 9.2040e+02 9.0941e+02 8.9835e+02 8.8720e+02 8.7597e+02 8.6465e+02 8.5325e+02 8.4175e+02 8.3017e+02 8.1849e+02 8.0672e+02 7.9486e+02 7.8289e+02 7.7084e+02 7.5868e+02 7.4642e+02 7.3406e+02 7.2159e+02 7.0902e+02 6.9635e+02 6.8357e+02 6.7067e+02 6.5767e+02
4.6486e-03 1.1506e+03 1.1380e+03 1.1254e+03 1.1126e+03 1.0998e+03 1.0868e+03 1.0738e+03 1.0607e+03 1.0474e+03 1.0341e+03 1.0206e+03 1.0071e+03 9.9346e+02 9.7970e+02 9.6584e+02 9.5186e+02 9.3776e+02 9.2355e+02 9.0922e+02 8.9477e+02 8.8020e+02 8.6551e+02 8.5069e+02 8.3574e+02 8.2066e+02 8.0546e+02 7.9012e+02 7.7464e+02 7.5903e+02 7.4327e+02 7.2738e+02 7.1135e+02 6.9517e+02 6.7884e+02 6.6237e+02 6.4574e+02 6.2897e+02 6.1204e+02 5.9495e+02 5.7771e+02 5.6031e+02 5.4275e+02 5.2502e+02 5.0713e+02 4.8907e+02 4.7084e+02 4.5244e+02 4.3387e+02 4.1513e+02 3.9621e+02
5.0402e-03 1.2228e+03 1.2097e+03 1.1965e+03 1.1832e+03 1.1698e+03 1.1563e+03 1.1428e+03 1.1291e+03 1.1153e+03 1.1014e+03 1.0874e+03 1.0733e+03 1.0591e+03 1.0448e+03 1.0304e+03 1.0159e+03 1.0012e+03 9.8642e+02 9.7152e+02 9.5649e+02 9.4135e+02 9.2607e+02 9.1067e+02 8.9514e+02 8.7947e+02 8.6367e+02 8.4774e+02 8.3166e+02 8.1545e+02 7.9909e+02 7.8259e+02 7.6594e+02 7.4915e+02 7.3220e+02 7.1510e+02 6.9785e+02 6.8045e+02 6.6288e+02 6.4516e+02 6.2727e+02 6.0922e+02 5.9100e+02 5.7262e+02 5.5407e+02 5.3534e+02 5.1644e+02 4.9737e+02 4.7812e+02 4.5869e+02 4.3908e+02
5.4648e-03 1.3929e+03 1.3815e+03 1.3700e+03 1.3584e+03 1.3468e+03 1.3351e+03 1.3233e+03 1.3115e+03 1.2996e+03 1.2877e+03 1.2757e+03 1.2636e+03 1.2514e+03 1.2391e+03 1.2268e+03 1.2144e+03 1.2019e+03 1.1893e+03 1.1767e+03 1.1639e+03 1.1511e+03 1.1381e+03 1.1251e+03 1.1120e+03 1.0988e+03 1.0854e+03 1.0720e+03 1.0585e+03 1.0449e+03 1.0312e+03 1.0173e+03 1.0034e+03 9.8933e+02 9.7516e+02 9.6088e+02 9.4649e+02 9.3197e+02 9.1734e+02 9.0258e+02 8.8770e+02 8.7269e+02 8.5756e+02 8.4230e+02 8.2691e+02 8.1139e+02 7.9573e+02 7.7994e+02 7.6401e+02 7.4794e+02 7.3173e+02
5.9251e-03 1.3704e+03 1.3561e+03 1.3416e+03 1.3271e+03 1.3124e+03 1.2976e+03 1.2828e+03 1.2678e+03 1.2527e+03 1.2376e+03 1.2223e+03 1.2068e+03 1.1913e+03 1.1756e+03 1.1599e+03 1.1440e+03 1.1279e+03 1.1118e+03 1.0955e+03 1.0790e+03 1.0625e+03 1.0458e+03 1.0289e+03 1.0120e+03 9.9484e+02 9.7757e+02 9.6015e+02 9.4258e+02 9.2486e+02 9.0698e+02 8.8895e+02 8.7075e+02 8.5240e+02 8.3388e+02 8.1520e+02 7.9635e+02 7.7732e+02 7.5813e+02 7.3876e+02 7.1922e+02 6.9950e+02 6.7959e+02 6.5951e+02 6.3924e+02 6.1878e+02 5.9813e+02 5.7729e+02 5.5626e+02 5.3503e+02 5.1361e+02
6.4242e-03 1.5967e+03 1.5854e+03 1.5740e+03 1.5626e+03 1.5511e+03 1.5396e+03 1.5280e+03 1.5164e+03 1.5047e+03 1.4930e+03 1.4812e+03 1.4694e+03 1.4575e+03 1.4455e+03 1.4335e+03 1.4214e+03 1.4092e+03 1.3970e+03 1.3847e+03 1.3723e+03 1.3598e+03 1.3473e+03 1.3347e+03 1.3220e+03 1.3092e+03 1.2964e+03 1.2834e+03 1.2704e+03 1.2573e+03 1.2441e+03 1.2308e+03 1.2174e+03 1.2039e+03 1.1903e+03 1.1766e+03 1.1628e+03 1.1489e+03 1.1349e+03 1.1208e+03 1.1066e+03 1.0922e+03 1.0778e+03 1.0632e+03 1.0485e+03 1.0337e+03 1.0188e+03 1.0038e+03 9.8861e+02 9.7332e+02 9.5791e+02
6.9653e-03 1.4209e+03 1.4030e+03 1.3851e+03 1.3669e+03 1.3487e+03 1.3303e+03 1.3117e+03 1.2931e+03 1.2742e+03 1.2552e+03 1.2360e+03 1.2167e+03 1.1972e+03 1.1776e+03 1.1577e+03 1.1378e+03 1.1176e+03 1.0972e+03 1.0767e+03 1.0560e+03 1.0351e+03 1.0141e+03 9.9279e+02 9.7133e+02 9.4968e+02 9.2783e+02 9.0578e+02 8.8353e+02 8.6107e+02 8.3841e+02 8.1553e+02 7.9244e+02 7.6914e+02 7.4562e+02 7.2188e+02 6.9791e+02 6.7372e+02 6.4930e+02 6.2465e+02 5.9977e+02 5.7464e+02 5.4928e+02 5.2368e+02 4.9784e+02 4.7174e+02 4.4540e+02 4.1881e+02 3.9196e+02 3.6486e+02 3.3749e+02
7.5520e-03 1.5422e+03 1.5249e+03 1.5075e+03 1.4900e+03 1.4723e+03 1.4546e+03 1.4367e+03 1.4186e+03 1.4005e+03 1.3821e+03 1.3637e+03 1.3451e+03 1.3263e+03 1.3074e+03 1.2884e+03 1.2692e+03 1.2498e+03 1.2303e+03 1.2106e+03 1.1907e+03 1.1707e+03 1.1505e+03 1.1302e+03 1.1096e+03 1.0889e+03 1.0680e+03 1.0469e+03 1.0256e+03 1.0042e+03 9.8252e+02 9.6067e+02 9.3863e+02 9.1639e+02 8.9395e+02 8.7130e+02 8.4845e+02 8.2539e+02 8.0212e+02 7.7863e+02 7.5493e+02 7.3101e+02 7.0687e+02 6.8250e+02 6.5791e+02 6.3308e+02 6.0803e+02 5.8274e+02 5.5721e+02 5.3144e+02 5.0544e+02
8.1881e-03 1.6627e+03 1.6460e+03 1.6292e+03 1.6123e+03 1.5953e+03 1.5782e+03 1.5610e+03 1.5436e+03 1.5262e+03 1.5086e+03 1.4908e+03 1.4730e+03 1.4550e+03 1.4369e+03 1.4186e+03 1.4002e+03 1.3817e+03 1.3630e+03 1.3441e+03 1.3251e+03 1.3060e+03 1.2867e+03 1.2673e+03 1.2477e+03 1.2279e+03 1.2080e+03 1.1879e+03 1.1676e+03 1.1472e+03 1.1265e+03 1.1057e+03 1.0848e+03 1.0636e+03 1.0423e+03 1.0208e+03 9.9904e+02 9.7713e+02 9.5503e+02 9.3273e+02 9.1023e+02 8.8753e+02 8.6463e+02 8.4151e+02 8.1819e+02 7.9466e+02 7.7091e+02 7.4694e+02 7.2276e+02 6.9835e+02 6.7372e+02
8.8778e-03 1.6295e+03 1.6099e+03 1.5901e+03 1.5702e+03 1.5501e+03 1.5299e+03 1.5095e+03 1.4889e+03 1.4682e+03 1.4473e+03 1.4263e+03 1.4050e+03 1.3836e+03 1.3621e+03 1.3403e+03 1.3183e+03 1.2962e+03 1.2739e+03 1.2514e+03 1.2286e+03 1.2057e+03 1.1826e+03 1.1593e+03 1.1358e+03 1.1120e+03 1.0881e+03 1.0639e+03 1.0395e+03 1.0149e+03 9.9009e+02 9.6503e+02 9.3973e+02 9.1421e+02 8.8845e+02 8.6245e+02 8.3620e+02 8.0971e+02 7.8298e+02 7.5599e+02 7.2875e+02 7.0125e+02 6.7350e+02 6.4548e+02 6.1720e+02 5.8864e+02 5.5982e+02 5.3073e+02 5.0135e+02 4.7170e+02 4.4176e+02
9.6256e-03 1.8351e+03 1.8183e+03 1.8014e+03 1.7844e+03 1.7673e+03 1.7502e+03 1.7329e+03 1.7155e+03 1.6979e+03 1.6803e+03 1.6626e+03 1.6447e+03 1.6267e+03 1.6086e+03 1.5903e+03 1.5719e+03 1.5534e+03 1.5348e+03 1.5160e+03 1.4971e+03 1.4780e+03 1.4588e+03 1.4394e+03 1.4199e+03 1.4003e+03 1.3804e+03 1.3604e+03 1.3403e+03 1.3200e+03 1.2995e+03 1.2789e+03 1.2581e+03 1.2371e+03 1.2159e+03 1.1946e+03 1.1731e+03 1.1514e+03 1.1295e+03 1.1074e+03 1.0851e+03 1.0626e+03 1.0400e+03 1.0171e+03 9.9403e+02 9.7076e+02 9.4728e+02 9.2359e+02 8.9969e+02 8.7557e+02 8.5124e+02
1.0436e-02 1.8379e+03 1.8193e+03 1.8006e+03 1.7818e+03 1.7629e+03 1.7438e+03 1.7247e+03 1.7053e+03 1.6859e+03 1.6663e+03 1.6466e+03 1.6267e+03 1.6067e+03 1.5865e+03 1.5662e+03 1.5457e+03 1.5250e+03 1.5042e+03 1.4833e+03 1.4621e+03 1.4408e+03 1.4193e+03 1.3977e+03 1.3758e+03 1.3538e+03 1.3316e+03 1.3093e+03 1.2867e+03 1.2639e+03 1.2410e+03 1.2178e+03 1.1945e+03 1.1709e+03 1.1471e+03 1.1232e+03 1.0990e+03 1.0746e+03 1.0500e+03 1.0251e+03 1.0001e+03 9.7479e+02 9.4928e+02 9.2354e+02 8.9756e+02 8.7135e+02 8.4490e+02 8.1821e+02 7.9127e+02 7.6409e+02 7.3666e+02
1.1315e-02 1.9094e+03 1.8908e+03 1.8722e+03 1.8534e+03 1.8345e+03 1.8155e+03 1.7963e+03 1.7770e+03 1.7576e+03 1.7380e+03 1.7183e+03 1.6985e+03 1.6785e+03 1.6584e+03 1.6381e+03 1.6177e+03 1.5971e+03 1.5763e+03 1.5554e+03 1.5344e+03 1.5131e+03 1.4917e+03 1.4702e+03 1.4484e+03 1.4265e+03 1.4044e+03 1.3821e+03 1.3596e+03 1.3370e+03 1.3141e+03 1.2910e+03 1.2678e+03 1.2444e+03 1.2207e+03 1.1968e+03 1.1728e+03 1.1485e+03 1.1240e+03 1.0993e+03 1.0744e+03 1.0492e+03 1.0239e+03 9.9827e+02 9.7244e+02 9.4637e+02 9.2007e+02 8.9353e+02 8.6675e+02 8.3972e+02 8.1245e+02
1.2269e-02 1.9377e+03 1.9184e+03 1.8990e+03 1.8795e+03 1.8598e+03 1.8400e+03 1.8201e+03 1.8000e+03 1.7798e+03 1.7595e+03 1.7390e+03 1.7183e+03 1.6975e+03 1.6766e+03 1.6555e+03 1.6342e+03 1.6128e+03 1.5911e+03 1.5694e+03 1.5474e+03 1.5253e+03 1.5030e+03 1.4805e+03 1.4578e+03 1.4350e+03 1.4119e+03 1.3887e+03 1.3653e+03 1.3416e+03 1.3178e+03 1.2937e+03 1.2695e+03 1.2450e+03 1.2204e+03 1.1955e+03 1.1703e+03 1.1450e+03 1.1195e+03 1.0937e+03 1.0677e+03 1.0414e+03 1.0149e+03 9.8819e+02 9.6122e+02 9.3400e+02 9.0654e+02 8.7882e+02 8.5085e+02 8.2262e+02 7.9414e+02
1.3302e-02 1.9453e+03 1.9252e+03 1.9049e+03 1.8845e+03 1.8640e+03 1.8433e+03 1.8224e+03 1.8015e+03 1.7803e+03 1.7590e+03 1.7376e+03 1.7160e+03 1.6942e+03 1.6723e+03 1.6502e+03 1.6279e+03 1.6055e+03 1.5828e+03 1.5600e+03 1.5370e+03 1.5138e+03 1.4905e+03 1.4669e+03 1.4432e+03 1.4192e+03 1.3950e+03 1.3707e+03 1.3461e+03 1.3213e+03 1.2963e+03 1.2711e+03 1.2456e+03 1.2200e+03 1.1941e+03 1.1680e+03 1.1416e+03 1.1150e+03 1.0882e+03 1.0612e+03 1.0338e+03 1.0063e+03 9.7848e+02 9.5042e+02 9.2211e+02 8.9353e+02 8.6469e+02 8.3559e+02 8.0622e+02 7.7657e+02 7.4666e+02
1.4422e-02 1.9800e+03 1.9600e+03 1.9398e+03 1.9195e+03 1.8990e+03 1.8784e+03 1.8577e+03 1.8368e+03 1.8157e+03 1.7945e+03 1.7732e+03 1.7517e+03 1.7300e+03 1.7082e+03 1.6862e+03 1.6641e+03 1.6417e+03 1.6192e+03 1.5965e+03 1.5737e+03 1.5506e+03 1.5274e+03 1.5039e+03 1.4803e+03 1.4565e+03 1.4325e+03 1.4083e+03 1.3838e+03 1.3592e+03 1.3343e+03 1.3093e+03 1.2840e+03 1.2585e+03 1.2328e+03 1.2068e+03 1.1807e+03 1.1543e+03 1.1276e+03 1.1007e+03 1.0736e+03 1.0462e+03 1.0186e+03 9.9074e+02 9.6262e+02 9.3424e+02 9.0560e+02 8.7670e+02 8.4753e+02 8.1810e+02 7.8839e+02
1.5637e-02 2.0979e+03 2.0803e+03 2.0626e+03 2.0449e+03 2.0270e+03 2.0090e+03 1.9909e+03 1.9728e+03 1.9545e+03 1.9361e+03 1.9176e+03 1.8990e+03 1.8802e+03 1.8614e+03 1.8424e+03 1.8233e+03 1.8040e+03 1.7847e+03 1.7652e+03 1.7455e+03 1.7257e+03 1.7058e+03 1.6858e+03 1.6656e+03 1.6452e+03 1.6247e+03 1.6040e+03 1.5832e+03 1.5622e+03 1.5410e+03 1.5197e+03 1.4982e+03 1.4766e+03 1.4547e+03 1.4327e+03 1.4105e+03 1.3882e+03 1.3656e+03 1.3429e+03 1.3199e+03 1.2968e+03 1.2735e+03 1.2499e+03 1.2262e+03 1.2023e+03 1.1781e+03 1.1538e+03 1.1292e+03 1.1044e+03 1.0795e+03
1.6955e-02 2.0404e+03 2.0216e+03 2.0026e+03 1.9836e+03 1.9644e+03 1.9451e+03 1.9257e+03 1.9061e+03 1.8864e+03 1.8666e+03 1.8467e+03 1.8266e+03 1.8064e+03 1.7860e+03 1.7655e+03 1.7448e+03 1.7240e+03 1.7031e+03 1.6820e+03 1.6607e+03 1.6393e+03 1.6177e+03 1.5959e+03 1.5739e+03 1.5518e+03 1.5295e+03 1.5071e+03 1.4844e+03 1.4616e+03 1.4386e+03 1.4154e+03 1.3920e+03 1.3684e+03 1.3446e+03 1.3206e+03 1.2963e+03 1.2719e+03 1.2473e+03 1.2225e+03 1.1974e+03 1.1721e+03 1.1466e+03 1.1209e+03 1.0950e+03 1.0688e+03 1.0424e+03 1.0157e+03 9.8882e+02 9.6169e+02 9.3432e+02
1.8383e-02 2.0085e+03 1.9896e+03 1.9705e+03 1.9513e+03 1.9319e+03 1.9125e+03 1.8929e+03 1.8732e+03 1.8534e+03 1.8334e+03 1.8133e+03 1.7931e+03 1.7727e+03 1.7522e+03 1.7315e+03 1.7107e+03 1.6897e+03 1.6686e+03 1.6473e+03 1.6258e+03 1.6042e+03 1.5824e+03 1.5604e+03 1.5383e+03 1.5160e+03 1.4935e+03 1.4708e+03 1.4480e+03 1.4249e+03 1.4017e+03 1.3782e+03 1.3546e+03 1.3308e+03 1.3068e+03 1.2825e+03 1.2581e+03 1.2334e+03 1.2086e+03 1.1835e+03 1.1582e+03 1.1326e+03 1.1069e+03 1.0809e+03 1.0547e+03 1.0283e+03 1.0016e+03 9.7465e+02 9.4749e+02 9.2008e+02 8.9242e+02
1.9931e-02 1.9859e+03 1.9674e+03 1.9488e+03 1.9301e+03 1.9113e+03 1.8923e+03 1.8732e+03 1.8541e+03 1.8347e+03 1.8153e+03 1.7957e+03 1.7760e+03 1.7561e+03 1.7361e+03 1.7159e+03 1.6956e+03 1.6752e+03 1.6546e+03 1.6339e+03 1.6129e+03 1.5919e+03 1.5706e+03 1.5492e+03 1.5277e+03 1.5059e+03 1.4840e+03 1.4619e+03 1.4396e+03 1.4172e+03 1.3945e+03 1.3717e+03 1.3486e+03 1.3254e+03 1.3020e+03 1.2784e+03 1.2545e+03 1.2305e+03 1.2063e+03 1.1818e+03 1.1571e+03 1.1323e+03 1.1072e+03 1.0818e+03 1.0563e+03 1.0305e+03 1.0045e+03 9.7824e+02 9.5175e+02 9.2503e+02 8.9806e+02
2.1610e-02 1.8585e+03 1.8386e+03 1.8187e+03 1.7986e+03 1.7784e+03 1.7580e+03 1.7375e+03 1.7169e+03 1.6961e+03 1.6751e+03 1.6540e+03 1.6327e+03 1.6112e+03 1.5896e+03 1.5678e+03 1.5459e+03 1.5238e+03 1.5014e+03 1.4790e+03 1.4563e+03 1.4334e+03 1.4104e+03 1.3871e+03 1.3637e+03 1.3400e+03 1.3162e+03 1.2921e+03 1.2679e+03 1.2434e+03 1.2187e+03 1.1938e+03 1.1687e+03 1.1434e+03 1.1178e+03 1.0920e+03 1.0660e+03 1.0397e+03 1.0132e+03 9.8651e+02 9.5953e+02 9.3231e+02 9.0483e+02 8.7711e+02 8.4912e+02 8.2088e+02 7.9238e+02 7.6362e+02 7.3459e+02 7.0529e+02 6.7572e+02
2.3430e-02 1.8374e+03 1.8192e+03 1.8009e+03 1.7824e+03 1.7638e+03 1.7451e+03 1.7263e+03 1.7074e+03 1.6883e+03 1.6690e+03 1.6497e+03 1.6302e+03 1.6105e+03 1.5907e+03 1.5708e+03 1.5507e+03 1.5305e+03 1.5100e+03 1.4895e+03 1.4688e+03 1.4479e+03 1.4268e+03 1.4056e+03 1.3842e+03 1.3626e+03 1.3408e+03 1.3189e+03 1.2967e+03 1.2744e+03 1.2519e+03 1.2292e+03 1.2063e+03 1.1832e+03 1.1599e+03 1.1364e+03 1.1127e+03 1.0888e+03 1.0647e+03 1.0403e+03 1.0158e+03 9.9097e+02 9.6597e+02 9.4074e+02 9.1528e+02 8.8959e+02 8.6366e+02 8.3750e+02 8.1110e+02 7.8445e+02 7.5756e+02
2.5404e-02 1.6957e+03 1.6768e+03 1.6578e+03 1.6386e+03 1.6193e+03 1.5998e+03 1.5802e+03 1.5604e+03 1.5405e+03 1.5205e+03 1.5003e+03 1.4799e+03 1.4594e+03 1.4387e+03 1.4178e+03 1.3968e+03 1.3755e+03 1.3542e+03 1.3326e+03 1.3108e+03 1.2889e+03 1.2668e+03 1.2445e+03 1.2220e+03 1.1993e+03 1.1764e+03 1.1533e+03 1.1300e+03 1.1065e+03 1.0828e+03 1.0589e+03 1.0347e+03 1.0104e+03 9.8582e+02 9.6102e+02 9.3599e+02 9.1074e+02 8.8525e+02 8.5953e+02 8.3357e+02 8.0738e+02 7.8093e+02 7.5425e+02 7.2731e+02 7.0013e+02 6.7269e+02 6.4499e+02 6.1704e+02 5.8882e+02 5.6034e+02
2.7544e-02 1.6378e+03 1.6206e+03 1.6032e+03 1.5857e+03 1.5681e+03 1.5504e+03 1.5325e+03 1.5145e+03 1.4964e+03 1.4781e+03 1.4597e+03 1.4412e+03 1.4225e+03 1.4037e+03 1.3847e+03 1.3656e+03 1.3464e+03 1.3269e+03 1.3073e+03 1.2876e+03 1.2677e+03 1.2476e+03 1.2274e+03 1.2070e+03 1.1864e+03 1.1656e+03 1.1447e+03 1.1236e+03 1.1023e+03 1.0808e+03 1.0591e+03 1.0372e+03 1.0152e+03 9.9293e+02 9.7047e+02 9.4782e+02 9.2496e+02 9.0189e+02 8.7861e+02 8.5512e+02 8.3142e+02 8.0750e+02 7.8336e+02 7.5900e+02 7.3442e+02 7.0961e+02 6.8457e+02 6.5929e+02 6.3378e+02 6.0804e+02
2.9864e-02 1.4621e+03 1.4441e+03 1.4260e+03 1.4077e+03 1.3893e+03 1.3707e+03 1.3520e+03 1.3331e+03 1.3141e+03 1.2950e+03 1.2756e+03 1.2561e+03 1.2365e+03 1.2167e+03 1.1967e+03 1.1765e+03 1.1562e+03 1.1357e+03 1.1150e+03 1.0941e+03 1.0731e+03 1.0519e+03 1.0304e+03 1.0088e+03 9.8700e+02 9.6499e+02 9.4278e+02 9.2037e+02 8.9775e+02 8.7492e+02 8.5189e+02 8.2864e+02 8.0518e+02 7.8150e+02 7.5760e+02 7.3347e+02 7.0912e+02 6.8454e+02 6.5973e+02 6.3468e+02 6.0940e+02 5.8388e+02 5.5812e+02 5.3211e+02 5.0586e+02 4.7936e+02 4.5260e+02 4.2559e+02 3.9832e+02 3.7080e+02
3.2379e-02 1.4669e+03 1.4526e+03 1.4381e+03 1.4236e+03 1.4090e+03 1.3943e+03 1.3795e+03 1.3646e+03 1.3496e+03 1.3345e+03 1.3192e+03 1.3039e+03 1.2885e+03 1.2729e+03 1.2572e+03 1.2415e+03 1.2256e+03 1.2095e+03 1.1934e+03 1.1771e+03 1.1607e+03 1.1441e+03 1.1275e+03 1.1107e+03 1.0937e+03 1.0767e+03 1.0594e+03 1.0421e+03 1.0246e+03 1.0069e+03 9.8908e+02 9.7112e+02 9.5301e+02 9.3474e+02 9.1631e+02 8.9772e+02 8.7896e+02 8.6005e+02 8.4096e+02 8.2171e+02 8.0228e+02 7.8268e+02 7.6291e+02 7.4296e+02 7.2282e+02 7.0251e+02 6.8201e+02 6.6132e+02 6.4045e+02 6.1939e+02
3.5106e-02 1.3866e+03 1.3740e+03 1.3614e+03 1.3486e+03 1.3358e+03 1.3229e+03 1.3100e+03 1.2969e+03 1.2838e+03 1.2706e+03 1.2573e+03 1.2439e+03 1.2305e+03 1.2169e+03 1.2032e+03 1.1895e+03 1.1756e+03 1.1617e+03 1.1476e+03 1.1335e+03 1.1192e+03 1.1048e+03 1.0903e+03 1.0758e+03 1.0610e+03 1.0462e+03 1.0313e+03 1.0162e+03 1.0011e+03 9.8576e+02 9.7034e+02 9.5479e+02 9.3911e+02 9.2330e+02 9.0736e+02 8.9129e+02 8.7508e+02 8.5873e+02 8.4224e+02 8.2561e+02 8.0884e+02 7.9192e+02 7.7486e+02 7.5764e+02 7.4028e+02 7.2276e+02 7.0509e+02 6.8726e+02 6.6927e+02 6.5112e+02
3.8064e-02 1.2471e+03 1.2347e+03 1.2222e+03 1.2096e+03 1.1969e+03 1.1842e+03 1.1713e+03 1.1584e+03 1.1454e+03 1.1323e+03 1.1191e+03 1.1058e+03 1.0924e+03 1.0789e+03 1.0654e+03 1.0517e+03 1.0379e+03 1.0240e+03 1.0099e+03 9.9582e+02 9.8159e+02 9.6724e+02 9.5277e+02 9.3819e+02 9.2349e+02 9.0866e+02 8.9371e+02 8.7864e+02 8.6344e+02 8.4811e+02 8.3265e+02 8.1706e+02 8.0133e+02 7.8546e+02 7.6946e+02 7.5332e+02 7.3704e+02 7.2061e+02 7.0403e+02 6.8731e+02 6.7044e+02 6.5342e+02 6.3625e+02 6.1892e+02 6.0143e+02 5.8378e+02 5.6598e+02 5.4801e+02 5.2988e+02 5.1158e+02
4.1270e-02 1.2728e+03 1.2642e+03 1.2556e+03 1.2470e+03 1.2384e+03 1.2297e+03 1.2210e+03 1.2122e+03 1.2034e+03 1.1946e+03 1.1857e+03 1.1768e+03 1.1679e+03 1.1589e+03 1.1499e+03 1.1408e+03 1.1317e+03 1.1225e+03 1.1133e+03 1.1040e+03 1.0947e+03 1.0853e+03 1.0759e+03 1.0664e+03 1.0568e+03 1.0472e+03 1.0376e+03 1.0279e+03 1.0181e+03 1.0082e+03 9.9830e+02 9.8832e+02 9.7827e+02 9.6815e+02 9.5795e+02 9.4769e+02 9.3735e+02 9.2694e+02 9.1645e+02 9.0588e+02 8.9523e+02 8.8451e+02 8.7370e+02 8.6280e+02 8.5183e+02 8.4076e+02 8.2961e+02 8.1837e+02 8.0704e+02 7.9562e+02
4.4746e-02 1.1696e+03 1.1614e+03 1.1533e+03 1.1451e+03 1.1368e+03 1.1286e+03 1.1203e+03 1.1119e+03 1.1036e+03 1.0952e+03 1.0867e+03 1.0783e+03 1.0697e+03 1.0612e+03 1.0526e+03 1.0439e+03 1.0352e+03 1.0264e+03 1.0176e+03 1.0088e+03 9.9990e+02 9.9095e+02 9.8194e+02 9.7288e+02 9.6376e+02 9.5458e+02 9.4535e+02 9.3605e+02 9.2669e+02 9.1727e+02 9.0778e+02 8.9823e+02 8.8861e+02 8.7893e+02 8.6917e+02 8.5934e+02 8.4944e+02 8.3947e+02 8.2942e+02 8.1930e+02 8.0910e+02 7.9882e+02 7.8846e+02 7.7802e+02 7.6750e+02 7.5689e+02 7.4620e+02 7.3542e+02 7.2456e+02 7.1361e+02
4.8515e-02 1.0865e+03 1.0788e+03 1.0710e+03 1.0633e+03 1.0555e+03 1.0476e+03 1.0398e+03 1.0319e+03 1.0239e+03 1.0160e+03 1.0079e+03 9.9989e+02 9.9179e+02 9.8366e+02 9.7547e+02 9.6725e+02 9.5898e+02 9.5066e+02 9.4230e+02 9.3388e+02 9.2541e+02 9.1690e+02 9.0832e+02 8.9970e+02 8.9102e+02 8.8228e+02 8.7349e+02 8.6463e+02 8.5572e+02 8.4674e+02 8.3770e+02 8.2860e+02 8.1943e+02 8.1020e+02 8.0089e+02 7.9152e+02 7.8208e+02 7.7257e+02 7.6298e+02 7.5333e+02 7.4359e+02 7.3378e+02 7.2389e+02 7.1393e+02 7.0388e+02 6.9376e+02 6.8355e+02 6.7326e+02 6.6288e+02 6.5242e+02
5.2602e-02 8.3480e+02 8.2316e+02 8.1142e+02 7.9959e+02 7.8765e+02 7.7562e+02 7.6349e+02 7.5125e+02 7.3890e+02 7.2645e+02 7.1389e+02 7.0123e+02 6.8844e+02 6.7555e+02 6.6254e+02 6.4942e+02 6.3617e+02 6.2281e+02 6.0932e+02 5.9571e+02 5.8197e+02 5.6811e+02 5.5412e+02 5.4000e+02 5.2575e+02 5.1137e+02 4.9684e+02 4.8219e+02 4.6739e+02 4.5246e+02 4.3738e+02 4.2216e+02 4.0679e+02 3.9128e+02 3.7562e+02 3.5981e+02 3.4384e+02 3.2773e+02 3.1146e+02 2.9503e+02 2.7844e+02 2.6169e+02 2.4479e+02 2.2771e+02 2.1048e+02 1.9307e+02 1.7550e+02 1.5776e+02 1.3985e+02 1.2176e+02
5.7032e-02 8.4403e+02 8.3431e+02 8.2451e+02 8.1464e+02 8.0470e+02 7.9469e+02 7.8459e+02 7.7443e+02 7.6418e+02 7.5386e+02 7.4345e+02 7.3296e+02 7.2239e+02 7.1173e+02 7.0098e+02 6.9015e+02 6.7922e+02 6.6821e+02 6.5710e+02 6.4590e+02 6.3460e+02 6.2321e+02 6.1171e+02 6.0012e+02 5.8843e+02 5.7664e+02 5.6474e+02 5.5273e+02 5.4062e+02 5.2840e+02 5.1607e+02 5.0363e+02 4.9108e+02 4.7841e+02 4.6563e+02 4.5274e+02 4.3972e+02 4.2658e+02 4.1333e+02 3.9995e+02 3.8645e+02 3.7282e+02 3.5907e+02 3.4518e+02 3.3117e+02 3.1703e+02 3.0276e+02 2.8835e+02 2.7381e+02 2.5913e+02
6.1836e-02 8.5544e+02 8.4754e+02 8.3959e+02 8.3159e+02 8.2355e+02 8.1545e+02 8.0731e+02 7.9911e+02 7.9086e+02 7.8255e+02 7.7419e+02 7.6577e+02 7.5729e+02 7.4875e+02 7.4015e+02 7.3149e+02 7.2277e+02 7.1398e+02 7.0513e+02 6.9620e+02 6.8722e+02 6.7816e+02 6.6903e+02 6.5983e+02 6.5056e+02 6.4121e+02 6.3179e+02 6.2229e+02 6.1271e+02 6.0306e+02 5.9333e+02 5.8351e+02 5.7361e+02 5.6363e+02 5.5357e+02 5.4341e+02 5.3318e+02 5.2285e+02 5.1243e+02 5.0193e+02 4.9133e+02 4.8063e+02 4.6985e+02 4.5897e+02 4.4799e+02 4.3691e+02 4.2574e+02 4.1446e+02 4.0309e+02 3.9161e+02
6.7045e-02 8.0554e+02 7.9825e+02 7.9092e+02 7.8354e+02 7.7612e+02 7.6866e+02 7.6115e+02 7.5360e+02 7.4599e+02 7.3834e+02 7.3063e+02 7.2288e+02 7.1507e+02 7.0721e+02 6.9929e+02 6.9132e+02 6.8329e+02 6.7521e+02 6.6706e+02 6.5885e+02 6.5059e+02 6.4226e+02 6.3386e+02 6.2540e+02 6.1688e+02 6.0829e+02 5.9963e+02 5.9090e+02 5.8211e+02 5.7324e+02 5.6430e+02 5.5528e+02 5.4619e+02 5.3703e+02 5.2779e+02 5.1847e+02 5.0907e+02 4.9959e+02 4.9003e+02 4.8039e+02 4.7067e+02 4.6086e+02 4.5096e+02 4.4098e+02 4.3091e+02 4.2076e+02 4.1051e+02 4.0017e+02 3.8974e+02 3.7922e+02
7.2692e-02 7.3399e+02 7.2714e+02 7.2026e+02 7.1334e+02 7.0637e+02 6.9937e+02 6.9231e+02 6.8521e+02 6.7806e+02 6.7087e+02 6.6363e+02 6.5633e+02 6.4899e+02 6.4159e+02 6.3415e+02 6.2664e+02 6.1909e+02 6.1147e+02 6.0380e+02 5.9607e+02 5.8828e+02 5.8043e+02 5.7252e+02 5.6455e+02 5.5652e+02 5.4842e+02 5.4025e+02 5.3202e+02 5.2372e+02 5.1536e+02 5.0692e+02 4.9841e+02 4.8984e+02 4.8119e+02 4.7246e+02 4.6366e+02 4.5479e+02 4.4584e+02 4.3681e+02 4.2770e+02 4.1851e+02 4.0924e+02 3.9990e+02 3.9046e+02 3.8095e+02 3.7134e+02 3.6166e+02 3.5188e+02 3.4202e+02 3.3207e+02
7.8815e-02 5.6173e+02 5.5343e+02 5.4506e+02 5.3662e+02 5.2810e+02 5.1952e+02 5.1085e+02 5.0211e+02 4.9330e+02 4.8440e+02 4.7543e+02 4.6638e+02 4.5724e+02 4.4802e+02 4.3872e+02 4.2933e+02 4.1986e+02 4.1030e+02 4.0065e+02 3.9091e+02 3.8107e+02 3.7115e+02 3.6113e+02 3.5102e+02 3.4081e+02 3.3051e+02 3.2010e+02 3.0960e+02 2.9900e+02 2.8829e+02 2.7748e+02 2.6657e+02 2.5555e+02 2.4443e+02 2.3320e+02 2.2186e+02 2.1041e+02 1.9884e+02 1.8717e+02 1.7538e+02 1.6348e+02 1.5146e+02 1.3933e+02 1.2707e+02 1.1470e+02 1.0221e+02 8.9594e+01 7.6856e+01 6.3994e+01 5.1006e+01
8.5454e-02 5.6050e+02 5.5497e+02 5.4941e+02 5.4381e+02 5.3817e+02 5.3250e+02 5.2679e+02 5.2104e+02 5.1526e+02 5.0943e+02 5.0356e+02 4.9765e+02 4.9169e+02 4.8569e+02 4.7965e+02 4.7356e+02 4.6742e+02 4.6124e+02 4.5501e+02 4.4873e+02 4.4240e+02 4.3603e+02 4.2960e+02 4.2311e+02 4.1658e+02 4.0999e+02 4.0335e+02 3.9665e+02 3.8989e+02 3.8308e+02 3.7621e+02 3.6928e+02 3.6229e+02 3.5524e+02 3.4813e+02 3.4096e+02 3.3373e+02 3.2643e+02 3.1907e+02 3.1164e+02 3.0415e+02 2.9659e+02 2.8896e+02 2.8126e+02 2.7349e+02 2.6566e+02 2.5775e+02 2.4977e+02 2.4172e+02 2.3359e+02
9.2652e-02 5.1357e+02 5.0960e+02 5.0561e+02 5.0160e+02 4.9757e+02 4.9352e+02 4.8945e+02 4.8536e+02 4.8125e+02 4.7712e+02 4.7297e+02 4.6879e+02 4.6458e+02 4.6036e+02 4.5611e+02 4.5183e+02 4.4752e+02 4.4319e+02 4.3884e+02 4.3445e+02 4.3003e+02 4.2559e+02 4.2112e+02 4.1661e+02 4.1207e+02 4.0751e+02 4.0291e+02 3.9827e+02 3.9360e+02 3.8890e+02 3.8417e+02 3.7939e+02 3.7459e+02 3.6974e+02 3.6486e+02 3.5994e+02 3.5498e+02 3.4998e+02 3.4494e+02 3.3986e+02 3.3474e+02 3.2958e+02 3.2438e+02 3.1913e+02 3.1384e+02 3.0850e+02 3.0312e+02 2.9770e+02 2.9223e+02 2.8671e+02
1.0046e-01 4.2347e+02 4.1945e+02 4.1541e+02 4.1134e+02 4.0725e+02 4.0313e+02 3.9899e+02 3.9482e+02 3.9062e+02 3.8639e+02 3.8214e+02 3.7785e+02 3.7354e+02 3.6919e+02 3.6481e+02 3.6040e+02 3.5596e+02 3.5149e+02 3.4698e+02 3.4244e+02 3.3786e+02 3.3325e+02 3.2860e+02 3.2391e+02 3.1919e+02 3.1443e+02 3.0963e+02 3.0479e+02 2.9991e+02 2.9499e+02 2.9003e+02 2.8503e+02 2.7999e+02 2.7490e+02 2.6977e+02 2.6460e+02 2.5938e+02 2.5412e+02 2.4881e+02 2.4345e+02 2.3805e+02 2.3260e+02 2.2710e+02 2.2155e+02 2.1596e+02 2.1031e+02 2.0461e+02 1.9886e+02 1.9306e+02 1.8721e+02
1.0892e-01 3.8075e+02 3.7709e+02 3.7342e+02 3.6972e+02 3.6599e+02 3.6225e+02 3.5847e+02 3.5468e+02 3.5086e+02 3.4701e+02 3.4313e+02 3.3923e+02 3.3530e+02 3.3134e+02 3.2736e+02 3.2334e+02 3.1930e+02 3.1522e+02 3.1111e+02 3.0697e+02 3.0280e+02 2.9860e+02 2.9436e+02 2.9009e+02 2.8578e+02 2.8144e+02 2.7706e+02 2.7265e+02 2.6820e+02 2.6372e+02 2.5919e+02 2.5463e+02 2.5003e+02 2.4539e+02 2.4071e+02 2.3599e+02 2.3123e+02 2.2643e+02 2.2158e+02 2.1669e+02 2.1176e+02 2.0679e+02 2.0177e+02 1.9671e+02 1.9160e+02 1.8644e+02 1.8124e+02 1.7599e+02 1.7069e+02 1.6535e+02
1.1809e-01 3.5568e+02 3.5234e+02 3.4898e+02 3.4561e+02 3.4221e+02 3.3879e+02 3.3535e+02 3.3189e+02 3.2840e+02 3.2489e+02 3.2136e+02 3.1780e+02 3.1422e+02 3.1061e+02 3.0698e+02 3.0332e+02 2.9963e+02 2.9592e+02 2.9218e+02 2.8841e+02 2.8461e+02 2.8078e+02 2.7692e+02 2.7303e+02 2.6911e+02 2.6516e+02 2.6118e+02 2.5717e+02 2.5312e+02 2.4904e+02 2.4492e+02 2.4077e+02 2.3659e+02 2.3237e+02 2.2811e+02 2.2382e+02 2.1949e+02 2.1512e+02 2.1072e+02 2.0627e+02 2.0179e+02 1.9727e+02 1.9271e+02 1.8811e+02 1.8346e+02 1.7878e+02 1.7405e+02 1.6928e+02 1.6447e+02 1.5962e+02
1.2804e-01 3.1716e+02 3.1387e+02 3.1056e+02 3.0723e+02 3.0388e+02 3.0051e+02 2.9711e+02 2.9368e+02 2.9024e+02 2.8677e+02 2.8327e+02 2.7975e+02 2.7620e+02 2.7262e+02 2.6902e+02 2.6538e+02 2.6172e+02 2.5804e+02 2.5432e+02 2.5057e+02 2.4679e+02 2.4298e+02 2.3915e+02 2.3527e+02 2.3137e+02 2.2743e+02 2.2346e+02 2.1946e+02 2.1542e+02 2.1135e+02 2.0725e+02 2.0310e+02 1.9892e+02 1.9471e+02 1.9046e+02 1.8617e+02 1.8184e+02 1.7747e+02 1.7307e+02 1.6862e+02 1.6414e+02 1.5961e+02 1.5505e+02 1.5044e+02 1.4579e+02 1.4110e+02 1.3636e+02 1.3158e+02 1.2676e+02 1.2189e+02
1.3883e-01 2.9013e+02 2.8755e+02 2.8494e+02 2.8233e+02 2.7970e+02 2.7705e+02 2.7438e+02 2.7170e+02 2.6901e+02 2.6629e+02 2.6356e+02 2.6081e+02 2.5805e+02 2.5526e+02 2.5245e+02 2.4963e+02 2.4679e+02 2.4392e+02 2.4103e+02 2.3813e+02 2.3520e+02 2.3225e+02 2.2928e+02 2.2628e+02 2.2327e+02 2.2022e+02 2.1716e+02 2.1407e+02 2.1096e+02 2.0782e+02 2.0465e+02 2.0146e+02 1.9824e+02 1.9500e+02 1.9173e+02 1.8843e+02 1.8511e+02 1.8176e+02 1.7837e+02 1.7496e+02 1.7152e+02 1.6805e+02 1.6455e+02 1.6102e+02 1.5746e+02 1.5387e+02 1.5024e+02 1.4658e+02 1.4289e+02 1.3917e+02
1.5052e-01 2.3533e+02 2.3296e+02 2.3057e+02 2.2816e+02 2.2575e+02 2.2331e+02 2.2086e+02 2.1839e+02 2.1590e+02 2.1340e+02 2.1088e+02 2.0834e+02 2.0578e+02 2.0320e+02 2.0060e+02 1.9799e+02 1.9535e+02 1.9269e+02 1.9001e+02 1.8731e+02 1.8459e+02 1.8184e+02 1.7908e+02 1.7629e+02 1.7347e+02 1.7064e+02 1.6778e+02 1.6489e+02 1.6198e+02 1.5905e+02 1.5609e+02 1.5311e+02 1.5009e+02 1.4706e+02 1.4399e+02 1.4090e+02 1.3778e+02 1.3464e+02 1.3146e+02 1.2826e+02 1.2503e+02 1.2176e+02 1.1847e+02 1.1515e+02 1.1180e+02 1.0842e+02 1.0501e+02 1.0156e+02 9.8085e+01 9.4576e+01
1.6320e-01 2.0121e+02 1.9919e+02 1.9716e+02 1.9511e+02 1.9305e+02 1.9097e+02 1.8888e+02 1.8678e+02 1.8466e+02 1.8252e+02 1.8037e+02 1.7821e+02 1.7603e+02 1.7383e+02 1.7161e+02 1.6938e+02 1.6713e+02 1.6487e+02 1.6258e+02 1.6028e+02 1.5796e+02 1.5562e+02 1.5326e+02 1.5088e+02 1.4848e+02 1.4607e+02 1.4363e+02 1.4117e+02 1.3869e+02 1.3618e+02 1.3366e+02 1.3112e+02 1.2855e+02 1.2596e+02 1.2334e+02 1.2071e+02 1.1805e+02 1.1536e+02 1.1266e+02 1.0992e+02 1.0717e+02 1.0438e+02 1.0158e+02 9.8743e+01 9.5884e+01 9.2998e+01 9.0085e+01 8.7146e+01 8.4179e+01 8.1185e+01
1.7694e-01 1.7756e+02 1.7565e+02 1.7373e+02 1.7180e+02 1.6985e+02 1.6789e+02 1.6591e+02 1.6392e+02 1.6192e+02 1.5990e+02 1.5786e+02 1.5581e+02 1.5375e+02 1.5167e+02 1.4957e+02 1.4745e+02 1.4532e+02 1.4317e+02 1.4100e+02 1.3882e+02 1.3662e+02 1.3440e+02 1.3216e+02 1.2990e+02 1.2762e+02 1.2532e+02 1.2301e+02 1.2067e+02 1.1831e+02 1.1593e+02 1.1353e+02 1.1111e+02 1.0867e+02 1.0620e+02 1.0372e+02 1.0121e+02 9.8678e+01 9.6123e+01 9.3545e+01 9.0944e+01 8.8318e+01 8.5669e+01 8.2994e+01 8.0295e+01 7.7572e+01 7.4822e+01 7.2047e+01 6.9246e+01 6.6419e+01 6.3566e+01
1.9185e-01 1.6493e+02 1.6333e+02 1.6171e+02 1.6009e+02 1.5846e+02 1.5681e+02 1.5516e+02 1.5349e+02 1.5182e+02 1.5013e+02 1.4843e+02 1.4672e+02 1.4499e+02 1.4326e+02 1.4151e+02 1.3975e+02 1.3797e+02 1.3618e+02 1.3438e+02 1.3256e+02 1.3073e+02 1.2889e+02 1.2703e+02 1.2515e+02 1.2326e+02 1.2136e+02 1.1944e+02 1.1750e+02 1.1555e+02 1.1358e+02 1.1159e+02 1.0959e+02 1.0757e+02 1.0553e+02 1.0348e+02 1.0140e+02 9.9312e+01 9.7203e+01 9.5075e+01 9.2928e+01 9.0762e+01 8.8577e+01 8.6372e+01 8.4148e+01 8.1903e+01 7.9638e+01 7.7352e+01 7.5046e+01 7.2718e+01 7.0369e+01
2.0801e-01 1.3535e+02 1.3386e+02 1.3236e+02 1.3085e+02 1.2933e+02 1.2780e+02 1.2626e+02 1.2470e+02 1.2314e+02 1.2156e+02 1.1997e+02 1.1837e+02 1.1676e+02 1.1513e+02 1.1349e+02 1.1184e+02 1.1017e+02 1.0849e+02 1.0680e+02 1.0509e+02 1.0337e+02 1.0163e+02 9.9877e+01 9.8110e+01 9.6328e+01 9.4531e+01 9.2718e+01 9.0889e+01 8.9043e+01 8.7182e+01 8.5303e+01 8.3408e+01 8.1496e+01 7.9567e+01 7.7620e+01 7.5655e+01 7.3672e+01 7.1671e+01 6.9652e+01 6.7614e+01 6.5557e+01 6.3481e+01 6.1386e+01 5.9271e+01 5.7136e+01 5.4981e+01 5.2806e+01 5.0611e+01 4.8395e+01 4.6158e+01
2.2553e-01 1.1634e+02 1.1512e+02 1.1389e+02 1.1264e+02 1.1140e+02 1.1014e+02 1.0887e+02 1.0759e+02 1.0631e+02 1.0502e+02 1.0371e+02 1.0240e+02 1.0107e+02 9.9740e+01 9.8396e+01 9.7041e+01 9.5676e+01 9.4299e+01 9.2912e+01 9.1513e+01 9.0103e+01 8.8681e+01 8.7247e+01 8.5801e+01 8.4343e+01 8.2872e+01 8.1389e+01 7.9893e+01 7.8384e+01 7.6861e+01 7.5326e+01 7.3776e+01 7.2213e+01 7.0636e+01 6.9045e+01 6.7439e+01 6.5819e+01 6.4184e+01 6.2534e+01 6.0869e+01 5.9188e+01 5.7492e+01 5.5781e+01 5.4053e+01 5.2309e+01 5.0549e+01 4.8773e+01 4.6980e+01 4.5170e+01 4.3343e+01
2.4453e-01 9.8514e+01 9.7319e+01 9.6116e+01 9.4903e+01 9.3682e+01 9.2451e+01 9.1210e+01 8.9960e+01 8.8700e+01 8.7430e+01 8.6150e+01 8.4859e+01 8.3558e+01 8.2246e+01 8.0924e+01 7.9590e+01 7.8244e+01 7.6888e+01 7.5519e+01 7.4139e+01 7.2747e+01 7.1342e+01 6.9926e+01 6.8496e+01 6.7054e+01 6.5599e+01 6.4131e+01 6.2649e+01 6.1154e+01 5.9646e+01 5.8123e+01 5.6587e+01 5.5036e+01 5.3471e+01 5.1891e+01 5.0296e+01 4.8687e+01 4.7063e+01 4.5423e+01 4.3767e+01 4.2096e+01 4.0410e+01 3.8707e+01 3.6988e+01 3.5252e+01 3.3500e+01 3.1732e+01 2.9946e+01 2.8143e+01 2.6323e+01
2.6512e-01 7.9405e+01 7.8218e+01 7.7020e+01 7.5812e+01 7.4594e+01 7.3366e+01 7.2127e+01 7.0877e+01 6.9616e+01 6.8344e+01 6.7061e+01 6.5766e+01 6.4460e+01 6.3141e+01 6.1811e+01 6.0468e+01 5.9113e+01 5.7746e+01 5.6366e+01 5.4972e+01 5.3566e+01 5.2146e+01 5.0713e+01 4.9267e+01 4.7806e+01 4.6332e+01 4.4843e+01 4.3340e+01 4.1822e+01 4.0290e+01 3.8743e+01 3.7181e+01 3.5603e+01 3.4011e+01 3.2402e+01 3.0778e+01 2.9138e+01 2.7482e+01 2.5810e+01 2.4121e+01 2.2415e+01 2.0693e+01 1.8953e+01 1.7197e+01 1.5423e+01 1.3631e+01 1.1822e+01 9.9949e+00 8.1498e+00 6.2864e+00
2.8746e-01 8.1586e+01 8.0910e+01 8.0230e+01 7.9547e+01 7.8861e+01 7.8171e+01 7.7477e+01 7.6780e+01 7.6079e+01 7.5374e+01 7.4664e+01 7.3951e+01 7.3233e+01 7.2511e+01 7.1784e+01 7.1052e+01 7.0316e+01 6.9575e+01 6.8829e+01 6.8077e+01 6.7321e+01 6.6559e+01 6.5792e+01 6.5019e+01 6.4240e+01 6.3456e+01 6.2666e+01 6.1869e+01 6.1067e+01 6.0258e+01 5.9443e+01 5.8621e+01 5.7793e+01 5.6958e+01 5.6117e+01 5.5268e+01 5.4413e+01 5.3550e+01 5.2680e+01 5.1802e+01 5.0917e+01 5.0025e+01 4.9125e+01 4.8217e+01 4.7301e+01 4.6377e+01 4.5444e+01 4.4504e+01 4.3555e+01 4.2598e+01
3.1167e-01 7.7114e+01 7.6666e+01 7.6217e+01 7.5768e+01 7.5318e+01 7.4867e+01 7.4416e+01 7.3963e+01 7.3510e+01 7.3056e+01 7.2600e+01 7.2144e+01 7.1686e+01 7.1226e+01 7.0765e+01 7.0303e+01 6.9839e+01 6.9374e+01 6.8906e+01 6.8437e+01 6.7966e+01 6.7493e+01 6.7017e+01 6.6540e+01 6.6060e+01 6.5578e+01 6.5094e+01 6.4607e+01 6.4117e+01 6.3625e+01 6.3130e+01 6.2633e+01 6.2132e+01 6.1628e+01 6.1122e+01 6.0612e+01 6.0099e+01 5.9583e+01 5.9063e+01 5.8540e+01 5.8013e+01 5.7483e+01 5.6949e+01 5.6411e+01 5.5869e+01 5.5324e+01 5.4774e+01 5.4220e+01 5.3663e+01 5.3100e+01
3.3792e-01 5.0404e+01 4.9645e+01 4.8879e+01 4.8107e+01 4.7329e+01 4.6544e+01 4.5752e+01 4.4954e+01 4.4149e+01 4.3336e+01 4.2517e+01 4.1690e+01 4.0856e+01 4.0015e+01 3.9166e+01 3.8309e+01 3.7444e+01 3.6572e+01 3.5691e+01 3.4803e+01 3.3906e+01 3.3000e+01 3.2086e+01 3.1164e+01 3.0233e+01 2.9293e+01 2.8344e+01 2.7385e+01 2.6418e+01 2.5441e+01 2.4455e+01 2.3460e+01 2.2454e+01 2.1439e+01 2.0414e+01 1.9379e+01 1.8334e+01 1.7279e+01 1.6213e+01 1.5137e+01 1.4051e+01 1.2953e+01 1.1845e+01 1.0726e+01 9.5958e+00 8.4545e+00 7.3019e+00 6.1380e+00 4.9625e+00 3.7754e+00
3.6639e-01 4.6753e+01 4.6176e+01 4.5596e+01 4.5011e+01 4.4422e+01 4.3829e+01 4.3231e+01 4.2628e+01 4.2021e+01 4.1409e+01 4.0792e+01 4.0171e+01 3.9544e+01 3.8912e+01 3.8275e+01 3.7632e+01 3.6984e+01 3.6331e+01 3.5672e+01 3.5007e+01 3.4337e+01 3.3661e+01 3.2978e+01 3.2290e+01 3.1596e+01 3.0895e+01 3.0188e+01 2.9475e+01 2.8755e+01 2.8029e+01 2.7295e+01 2.6555e+01 2.5809e+01 2.5055e+01 2.4294e+01 2.3526e+01 2.2751e+01 2.1969e+01 2.1179e+01 2.0382e+01 1.9577e+01 1.8764e+01 1.7944e+01 1.7115e+01 1.6279e+01 1.5435e+01 1.4583e+01 1.3722e+01 1.2853e+01 1.1976e+01
3.9725e-01 4.0717e+01 4.0234e+01 3.9749e+01 3.9260e+01 3.8767e+01 3.8272e+01 3.7772e+01 3.7269e+01 3.6763e+01 3.6252e+01 3.5738e+01 3.5220e+01 3.4698e+01 3.4172e+01 3.3641e+01 3.3107e+01 3.2568e+01 3.2025e+01 3.1477e+01 3.0925e+01 3.0368e+01 2.9806e+01 2.9240e+01 2.8669e+01 2.8093e+01 2.7512e+01 2.6926e+01 2.6335e+01 2.5738e+01 2.5136e+01 2.4529e+01 2.3917e+01 2.3299e+01 2.2675e+01 2.2046e+01 2.1411e+01 2.0770e+01 2.0123e+01 1.9470e+01 1.8812e+01 1.8147e+01 1.7476e+01 1.6798e+01 1.6115e+01 1.5424e+01 1.4728e+01 1.4024e+01 1.3315e+01 1.2598e+01 1.1875e+01
4.3071e-01 3.6340e+01 3.5960e+01 3.5578e+01 3.5193e+01 3.4807e+01 3.4418e+01 3.4026e+01 3.3632e+01 3.3236e+01 3.2837e+01 3.2435e+01 3.2031e+01 3.1624e+01 3.1214e+01 3.0801e+01 3.0385e+01 2.9966e+01 2.9544e+01 2.9119e+01 2.8690e+01 2.8259e+01 2.7824e+01 2.7386e+01 2.6944e+01 2.6499e+01 2.6050e+01 2.5597e+01 2.5141e+01 2.4681e+01 2.4218e+01 2.3750e+01 2.3279e+01 2.2803e+01 2.2324e+01 2.1840e+01 2.1352e+01 2.0860e+01 2.0364e+01 1.9863e+01 1.9358e+01 1.8848e+01 1.8334e+01 1.7815e+01 1.7292e+01 1.6763e+01 1.6230e+01 1.5693e+01 1.5150e+01 1.4602e+01 1.4049e+01
4.6699e-01 3.2390e+01 3.2092e+01 3.1794e+01 3.1494e+01 3.1192e+01 3.0889e+01 3.0585e+01 3.0279e+01 2.9971e+01 2.9662e+01 2.9351e+01 2.9038e+01 2.8723e+01 2.8407e+01 2.8088e+01 2.7768e+01 2.7445e+01 2.7121e+01 2.6794e+01 2.6465e+01 2.6134e+01 2.5801e+01 2.5466e+01 2.5128e+01 2.4787e+01 2.4445e+01 2.4099e+01 2.3752e+01 2.3401e+01 2.3048e+01 2.2692e+01 2.2334e+01 2.1973e+01 2.1609e+01 2.1242e+01 2.0872e+01 2.0499e+01 2.0123e+01 1.9744e+01 1.9362e+01 1.8976e+01 1.8588e+01 1.8196e+01 1.7801e+01 1.7403e+01 1.7001e+01 1.6595e+01 1.6186e+01 1.5774e+01 1.5358e+01
5.0632e-01 2.7770e+01 2.7515e+01 2.7260e+01 2.7003e+01 2.6745e+01 2.6486e+01 2.6226e+01 2.5965e+01 2.5702e+01 2.5438e+01 2.5173e+01 2.4906e+01 2.4637e+01 2.4367e+01 2.4096e+01 2.3823e+01 2.3548e+01 2.3272e+01 2.2994e+01 2.2714e+01 2.2433e+01 2.2149e+01 2.1864e+01 2.1577e+01 2.1288e+01 2.0996e+01 2.0703e+01 2.0408e+01 2.0111e+01 1.9811e+01 1.9509e+01 1.9205e+01 1.8899e+01 1.8590e+01 1.8279e+01 1.7966e+01 1.7650e+01 1.7332e+01 1.7011e+01 1.6688e+01 1.6361e+01 1.6033e+01 1.5701e+01 1.5367e+01 1.5030e+01 1.4691e+01 1.4348e+01 1.4003e+01 1.3654e+01 1.3303e+01
5.4897e-01 2.4029e+01 2.3818e+01 2.3606e+01 2.3394e+01 2.3180e+01 2.2966e+01 2.2751e+01 2.2535e+01 2.2318e+01 2.2100e+01 2.1881e+01 2.1661e+01 2.1440e+01 2.1218e+01 2.0995e+01 2.0771e+01 2.0545e+01 2.0318e+01 2.0091e+01 1.9861e+01 1.9631e+01 1.9399e+01 1.9166e+01 1.8931e+01 1.8695e+01 1.8457e+01 1.8218e+01 1.7977e+01 1.7735e+01 1.7491e+01 1.7246e+01 1.6998e+01 1.6749e+01 1.6499e+01 1.6246e+01 1.5992e+01 1.5736e+01 1.5478e+01 1.5218e+01 1.4956e+01 1.4692e+01 1.4426e+01 1.4158e+01 1.3888e+01 1.3616e+01 1.3342e+01 1.3065e+01 1.2787e+01 1.2506e+01 1.2222e+01
5.9521e-01 2.1992e+01 2.1846e+01 2.1700e+01 2.1554e+01 2.1408e+01 2.1262e+01 2.1116e+01 2.0970e+01 2.0823e+01 2.0677e+01 2.0530e+01 2.0383e+01 2.0236e+01 2.0089e+01 1.9941e+01 1.9793e+01 1.9645e+01 1.9497e+01 1.9348e+01 1.9198e+01 1.9049e+01 1.8899e+01 1.8748e+01 1.8597e+01 1.8446e+01 1.8294e+01 1.8141e+01 1.7988e+01 1.7834e+01 1.7680e+01 1.7525e+01 1.7370e+01 1.7213e+01 1.7056e+01 1.6899e+01 1.6740e+01 1.6581e+01 1.6421e+01 1.6260e+01 1.6098e+01 1.5936e+01 1.5772e+01 1.5608e+01 1.5443e+01 1.5276e+01 1.5109e+01 1.4941e+01 1.4772e+01 1.4601e+01 1.4430e+01
6.4535e-01 2.0458e+01 2.0373e+01 2.0289e+01 2.0205e+01 2.0123e+01 2.0041e+01 1.9960e+01 1.9879e+01 1.9799e+01 1.9720e+01 1.9641e+01 1.9563e+01 1.9486e+01 1.9409e+01 1.9333e+01 1.9257e+01 1.9182e+01 1.9107e+01 1.9033e+01 1.8959e+01 1.8886e+01 1.8813e+01 1.8741e+01 1.8669e+01 1.8598e+01 1.8527e+01 1.8456e+01 1.8386e+01 1.8316e+01 1.8247e+01 1.8178e+01 1.8109e+01 1.8040e+01 1.7972e+01 1.7904e+01 1.7837e+01 1.7769e+01 1.7702e+01 1.7635e+01 1.7569e+01 1.7502e+01 1.7436e+01 1.7370e+01 1.7304e+01 1.7238e+01 1.7173e+01 1.7107e+01 1.7042e+01 1.6977e+01 1.6911e+01
6.9971e-01 1.6927e+01 1.6843e+01 1.6759e+01 1.6676e+01 1.6593e+01 1.6511e+01 1.6429e+01 1.6347e+01 1.6266e+01 1.6186e+01 1.6106e+01 1.6026e+01 1.5947e+01 1.5868e+01 1.5790e+01 1.5712e+01 1.5634e+01 1.5557e+01 1.5480e+01 1.5403e+01 1.5327e+01 1.5251e+01 1.5175e+01 1.5100e+01 1.5025e+01 1.4950e+01 1.4875e+01 1.4801e+01 1.4726e+01 1.4652e+01 1.4579e+01 1.4505e+01 1.4432e+01 1.4358e+01 1.4285e+01 1.4212e+01 1.4139e+01 1.4066e+01 1.3994e+01 1.3921e+01 1.3849e+01 1.3776e+01 1.3704e+01 1.3631e+01 1.3559e+01 1.3487e+01 1.3414e+01 1.3342e+01 1.3270e+01 1.3197e+01
7.5865e-01 1.4804e+01 1.4740e+01 1.4678e+01 1.4616e+01 1.4555e+01 1.4494e+01 1.4434e+01 1.4375e+01 1.4317e+01 1.4259e+01 1.4201e+01 1.4144e+01 1.4088e+01 1.4033e+01 1.3978e+01 1.3923e+01 1.3869e+01 1.3816e+01 1.3763e+01 1.3711e+01 1.3659e+01 1.3608e+01 1.3558e+01 1.3508e+01 1.3458e+01 1.3409e+01 1.3360e+01 1.3312e+01 1.3264e+01 1.3217e+01 1.3170e+01 1.3124e+01 1.3078e+01 1.3033e+01 1.2988e+01 1.2943e+01 1.2899e+01 1.2855e+01 1.2812e+01 1.2769e+01 1.2726e+01 1.2684e+01 1.2642e+01 1.2600e+01 1.2559e+01 1.2518e+01 1.2477e+01 1.2437e+01 1.2397e+01 1.2358e+01
8.2255e-01 1.3930e+01 1.3908e+01 1.3888e+01 1.3868e+01 1.3850e+01 1.3833e+01 1.3817e+01 1.3802e+01 1.3789e+01 1.3776e+01 1.3765e+01 1.3755e+01 1.3746e+01 1.3738e+01 1.3731e+01 1.3726e+01 1.3721e+01 1.3718e+01 1.3716e+01 1.3715e+01 1.3715e+01 1.3717e+01 1.3719e+01 1.3723e+01 1.3728e+01 1.3733e+01 1.3741e+01 1.3749e+01 1.3758e+01 1.3769e+01 1.3780e+01 1.3793e+01 1.3807e+01 1.3822e+01 1.3838e+01 1.3855e+01 1.3874e+01 1.3893e+01 1.3914e+01 1.3936e+01 1.3958e+01 1.3982e+01 1.4007e+01 1.4034e+01 1.4061e+01 1.4089e+01 1.4119e+01 1.4150e+01 1.4181e+01 1.4214e+01
8.9184e-01 1.1540e+01 1.1515e+01 1.1491e+01 1.1468e+01 1.1446e+01 1.1425e+01 1.1405e+01 1.1386e+01 1.1368e+01 1.1351e+01 1.1335e+01 1.1320e+01 1.1306e+01 1.1293e+01 1.1281e+01 1.1270e+01 1.1260e+01 1.1251e+01 1.1243e+01 1.1236e+01 1.1230e+01 1.1224e+01 1.1220e+01 1.1217e+01 1.1215e+01 1.1214e+01 1.1214e+01 1.1215e+01 1.1216e+01 1.1219e+01 1.1223e+01 1.1228e+01 1.1234e+01 1.1240e+01 1.1248e+01 1.1257e+01 1.1266e+01 1.1277e+01 1.1289e+01 1.1301e+01 1.1315e+01 1.1330e+01 1.1345e+01 1.1362e+01 1.1380e+01 1.1398e+01 1.1418e+01 1.1438e+01 1.1460e+01 1.1482e+01
9.6696e-01 1.1154e+01 1.1165e+01 1.1178e+01 1.1193e+01 1.1208e+01 1.1225e+01 1.1244e+01 1.1264e+01 1.1286e+01 1.1309e+01 1.1334e+01 1.1360e+01 1.1387e+01 1.1416e+01 1.1447e+01 1.1479e+01 1.1513e+01 1.1548e+01 1.1584e+01 1.1623e+01 1.1662e+01 1.1704e+01 1.1747e+01 1.1791e+01 1.1837e+01 1.1885e+01 1.1934e+01 1.1984e+01 1.2037e+01 1.2091e+01 1.2146e+01 1.2203e+01 1.2262e+01 1.2322e+01 1.2384e+01 1.2448e+01 1.2513e+01 1.2579e+01 1.2648e+01 1.2718e+01 1.2790e+01 1.2863e+01 1.2938e+01 1.3015e+01 1.3093e+01 1.3173e+01 1.3255e+01 1.3338e+01 1.3423e+01 1.3510e+01
1.0484e+00 1.1251e+01 1.1304e+01 1.1359e+01 1.1416e+01 1.1475e+01 1.1536e+01 1.1599e+01 1.1664e+01 1.1731e+01 1.1800e+01 1.1872e+01 1.1945e+01 1.2021e+01 1.2098e+01 1.2178e+01 1.2260e+01 1.2344e+01 1.2430e+01 1.2519e+01 1.2609e+01 1.2702e+01 1.2797e+01 1.2894e+01 1.2994e+01 1.3095e+01 1.3199e+01 1.3306e+01 1.3414e+01 1.3525e+01 1.3638e+01 1.3754e+01 1.3871e+01 1.3991e+01 1.4114e+01 1.4239e+01 1.4366e+01 1.4495e+01 1.4627e+01 1.4762e+01 1.4899e+01 1.5038e+01 1.5180e+01 1.5324e+01 1.5470e+01 1.5619e+01 1.5771e+01 1.5925e+01 1.6081e+01 1.6241e+01 1.6402e+01
1.1367e+00 1.0695e+01 1.0768e+01 1.0844e+01 1.0922e+01 1.1002e+01 1.1085e+01 1.1169e+01 1.1256e+01 1.1346e+01 1.1437e+01 1.1531e+01 1.1628e+01 1.1726e+01 1.1828e+01 1.1931e+01 1.2037e+01 1.2145e+01 1.2256e+01 1.2370e+01 1.2485e+01 1.2604e+01 1.2725e+01 1.2848e+01 1.2974e+01 1.3102e+01 1.3233e+01 1.3367e+01 1.3503e+01 1.3642e+01 1.3783e+01 1.3927e+01 1.4074e+01 1.4224e+01 1.4376e+01 1.4531e+01 1.4688e+01 1.4848e+01 1.5011e+01 1.5177e+01 1.5346e+01 1.5517e+01 1.5691e+01 1.5868e+01 1.6048e+01 1.6231e+01 1.6417e+01 1.6605e+01 1.6796e+01 1.6991e+01 1.7188e+01
1.2325e+00 8.6285e+00 8.6814e+00 8.7362e+00 8.7928e+00 8.8512e+00 8.9115e+00 8.9737e+00 9.0377e+00 9.1037e+00 9.1716e+00 9.2414e+00 9.3132e+00 9.3869e+00 9.4626e+00 9.5402e+00 9.6199e+00 9.7016e+00 9.7852e+00 9.8710e+00 9.9587e+00 1.0049e+01 1.0140e+01 1.0234e+01 1.0331e+01 1.0429e+01 1.0529e+01 1.0632e+01 1.0736e+01 1.0843e+01 1.0952e+01 1.1063e+01 1.1176e+01 1.1292e+01 1.1410e+01 1.1530e+01 1.1652e+01 1.1777e+01 1.1904e+01 1.2033e+01 1.2164e+01 1.2298e+01 1.2434e+01 1.2573e+01 1.2714e+01 1.2857e+01 1.3002e+01 1.3150e+01 1.3301e+01 1.3454e+01 1.3609e+01
1.3363e+00 7.7339e+00 7.7899e+00 7.8477e+00 7.9073e+00 7.9687e+00 8.0320e+00 8.0971e+00 8.1640e+00 8.2328e+00 8.3036e+00 8.3762e+00 8.4508e+00 8.5272e+00 8.6057e+00 8.6861e+00 8.7684e+00 8.8528e+00 8.9391e+00 9.0275e+00 9.1179e+00 9.2104e+00 9.3049e+00 9.4015e+00 9.5002e+00 9.6010e+00 9.7039e+00 9.8089e+00 9.9161e+00 1.0025e+01 1.0137e+01 1.0251e+01 1.0367e+01 1.0485e+01 1.0605e+01 1.0728e+01 1.0852e+01 1.0980e+01 1.1109e+01 1.1241e+01 1.1375e+01 1.1511e+01 1.1650e+01 1.1791e+01 1.1934e+01 1.2080e+01 1.2228e+01 1.2379e+01 1.2532e+01 1.2687e+01 1.2845e+01
1.4488e+00 6.9897e+00 7.0486e+00 7.1092e+00 7.1716e+00 7.2359e+00 7.3019e+00 7.3697e+00 7.4394e+00 7.5109e+00 7.5843e+00 7.6596e+00 7.7368e+00 7.8159e+00 7.8969e+00 7.9798e+00 8.0647e+00 8.1516e+00 8.2404e+00 8.3313e+00 8.4242e+00 8.5190e+00 8.6160e+00 8.7150e+00 8.8160e+00 8.9192e+00 9.0245e+00 9.1318e+00 9.2413e+00 9.3530e+00 9.4668e+00 9.5828e+00 9.7010e+00 9.8214e+00 9.9440e+00 1.0069e+01 1.0196e+01 1.0325e+01 1.0457e+01 1.0591e+01 1.0727e+01 1.0866e+01 1.1007e+01 1.1150e+01 1.1296e+01 1.1444e+01 1.1594e+01 1.1747e+01 1.1902e+01 1.2060e+01 1.2220e+01
1.5709e+00 6.3515e+00 6.4124e+00 6.4751e+00 6.5395e+00 6.6056e+00 6.6735e+00 6.7431e+00 6.8146e+00 6.8879e+00 6.9630e+00 7.0399e+00 7.1187e+00 7.1993e+00 7.2818e+00 7.3663e+00 7.4526e+00 7.5409e+00 7.6311e+00 7.7233e+00 7.8174e+00 7.9136e+00 8.0117e+00 8.1119e+00 8.2141e+00 8.3183e+00 8.4246e+00 8.5330e+00 8.6435e+00 8.7562e+00 8.8709e+00 8.9878e+00 9.1068e+00 9.2280e+00 9.3514e+00 9.4770e+00 9.6048e+00 9.7349e+00 9.8672e+00 1.0002e+01 1.0139e+01 1.0278e+01 1.0419e+01 1.0563e+01 1.0709e+01 1.0858e+01 1.1008e+01 1.1162e+01 1.1317e+01 1.1475e+01 1.1636e+01
1.7032e+00 5.5706e+00 5.6274e+00 5.6858e+00 5.7458e+00 5.8075e+00 5.8707e+00 5.9356e+00 6.0021e+00 6.0703e+00 6.1402e+00 6.2117e+00 6.2850e+00 6.3600e+00 6.4367e+00 6.5152e+00 6.5955e+00 6.6775e+00 6.7613e+00 6.8470e+00 6.9344e+00 7.0237e+00 7.1149e+00 7.2079e+00 7.3029e+00 7.3997e+00 7.4984e+00 7.5991e+00 7.7017e+00 7.8062e+00 7.9128e+00 8.0213e+00 8.1318e+00 8.2443e+00 8.3589e+00 8.4755e+00 8.5942e+00 8.7150e+00 8.8378e+00 8.9628e+00 9.0899e+00 9.2191e+00 9.3504e+00 9.4840e+00 9.6197e+00 9.7576e+00 9.8977e+00 1.0040e+01 1.0185e+01 1.0331e+01 1.0480e+01
1.8467e+00 4.7304e+00 4.7793e+00 4.8296e+00 4.8812e+00 4.9343e+00 4.9887e+00 5.0446e+00 5.1020e+00 5.1607e+00 5.2210e+00 5.2827e+00 5.3460e+00 5.4107e+00 5.4770e+00 5.5448e+00 5.6141e+00 5.6850e+00 5.7575e+00 5.8316e+00 5.9073e+00 5.9846e+00 6.0635e+00 6.1441e+00 6.2263e+00 6.3102e+00 6.3958e+00 6.4831e+00 6.5720e+00 6.6628e+00 6.7552e+00 6.8494e+00 6.9454e+00 7.0432e+00 7.1427e+00 7.2441e+00 7.3472e+00 7.4522e+00 7.5591e+00 7.6678e+00 7.7784e+00 7.8909e+00 8.0052e+00 8.1215e+00 8.2397e+00 8.3599e+00 8.4820e+00 8.6061e+00 8.7322e+00 8.8602e+00 8.9903e+00
2.0022e+00 4.0007e+00 4.0420e+00 4.0846e+00 4.1283e+00 4.1732e+00 4.2194e+00 4.2668e+00 4.3154e+00 4.3653e+00 4.4164e+00 4.4688e+00 4.5225e+00 4.5775e+00 4.6338e+00 4.6914e+00 4.7504e+00 4.8107e+00 4.8723e+00 4.9354e+00 4.9998e+00 5.0656e+00 5.1328e+00 5.2015e+00 5.2716e+00 5.3431e+00 5.4161e+00 5.4905e+00 5.5665e+00 5.6439e+00 5.7228e+00 5.8033e+00 5.8852e+00 5.9688e+00 6.0538e+00 6.1405e+00 6.2287e+00 6.3185e+00 6.4099e+00 6.5029e+00 6.5976e+00 6.6939e+00 6.7918e+00 6.8915e+00 6.9927e+00 7.0957e+00 7.2004e+00 7.3068e+00 7.4149e+00 7.5247e+00 7.6363e+00
2.1709e+00 3.2989e+00 3.3317e+00 3.3654e+00 3.4001e+00 3.4359e+00 3.4726e+00 3.5103e+00 3.5490e+00 3.5888e+00 3.6296e+00 3.6714e+00 3.7143e+00 3.7583e+00 3.8034e+00 3.8495e+00 3.8968e+00 3.9451e+00 3.9946e+00 4.0452e+00 4.0970e+00 4.1499e+00 4.2040e+00 4.2592e+00 4.3157e+00 4.3733e+00 4.4321e+00 4.4922e+00 4.5535e+00 4.6160e+00 4.6798e+00 4.7448e+00 4.8111e+00 4.8787e+00 4.9476e+00 5.0178e+00 5.0892e+00 5.1621e+00 5.2362e+00 5.3117e+00 5.3885e+00 5.4667e+00 5.5463e+00 5.6273e+00 5.7096e+00 5.7934e+00 5.8786e+00 5.9652e+00 6.0533e+00 6.1428e+00 6.2337e+00
2.3537e+00 2.6502e+00 2.6742e+00 2.6990e+00 2.7245e+00 2.7508e+00 2.7779e+00 2.8057e+00 2.8344e+00 2.8638e+00 2.8941e+00 2.9252e+00 2.9571e+00 2.9898e+00 3.0234e+00 3.0578e+00 3.0932e+00 3.1293e+00 3.1664e+00 3.2044e+00 3.2432e+00 3.2830e+00 3.3236e+00 3.3652e+00 3.4078e+00 3.4513e+00 3.4957e+00 3.5411e+00 3.5874e+00 3.6348e+00 3.6831e+00 3.7324e+00 3.7827e+00 3.8341e+00 3.8864e+00 3.9398e+00 3.9942e+00 4.0497e+00 4.1062e+00 4.1638e+00 4.2225e+00 4.2822e+00 4.3431e+00 4.4050e+00 4.4681e+00 4.5322e+00 4.5975e+00 4.6640e+00 4.7315e+00 4.8003e+00 4.8702e+00
2.5520e+00 1.9549e+00 1.9678e+00 1.9813e+00 1.9953e+00 2.0097e+00 2.0247e+00 2.0403e+00 2.0563e+00 2.0729e+00 2.0901e+00 2.1078e+00 2.1261e+00 2.1449e+00 2.1643e+00 2.1843e+00 2.2049e+00 2.2261e+00 2.2479e+00 2.2703e+00 2.2933e+00 2.3169e+00 2.3412e+00 2.3661e+00 2.3916e+00 2.4178e+00 2.4446e+00 2.4721e+00 2.5003e+00 2.5291e+00 2.5586e+00 2.5888e+00 2.6197e+00 2.6513e+00 2.6837e+00 2.7167e+00 2.7504e+00 2.7849e+00 2.8201e+00 2.8561e+00 2.8928e+00 2.9302e+00 2.9684e+00 3.0074e+00 3.0471e+00 3.0877e+00 3.1290e+00 3.1711e+00 3.2140e+00 3.2577e+00 3.3023e+00
2.7669e+00 1.5069e+00 1.5137e+00 1.5208e+00 1.5283e+00 1.5361e+00 1.5443e+00 1.5529e+00 1.5618e+00 1.5710e+00 1.5807e+00 1.5907e+00 1.6011e+00 1.6119e+00 1.6230e+00 1.6346e+00 1.6466e+00 1.6590e+00 1.6718e+00 1.6850e+00 1.6986e+00 1.7127e+00 1.7272e+00 1.7421e+00 1.7575e+00 1.7733e+00 1.7896e+00 1.8063e+00 1.8235e+00 1.8411e+00 1.8593e+00 1.8779e+00 1.8970e+00 1.9165e+00 1.9366e+00 1.9572e+00 1.9782e+00 1.9998e+00 2.0219e+00 2.0445e+00 2.0676e+00 2.0913e+00 2.1154e+00 2.1402e+00 2.1654e+00 2.1912e+00 2.2176e+00 2.2445e+00 2.2720e+00 2.3000e+00 2.3287e+00
3.0000e+00 1.0632e+00 1.0634e+00 1.0637e+00 1.0642e+00 1.0649e+00 1.0658e+00 1.0668e+00 1.0681e+00 1.0695e+00 1.0711e+00 1.0729e+00 1.0750e+00 1.0772e+00 1.0796e+00 1.0823e+00 1.0851e+00 1.0882e+00 1.0915e+00 1.0950e+00 1.0988e+00 1.1027e+00 1.1070e+00 1.1114e+00 1.1161e+00 1.1210e+00 1.1262e+00 1.1317e+00 1.1374e+00 1.1433e+00 1.1495e+00 1.1560e+00 1.1628e+00 1.1698e+00 1.1771e+00 1.1847e+00 1.1925e+00 1.2007e+00 1.2091e+00 1.2178e+00 1.2269e+00 1.2362e+00 1.2458e+00 1.2557e+00 1.2660e+00 1.2765e+00 1.2874e+00 1.2986e+00 1.3101e+00 1.3219e+00 1.3341e+00
