# Using only b1_L = 1.599 in CLEFT, at redshift z=2.00
# k, pk(z) : for z in numpy.arange(z-0.25, z+0.25, 0.01)
1.0000e-03 2.3637e+03 2.3476e+03 2.3316e+03 2.3158e+03 2.3002e+03 2.2847e+03 2.2694e+03 2.2542e+03 2.2391e+03 2.2242e+03 2.2095e+03 2.1948e+03 2.1804e+03 2.1660e+03 2.1518e+03 2.1378e+03 2.1238e+03 2.1100e+03 2.0963e+03 2.0828e+03 2.0694e+03 2.0561e+03 2.0429e+03 2.0299e+03 2.0169e+03 2.0041e+03 1.9915e+03 1.9789e+03 1.9664e+03 1.9541e+03 1.9419e+03 1.9298e+03 1.9177e+03 1.9058e+03 1.8941e+03 1.8824e+03 1.8708e+03 1.8593e+03 1.8479e+03 1.8367e+03 1.8255e+03 1.8144e+03 1.8034e+03 1.7925e+03 1.7817e+03 1.7710e+03 1.7604e+03 1.7499e+03 1.7394e+03 1.7291e+03
1.0842e-03 2.5464e+03 2.5291e+03 2.5119e+03 2.4949e+03 2.4780e+03 2.4614e+03 2.4448e+03 2.4285e+03 2.4123e+03 2.3962e+03 2.3803e+03 2.3646e+03 2.3490e+03 2.3335e+03 2.3182e+03 2.3031e+03 2.2881e+03 2.2732e+03 2.2585e+03 2.2439e+03 2.2294e+03 2.2151e+03 2.2009e+03 2.1869e+03 2.1729e+03 2.1591e+03 2.1455e+03 2.1319e+03 2.1185e+03 2.1052e+03 2.0920e+03 2.0790e+03 2.0660e+03 2.0532e+03 2.0405e+03 2.0279e+03 2.0154e+03 2.0031e+03 1.9908e+03 1.9787e+03 1.9666e+03 1.9547e+03 1.9428e+03 1.9311e+03 1.9195e+03 1.9079e+03 1.8965e+03 1.8851e+03 1.8739e+03 1.8627e+03
1.1756e-03 2.7424e+03 2.7237e+03 2.7053e+03 2.6869e+03 2.6688e+03 2.6508e+03 2.6331e+03 2.6154e+03 2.5980e+03 2.5807e+03 2.5636e+03 2.5466e+03 2.5298e+03 2.5132e+03 2.4967e+03 2.4804e+03 2.4642e+03 2.4482e+03 2.4323e+03 2.4166e+03 2.4010e+03 2.3856e+03 2.3703e+03 2.3551e+03 2.3401e+03 2.3253e+03 2.3106e+03 2.2960e+03 2.2815e+03 2.2672e+03 2.2530e+03 2.2389e+03 2.2250e+03 2.2112e+03 2.1975e+03 2.1840e+03 2.1705e+03 2.1572e+03 2.1440e+03 2.1309e+03 2.1180e+03 2.1051e+03 2.0924e+03 2.0798e+03 2.0672e+03 2.0548e+03 2.0425e+03 2.0303e+03 2.0182e+03 2.0063e+03
1.2746e-03 2.9523e+03 2.9322e+03 2.9123e+03 2.8926e+03 2.8730e+03 2.8537e+03 2.8345e+03 2.8156e+03 2.7968e+03 2.7782e+03 2.7597e+03 2.7415e+03 2.7234e+03 2.7055e+03 2.6878e+03 2.6702e+03 2.6528e+03 2.6356e+03 2.6185e+03 2.6016e+03 2.5848e+03 2.5682e+03 2.5518e+03 2.5355e+03 2.5193e+03 2.5033e+03 2.4875e+03 2.4718e+03 2.4562e+03 2.4408e+03 2.4255e+03 2.4103e+03 2.3953e+03 2.3805e+03 2.3657e+03 2.3511e+03 2.3367e+03 2.3223e+03 2.3081e+03 2.2940e+03 2.2801e+03 2.2662e+03 2.2525e+03 2.2389e+03 2.2255e+03 2.2121e+03 2.1989e+03 2.1858e+03 2.1728e+03 2.1599e+03
1.3819e-03 3.1771e+03 3.1554e+03 3.1340e+03 3.1128e+03 3.0918e+03 3.0709e+03 3.0503e+03 3.0299e+03 3.0097e+03 2.9896e+03 2.9698e+03 2.9502e+03 2.9307e+03 2.9114e+03 2.8923e+03 2.8734e+03 2.8547e+03 2.8361e+03 2.8178e+03 2.7995e+03 2.7815e+03 2.7636e+03 2.7460e+03 2.7284e+03 2.7110e+03 2.6938e+03 2.6768e+03 2.6599e+03 2.6431e+03 2.6266e+03 2.6101e+03 2.5938e+03 2.5777e+03 2.5617e+03 2.5459e+03 2.5301e+03 2.5146e+03 2.4991e+03 2.4839e+03 2.4687e+03 2.4537e+03 2.4388e+03 2.4240e+03 2.4094e+03 2.3948e+03 2.3805e+03 2.3662e+03 2.3520e+03 2.3380e+03 2.3241e+03
1.4983e-03 3.4170e+03 3.3938e+03 3.3708e+03 3.3480e+03 3.3255e+03 3.3031e+03 3.2810e+03 3.2590e+03 3.2373e+03 3.2158e+03 3.1945e+03 3.1733e+03 3.1524e+03 3.1317e+03 3.1111e+03 3.0908e+03 3.0706e+03 3.0506e+03 3.0309e+03 3.0113e+03 2.9919e+03 2.9726e+03 2.9536e+03 2.9347e+03 2.9160e+03 2.8975e+03 2.8791e+03 2.8610e+03 2.8430e+03 2.8251e+03 2.8075e+03 2.7899e+03 2.7726e+03 2.7554e+03 2.7384e+03 2.7215e+03 2.7047e+03 2.6881e+03 2.6717e+03 2.6554e+03 2.6392e+03 2.6232e+03 2.6073e+03 2.5916e+03 2.5760e+03 2.5605e+03 2.5452e+03 2.5299e+03 2.5148e+03 2.4998e+03
1.6246e-03 3.6738e+03 3.6488e+03 3.6240e+03 3.5995e+03 3.5752e+03 3.5511e+03 3.5272e+03 3.5036e+03 3.4802e+03 3.4571e+03 3.4341e+03 3.4114e+03 3.3889e+03 3.3666e+03 3.3446e+03 3.3227e+03 3.3010e+03 3.2796e+03 3.2584e+03 3.2373e+03 3.2164e+03 3.1958e+03 3.1753e+03 3.1550e+03 3.1350e+03 3.1150e+03 3.0953e+03 3.0758e+03 3.0564e+03 3.0372e+03 3.0182e+03 2.9994e+03 2.9807e+03 2.9622e+03 2.9438e+03 2.9257e+03 2.9077e+03 2.8898e+03 2.8721e+03 2.8546e+03 2.8372e+03 2.8200e+03 2.8029e+03 2.7860e+03 2.7693e+03 2.7527e+03 2.7362e+03 2.7199e+03 2.7037e+03 2.6876e+03
1.7614e-03 3.9470e+03 3.9202e+03 3.8936e+03 3.8673e+03 3.8412e+03 3.8153e+03 3.7897e+03 3.7644e+03 3.7393e+03 3.7144e+03 3.6898e+03 3.6653e+03 3.6412e+03 3.6172e+03 3.5935e+03 3.5700e+03 3.5467e+03 3.5237e+03 3.5008e+03 3.4782e+03 3.4558e+03 3.4336e+03 3.4116e+03 3.3898e+03 3.3682e+03 3.3468e+03 3.3256e+03 3.3046e+03 3.2839e+03 3.2632e+03 3.2428e+03 3.2226e+03 3.2026e+03 3.1827e+03 3.1630e+03 3.1435e+03 3.1242e+03 3.1050e+03 3.0860e+03 3.0672e+03 3.0485e+03 3.0300e+03 3.0116e+03 2.9934e+03 2.9754e+03 2.9575e+03 2.9397e+03 2.9221e+03 2.9047e+03 2.8874e+03
1.9098e-03 4.2382e+03 4.2093e+03 4.1807e+03 4.1524e+03 4.1244e+03 4.0966e+03 4.0691e+03 4.0419e+03 4.0149e+03 3.9882e+03 3.9617e+03 3.9355e+03 3.9096e+03 3.8838e+03 3.8584e+03 3.8332e+03 3.8082e+03 3.7834e+03 3.7589e+03 3.7346e+03 3.7106e+03 3.6867e+03 3.6631e+03 3.6397e+03 3.6166e+03 3.5936e+03 3.5709e+03 3.5483e+03 3.5260e+03 3.5038e+03 3.4819e+03 3.4602e+03 3.4387e+03 3.4173e+03 3.3962e+03 3.3752e+03 3.3544e+03 3.3339e+03 3.3135e+03 3.2932e+03 3.2732e+03 3.2533e+03 3.2336e+03 3.2141e+03 3.1948e+03 3.1756e+03 3.1566e+03 3.1377e+03 3.1190e+03 3.1005e+03
2.0706e-03 4.5475e+03 4.5165e+03 4.4858e+03 4.4555e+03 4.4254e+03 4.3956e+03 4.3661e+03 4.3369e+03 4.3079e+03 4.2792e+03 4.2508e+03 4.2227e+03 4.1949e+03 4.1673e+03 4.1400e+03 4.1129e+03 4.0861e+03 4.0595e+03 4.0332e+03 4.0072e+03 3.9813e+03 3.9558e+03 3.9304e+03 3.9053e+03 3.8805e+03 3.8558e+03 3.8314e+03 3.8072e+03 3.7833e+03 3.7595e+03 3.7360e+03 3.7127e+03 3.6896e+03 3.6667e+03 3.6440e+03 3.6215e+03 3.5992e+03 3.5771e+03 3.5552e+03 3.5335e+03 3.5120e+03 3.4907e+03 3.4696e+03 3.4487e+03 3.4279e+03 3.4073e+03 3.3869e+03 3.3667e+03 3.3467e+03 3.3268e+03
2.2450e-03 4.8754e+03 4.8422e+03 4.8093e+03 4.7767e+03 4.7444e+03 4.7124e+03 4.6808e+03 4.6494e+03 4.6184e+03 4.5876e+03 4.5572e+03 4.5271e+03 4.4972e+03 4.4676e+03 4.4384e+03 4.4093e+03 4.3806e+03 4.3522e+03 4.3240e+03 4.2960e+03 4.2684e+03 4.2410e+03 4.2138e+03 4.1869e+03 4.1603e+03 4.1338e+03 4.1077e+03 4.0817e+03 4.0560e+03 4.0306e+03 4.0053e+03 3.9803e+03 3.9555e+03 3.9310e+03 3.9066e+03 3.8825e+03 3.8586e+03 3.8349e+03 3.8114e+03 3.7882e+03 3.7651e+03 3.7423e+03 3.7196e+03 3.6972e+03 3.6750e+03 3.6529e+03 3.6311e+03 3.6094e+03 3.5880e+03 3.5667e+03
2.4341e-03 5.2222e+03 5.1866e+03 5.1514e+03 5.1165e+03 5.0819e+03 5.0477e+03 5.0138e+03 4.9802e+03 4.9470e+03 4.9141e+03 4.8815e+03 4.8492e+03 4.8172e+03 4.7855e+03 4.7541e+03 4.7231e+03 4.6923e+03 4.6618e+03 4.6316e+03 4.6016e+03 4.5720e+03 4.5426e+03 4.5135e+03 4.4847e+03 4.4562e+03 4.4279e+03 4.3999e+03 4.3721e+03 4.3446e+03 4.3173e+03 4.2903e+03 4.2635e+03 4.2370e+03 4.2107e+03 4.1846e+03 4.1588e+03 4.1332e+03 4.1078e+03 4.0827e+03 4.0578e+03 4.0331e+03 4.0086e+03 3.9843e+03 3.9603e+03 3.9365e+03 3.9128e+03 3.8894e+03 3.8661e+03 3.8431e+03 3.8203e+03
2.6392e-03 5.5879e+03 5.5498e+03 5.5122e+03 5.4749e+03 5.4379e+03 5.4014e+03 5.3651e+03 5.3292e+03 5.2937e+03 5.2585e+03 5.2236e+03 5.1890e+03 5.1548e+03 5.1209e+03 5.0874e+03 5.0541e+03 5.0212e+03 4.9885e+03 4.9562e+03 4.9242e+03 4.8925e+03 4.8610e+03 4.8299e+03 4.7991e+03 4.7685e+03 4.7382e+03 4.7082e+03 4.6785e+03 4.6490e+03 4.6198e+03 4.5909e+03 4.5623e+03 4.5339e+03 4.5057e+03 4.4779e+03 4.4502e+03 4.4228e+03 4.3957e+03 4.3688e+03 4.3421e+03 4.3157e+03 4.2895e+03 4.2635e+03 4.2378e+03 4.2123e+03 4.1870e+03 4.1619e+03 4.1371e+03 4.1124e+03 4.0880e+03
2.8615e-03 5.9731e+03 5.9324e+03 5.8922e+03 5.8523e+03 5.8128e+03 5.7736e+03 5.7349e+03 5.6965e+03 5.6585e+03 5.6208e+03 5.5835e+03 5.5466e+03 5.5100e+03 5.4738e+03 5.4379e+03 5.4024e+03 5.3671e+03 5.3323e+03 5.2977e+03 5.2635e+03 5.2296e+03 5.1960e+03 5.1627e+03 5.1297e+03 5.0971e+03 5.0647e+03 5.0327e+03 5.0009e+03 4.9694e+03 4.9382e+03 4.9073e+03 4.8767e+03 4.8463e+03 4.8162e+03 4.7864e+03 4.7569e+03 4.7276e+03 4.6986e+03 4.6699e+03 4.6414e+03 4.6131e+03 4.5851e+03 4.5574e+03 4.5299e+03 4.5026e+03 4.4756e+03 4.4488e+03 4.4222e+03 4.3958e+03 4.3697e+03
3.1025e-03 6.3770e+03 6.3336e+03 6.2907e+03 6.2481e+03 6.2059e+03 6.1642e+03 6.1228e+03 6.0818e+03 6.0413e+03 6.0011e+03 5.9613e+03 5.9219e+03 5.8828e+03 5.8441e+03 5.8058e+03 5.7679e+03 5.7303e+03 5.6930e+03 5.6561e+03 5.6196e+03 5.5834e+03 5.5475e+03 5.5120e+03 5.4768e+03 5.4419e+03 5.4073e+03 5.3731e+03 5.3392e+03 5.3056e+03 5.2722e+03 5.2392e+03 5.2065e+03 5.1741e+03 5.1420e+03 5.1102e+03 5.0786e+03 5.0474e+03 5.0164e+03 4.9857e+03 4.9553e+03 4.9251e+03 4.8952e+03 4.8656e+03 4.8363e+03 4.8072e+03 4.7783e+03 4.7497e+03 4.7214e+03 4.6933e+03 4.6654e+03
3.3638e-03 6.7999e+03 6.7536e+03 6.7077e+03 6.6623e+03 6.6173e+03 6.5727e+03 6.5286e+03 6.4849e+03 6.4416e+03 6.3987e+03 6.3562e+03 6.3142e+03 6.2725e+03 6.2313e+03 6.1904e+03 6.1500e+03 6.1099e+03 6.0702e+03 6.0308e+03 5.9919e+03 5.9533e+03 5.9150e+03 5.8772e+03 5.8396e+03 5.8024e+03 5.7656e+03 5.7291e+03 5.6929e+03 5.6571e+03 5.6216e+03 5.5864e+03 5.5515e+03 5.5170e+03 5.4827e+03 5.4488e+03 5.4151e+03 5.3818e+03 5.3488e+03 5.3161e+03 5.2836e+03 5.2515e+03 5.2196e+03 5.1881e+03 5.1568e+03 5.1257e+03 5.0950e+03 5.0645e+03 5.0343e+03 5.0044e+03 4.9747e+03
3.6472e-03 7.2399e+03 7.1907e+03 7.1419e+03 7.0935e+03 7.0457e+03 6.9983e+03 6.9513e+03 6.9048e+03 6.8587e+03 6.8131e+03 6.7679e+03 6.7232e+03 6.6788e+03 6.6349e+03 6.5914e+03 6.5483e+03 6.5057e+03 6.4634e+03 6.4215e+03 6.3800e+03 6.3389e+03 6.2982e+03 6.2578e+03 6.2179e+03 6.1783e+03 6.1390e+03 6.1002e+03 6.0616e+03 6.0235e+03 5.9857e+03 5.9482e+03 5.9110e+03 5.8743e+03 5.8378e+03 5.8017e+03 5.7659e+03 5.7304e+03 5.6952e+03 5.6604e+03 5.6258e+03 5.5916e+03 5.5577e+03 5.5240e+03 5.4907e+03 5.4577e+03 5.4249e+03 5.3924e+03 5.3603e+03 5.3284e+03 5.2967e+03
3.9544e-03 7.6974e+03 7.6450e+03 7.5931e+03 7.5417e+03 7.4908e+03 7.4404e+03 7.3904e+03 7.3410e+03 7.2920e+03 7.2435e+03 7.1954e+03 7.1478e+03 7.1007e+03 7.0540e+03 7.0077e+03 6.9619e+03 6.9165e+03 6.8716e+03 6.8271e+03 6.7830e+03 6.7393e+03 6.6960e+03 6.6531e+03 6.6106e+03 6.5685e+03 6.5268e+03 6.4855e+03 6.4445e+03 6.4040e+03 6.3638e+03 6.3240e+03 6.2845e+03 6.2454e+03 6.2066e+03 6.1682e+03 6.1302e+03 6.0924e+03 6.0551e+03 6.0180e+03 5.9813e+03 5.9449e+03 5.9088e+03 5.8730e+03 5.8376e+03 5.8024e+03 5.7676e+03 5.7330e+03 5.6987e+03 5.6648e+03 5.6311e+03
4.2875e-03 8.1706e+03 8.1149e+03 8.0598e+03 8.0052e+03 7.9511e+03 7.8975e+03 7.8445e+03 7.7920e+03 7.7400e+03 7.6885e+03 7.6375e+03 7.5870e+03 7.5369e+03 7.4874e+03 7.4383e+03 7.3896e+03 7.3415e+03 7.2938e+03 7.2465e+03 7.1997e+03 7.1533e+03 7.1074e+03 7.0619e+03 7.0168e+03 6.9721e+03 6.9278e+03 6.8840e+03 6.8405e+03 6.7975e+03 6.7548e+03 6.7125e+03 6.6706e+03 6.6291e+03 6.5879e+03 6.5472e+03 6.5068e+03 6.4667e+03 6.4270e+03 6.3877e+03 6.3487e+03 6.3101e+03 6.2718e+03 6.2339e+03 6.1962e+03 6.1590e+03 6.1220e+03 6.0854e+03 6.0490e+03 6.0130e+03 5.9773e+03
4.6486e-03 8.6573e+03 8.5984e+03 8.5400e+03 8.4822e+03 8.4250e+03 8.3683e+03 8.3121e+03 8.2565e+03 8.2014e+03 8.1468e+03 8.0928e+03 8.0392e+03 7.9862e+03 7.9337e+03 7.8817e+03 7.8301e+03 7.7791e+03 7.7285e+03 7.6784e+03 7.6288e+03 7.5797e+03 7.5310e+03 7.4827e+03 7.4349e+03 7.3876e+03 7.3407e+03 7.2942e+03 7.2481e+03 7.2025e+03 7.1573e+03 7.1125e+03 7.0681e+03 7.0241e+03 6.9805e+03 6.9374e+03 6.8946e+03 6.8521e+03 6.8101e+03 6.7684e+03 6.7271e+03 6.6862e+03 6.6456e+03 6.6054e+03 6.5656e+03 6.5261e+03 6.4869e+03 6.4481e+03 6.4096e+03 6.3714e+03 6.3336e+03
5.0402e-03 9.1559e+03 9.0936e+03 9.0319e+03 8.9708e+03 8.9102e+03 8.8503e+03 8.7909e+03 8.7320e+03 8.6738e+03 8.6161e+03 8.5589e+03 8.5023e+03 8.4462e+03 8.3907e+03 8.3357e+03 8.2812e+03 8.2272e+03 8.1737e+03 8.1208e+03 8.0683e+03 8.0163e+03 7.9648e+03 7.9138e+03 7.8633e+03 7.8132e+03 7.7636e+03 7.7144e+03 7.6657e+03 7.6175e+03 7.5696e+03 7.5223e+03 7.4753e+03 7.4288e+03 7.3827e+03 7.3370e+03 7.2917e+03 7.2469e+03 7.2024e+03 7.1583e+03 7.1146e+03 7.0713e+03 7.0284e+03 6.9859e+03 6.9437e+03 6.9019e+03 6.8605e+03 6.8194e+03 6.7787e+03 6.7383e+03 6.6983e+03
5.4648e-03 9.6637e+03 9.5979e+03 9.5327e+03 9.4682e+03 9.4043e+03 9.3409e+03 9.2782e+03 9.2162e+03 9.1547e+03 9.0937e+03 9.0334e+03 8.9737e+03 8.9145e+03 8.8559e+03 8.7978e+03 8.7403e+03 8.6834e+03 8.6270e+03 8.5711e+03 8.5157e+03 8.4608e+03 8.4065e+03 8.3527e+03 8.2993e+03 8.2465e+03 8.1941e+03 8.1423e+03 8.0908e+03 8.0399e+03 7.9894e+03 7.9394e+03 7.8898e+03 7.8407e+03 7.7920e+03 7.7438e+03 7.6960e+03 7.6487e+03 7.6017e+03 7.5552e+03 7.5091e+03 7.4634e+03 7.4181e+03 7.3732e+03 7.3288e+03 7.2847e+03 7.2410e+03 7.1977e+03 7.1547e+03 7.1122e+03 7.0700e+03
5.9251e-03 1.0177e+04 1.0108e+04 1.0039e+04 9.9711e+03 9.9039e+03 9.8372e+03 9.7712e+03 9.7058e+03 9.6411e+03 9.5769e+03 9.5134e+03 9.4505e+03 9.3881e+03 9.3264e+03 9.2653e+03 9.2047e+03 9.1447e+03 9.0853e+03 9.0264e+03 8.9681e+03 8.9103e+03 8.8531e+03 8.7964e+03 8.7402e+03 8.6845e+03 8.6294e+03 8.5747e+03 8.5206e+03 8.4670e+03 8.4138e+03 8.3612e+03 8.3090e+03 8.2573e+03 8.2060e+03 8.1552e+03 8.1049e+03 8.0551e+03 8.0056e+03 7.9567e+03 7.9081e+03 7.8600e+03 7.8123e+03 7.7650e+03 7.7182e+03 7.6717e+03 7.6257e+03 7.5801e+03 7.5348e+03 7.4899e+03 7.4455e+03
6.4242e-03 1.0692e+04 1.0619e+04 1.0547e+04 1.0476e+04 1.0405e+04 1.0335e+04 1.0266e+04 1.0197e+04 1.0129e+04 1.0061e+04 9.9947e+03 9.9286e+03 9.8631e+03 9.7982e+03 9.7340e+03 9.6704e+03 9.6073e+03 9.5449e+03 9.4831e+03 9.4218e+03 9.3611e+03 9.3010e+03 9.2414e+03 9.1824e+03 9.1240e+03 9.0660e+03 9.0086e+03 8.9518e+03 8.8954e+03 8.8395e+03 8.7842e+03 8.7294e+03 8.6750e+03 8.6212e+03 8.5678e+03 8.5150e+03 8.4626e+03 8.4106e+03 8.3592e+03 8.3082e+03 8.2576e+03 8.2075e+03 8.1579e+03 8.1087e+03 8.0599e+03 8.0116e+03 7.9636e+03 7.9161e+03 7.8690e+03 7.8224e+03
6.9653e-03 1.1204e+04 1.1127e+04 1.1052e+04 1.0977e+04 1.0903e+04 1.0830e+04 1.0757e+04 1.0685e+04 1.0614e+04 1.0543e+04 1.0473e+04 1.0404e+04 1.0335e+04 1.0267e+04 1.0200e+04 1.0133e+04 1.0067e+04 1.0002e+04 9.9371e+03 9.8729e+03 9.8093e+03 9.7463e+03 9.6839e+03 9.6220e+03 9.5608e+03 9.5001e+03 9.4399e+03 9.3803e+03 9.3213e+03 9.2628e+03 9.2048e+03 9.1474e+03 9.0904e+03 9.0340e+03 8.9781e+03 8.9227e+03 8.8679e+03 8.8134e+03 8.7595e+03 8.7061e+03 8.6531e+03 8.6006e+03 8.5485e+03 8.4969e+03 8.4458e+03 8.3951e+03 8.3448e+03 8.2949e+03 8.2455e+03 8.1965e+03
7.5520e-03 1.1707e+04 1.1628e+04 1.1549e+04 1.1471e+04 1.1393e+04 1.1317e+04 1.1241e+04 1.1166e+04 1.1091e+04 1.1017e+04 1.0944e+04 1.0872e+04 1.0800e+04 1.0729e+04 1.0659e+04 1.0589e+04 1.0520e+04 1.0452e+04 1.0384e+04 1.0317e+04 1.0250e+04 1.0185e+04 1.0119e+04 1.0055e+04 9.9907e+03 9.9273e+03 9.8644e+03 9.8021e+03 9.7404e+03 9.6793e+03 9.6187e+03 9.5587e+03 9.4992e+03 9.4403e+03 9.3818e+03 9.3240e+03 9.2666e+03 9.2097e+03 9.1534e+03 9.0975e+03 9.0422e+03 8.9873e+03 8.9329e+03 8.8790e+03 8.8256e+03 8.7726e+03 8.7201e+03 8.6680e+03 8.6164e+03 8.5652e+03
8.1881e-03 1.2197e+04 1.2114e+04 1.2032e+04 1.1951e+04 1.1870e+04 1.1790e+04 1.1711e+04 1.1633e+04 1.1555e+04 1.1478e+04 1.1402e+04 1.1327e+04 1.1252e+04 1.1178e+04 1.1105e+04 1.1032e+04 1.0960e+04 1.0889e+04 1.0818e+04 1.0748e+04 1.0679e+04 1.0611e+04 1.0543e+04 1.0475e+04 1.0409e+04 1.0343e+04 1.0277e+04 1.0212e+04 1.0148e+04 1.0084e+04 1.0021e+04 9.9587e+03 9.8967e+03 9.8353e+03 9.7744e+03 9.7141e+03 9.6543e+03 9.5951e+03 9.5364e+03 9.4782e+03 9.4205e+03 9.3634e+03 9.3067e+03 9.2506e+03 9.1949e+03 9.1397e+03 9.0850e+03 9.0308e+03 8.9770e+03 8.9237e+03
8.8778e-03 1.2666e+04 1.2580e+04 1.2495e+04 1.2410e+04 1.2327e+04 1.2244e+04 1.2161e+04 1.2080e+04 1.1999e+04 1.1920e+04 1.1841e+04 1.1762e+04 1.1685e+04 1.1608e+04 1.1532e+04 1.1456e+04 1.1382e+04 1.1308e+04 1.1235e+04 1.1162e+04 1.1090e+04 1.1019e+04 1.0948e+04 1.0878e+04 1.0809e+04 1.0740e+04 1.0672e+04 1.0605e+04 1.0538e+04 1.0472e+04 1.0407e+04 1.0342e+04 1.0277e+04 1.0214e+04 1.0150e+04 1.0088e+04 1.0026e+04 9.9642e+03 9.9033e+03 9.8429e+03 9.7830e+03 9.7236e+03 9.6648e+03 9.6065e+03 9.5486e+03 9.4913e+03 9.4345e+03 9.3781e+03 9.3223e+03 9.2668e+03
9.6256e-03 1.3107e+04 1.3018e+04 1.2930e+04 1.2842e+04 1.2755e+04 1.2670e+04 1.2585e+04 1.2500e+04 1.2417e+04 1.2334e+04 1.2253e+04 1.2172e+04 1.2091e+04 1.2012e+04 1.1933e+04 1.1855e+04 1.1778e+04 1.1701e+04 1.1625e+04 1.1550e+04 1.1476e+04 1.1402e+04 1.1329e+04 1.1257e+04 1.1185e+04 1.1114e+04 1.1044e+04 1.0974e+04 1.0905e+04 1.0837e+04 1.0769e+04 1.0702e+04 1.0635e+04 1.0569e+04 1.0504e+04 1.0439e+04 1.0375e+04 1.0311e+04 1.0248e+04 1.0185e+04 1.0123e+04 1.0062e+04 1.0001e+04 9.9407e+03 9.8809e+03 9.8216e+03 9.7628e+03 9.7046e+03 9.6468e+03 9.5895e+03
1.0436e-02 1.3511e+04 1.3419e+04 1.3328e+04 1.3238e+04 1.3148e+04 1.3060e+04 1.2972e+04 1.2885e+04 1.2799e+04 1.2714e+04 1.2630e+04 1.2547e+04 1.2464e+04 1.2382e+04 1.2301e+04 1.2220e+04 1.2141e+04 1.2062e+04 1.1984e+04 1.1906e+04 1.1830e+04 1.1754e+04 1.1678e+04 1.1604e+04 1.1530e+04 1.1457e+04 1.1384e+04 1.1312e+04 1.1241e+04 1.1171e+04 1.1101e+04 1.1031e+04 1.0963e+04 1.0895e+04 1.0827e+04 1.0761e+04 1.0694e+04 1.0629e+04 1.0564e+04 1.0499e+04 1.0435e+04 1.0372e+04 1.0309e+04 1.0247e+04 1.0185e+04 1.0124e+04 1.0064e+04 1.0004e+04 9.9441e+03 9.8851e+03
1.1315e-02 1.3869e+04 1.3775e+04 1.3681e+04 1.3589e+04 1.3497e+04 1.3406e+04 1.3316e+04 1.3227e+04 1.3139e+04 1.3052e+04 1.2965e+04 1.2879e+04 1.2794e+04 1.2710e+04 1.2627e+04 1.2544e+04 1.2462e+04 1.2381e+04 1.2301e+04 1.2222e+04 1.2143e+04 1.2065e+04 1.1988e+04 1.1911e+04 1.1835e+04 1.1760e+04 1.1686e+04 1.1612e+04 1.1539e+04 1.1467e+04 1.1395e+04 1.1324e+04 1.1253e+04 1.1184e+04 1.1114e+04 1.1046e+04 1.0978e+04 1.0910e+04 1.0844e+04 1.0778e+04 1.0712e+04 1.0647e+04 1.0583e+04 1.0519e+04 1.0456e+04 1.0393e+04 1.0331e+04 1.0269e+04 1.0208e+04 1.0147e+04
1.2269e-02 1.4172e+04 1.4075e+04 1.3980e+04 1.3885e+04 1.3791e+04 1.3698e+04 1.3607e+04 1.3515e+04 1.3425e+04 1.3336e+04 1.3247e+04 1.3160e+04 1.3073e+04 1.2987e+04 1.2902e+04 1.2818e+04 1.2734e+04 1.2651e+04 1.2569e+04 1.2488e+04 1.2408e+04 1.2328e+04 1.2249e+04 1.2171e+04 1.2094e+04 1.2017e+04 1.1941e+04 1.1865e+04 1.1791e+04 1.1717e+04 1.1643e+04 1.1571e+04 1.1499e+04 1.1427e+04 1.1357e+04 1.1287e+04 1.1217e+04 1.1148e+04 1.1080e+04 1.1013e+04 1.0946e+04 1.0879e+04 1.0813e+04 1.0748e+04 1.0684e+04 1.0619e+04 1.0556e+04 1.0493e+04 1.0430e+04 1.0369e+04
1.3302e-02 1.4407e+04 1.4309e+04 1.4212e+04 1.4116e+04 1.4021e+04 1.3927e+04 1.3833e+04 1.3741e+04 1.3649e+04 1.3558e+04 1.3469e+04 1.3380e+04 1.3291e+04 1.3204e+04 1.3117e+04 1.3032e+04 1.2947e+04 1.2863e+04 1.2779e+04 1.2697e+04 1.2615e+04 1.2534e+04 1.2453e+04 1.2374e+04 1.2295e+04 1.2217e+04 1.2140e+04 1.2063e+04 1.1987e+04 1.1912e+04 1.1837e+04 1.1764e+04 1.1690e+04 1.1618e+04 1.1546e+04 1.1475e+04 1.1404e+04 1.1334e+04 1.1265e+04 1.1196e+04 1.1128e+04 1.1061e+04 1.0994e+04 1.0927e+04 1.0862e+04 1.0796e+04 1.0732e+04 1.0668e+04 1.0604e+04 1.0541e+04
1.4422e-02 1.4566e+04 1.4467e+04 1.4369e+04 1.4272e+04 1.4175e+04 1.4080e+04 1.3986e+04 1.3892e+04 1.3800e+04 1.3708e+04 1.3617e+04 1.3527e+04 1.3438e+04 1.3350e+04 1.3262e+04 1.3176e+04 1.3090e+04 1.3005e+04 1.2921e+04 1.2837e+04 1.2754e+04 1.2672e+04 1.2591e+04 1.2511e+04 1.2431e+04 1.2352e+04 1.2274e+04 1.2197e+04 1.2120e+04 1.2044e+04 1.1969e+04 1.1894e+04 1.1820e+04 1.1747e+04 1.1674e+04 1.1602e+04 1.1531e+04 1.1460e+04 1.1390e+04 1.1320e+04 1.1251e+04 1.1183e+04 1.1116e+04 1.1048e+04 1.0982e+04 1.0916e+04 1.0851e+04 1.0786e+04 1.0722e+04 1.0658e+04
1.5637e-02 1.4639e+04 1.4540e+04 1.4441e+04 1.4343e+04 1.4247e+04 1.4151e+04 1.4056e+04 1.3962e+04 1.3869e+04 1.3777e+04 1.3685e+04 1.3595e+04 1.3505e+04 1.3416e+04 1.3329e+04 1.3241e+04 1.3155e+04 1.3070e+04 1.2985e+04 1.2901e+04 1.2818e+04 1.2736e+04 1.2654e+04 1.2573e+04 1.2493e+04 1.2414e+04 1.2335e+04 1.2258e+04 1.2180e+04 1.2104e+04 1.2028e+04 1.1953e+04 1.1879e+04 1.1805e+04 1.1732e+04 1.1660e+04 1.1588e+04 1.1517e+04 1.1447e+04 1.1377e+04 1.1308e+04 1.1239e+04 1.1171e+04 1.1104e+04 1.1037e+04 1.0971e+04 1.0905e+04 1.0840e+04 1.0775e+04 1.0711e+04
1.6955e-02 1.4615e+04 1.4516e+04 1.4417e+04 1.4319e+04 1.4223e+04 1.4127e+04 1.4032e+04 1.3938e+04 1.3845e+04 1.3753e+04 1.3662e+04 1.3572e+04 1.3482e+04 1.3394e+04 1.3306e+04 1.3219e+04 1.3133e+04 1.3048e+04 1.2963e+04 1.2880e+04 1.2797e+04 1.2715e+04 1.2633e+04 1.2553e+04 1.2473e+04 1.2394e+04 1.2315e+04 1.2237e+04 1.2160e+04 1.2084e+04 1.2009e+04 1.1934e+04 1.1859e+04 1.1786e+04 1.1713e+04 1.1641e+04 1.1569e+04 1.1498e+04 1.1428e+04 1.1358e+04 1.1289e+04 1.1220e+04 1.1153e+04 1.1085e+04 1.1019e+04 1.0953e+04 1.0887e+04 1.0822e+04 1.0758e+04 1.0694e+04
1.8383e-02 1.4486e+04 1.4387e+04 1.4289e+04 1.4193e+04 1.4097e+04 1.4002e+04 1.3908e+04 1.3815e+04 1.3723e+04 1.3631e+04 1.3541e+04 1.3451e+04 1.3363e+04 1.3275e+04 1.3188e+04 1.3102e+04 1.3017e+04 1.2932e+04 1.2848e+04 1.2765e+04 1.2683e+04 1.2602e+04 1.2521e+04 1.2441e+04 1.2362e+04 1.2284e+04 1.2206e+04 1.2129e+04 1.2053e+04 1.1977e+04 1.1902e+04 1.1828e+04 1.1755e+04 1.1682e+04 1.1609e+04 1.1538e+04 1.1467e+04 1.1396e+04 1.1327e+04 1.1258e+04 1.1189e+04 1.1121e+04 1.1054e+04 1.0987e+04 1.0921e+04 1.0856e+04 1.0791e+04 1.0727e+04 1.0663e+04 1.0600e+04
1.9931e-02 1.4245e+04 1.4148e+04 1.4052e+04 1.3957e+04 1.3863e+04 1.3770e+04 1.3677e+04 1.3586e+04 1.3495e+04 1.3405e+04 1.3316e+04 1.3228e+04 1.3141e+04 1.3055e+04 1.2969e+04 1.2885e+04 1.2801e+04 1.2717e+04 1.2635e+04 1.2554e+04 1.2473e+04 1.2393e+04 1.2313e+04 1.2235e+04 1.2157e+04 1.2080e+04 1.2003e+04 1.1928e+04 1.1853e+04 1.1778e+04 1.1705e+04 1.1632e+04 1.1559e+04 1.1488e+04 1.1417e+04 1.1346e+04 1.1276e+04 1.1207e+04 1.1139e+04 1.1071e+04 1.1003e+04 1.0937e+04 1.0871e+04 1.0805e+04 1.0740e+04 1.0676e+04 1.0612e+04 1.0549e+04 1.0486e+04 1.0424e+04
2.1610e-02 1.3890e+04 1.3795e+04 1.3702e+04 1.3609e+04 1.3517e+04 1.3426e+04 1.3336e+04 1.3247e+04 1.3159e+04 1.3071e+04 1.2985e+04 1.2899e+04 1.2814e+04 1.2730e+04 1.2646e+04 1.2564e+04 1.2482e+04 1.2401e+04 1.2321e+04 1.2241e+04 1.2162e+04 1.2084e+04 1.2007e+04 1.1930e+04 1.1854e+04 1.1779e+04 1.1705e+04 1.1631e+04 1.1558e+04 1.1485e+04 1.1413e+04 1.1342e+04 1.1272e+04 1.1202e+04 1.1132e+04 1.1064e+04 1.0996e+04 1.0928e+04 1.0861e+04 1.0795e+04 1.0730e+04 1.0665e+04 1.0600e+04 1.0536e+04 1.0473e+04 1.0410e+04 1.0348e+04 1.0286e+04 1.0225e+04 1.0164e+04
2.3430e-02 1.3422e+04 1.3331e+04 1.3241e+04 1.3151e+04 1.3062e+04 1.2975e+04 1.2888e+04 1.2802e+04 1.2716e+04 1.2632e+04 1.2548e+04 1.2465e+04 1.2383e+04 1.2302e+04 1.2221e+04 1.2141e+04 1.2062e+04 1.1984e+04 1.1906e+04 1.1829e+04 1.1753e+04 1.1678e+04 1.1603e+04 1.1529e+04 1.1456e+04 1.1383e+04 1.1311e+04 1.1240e+04 1.1169e+04 1.1099e+04 1.1030e+04 1.0961e+04 1.0893e+04 1.0825e+04 1.0758e+04 1.0692e+04 1.0626e+04 1.0561e+04 1.0496e+04 1.0432e+04 1.0369e+04 1.0306e+04 1.0244e+04 1.0182e+04 1.0121e+04 1.0060e+04 9.9999e+03 9.9402e+03 9.8811e+03 9.8224e+03
2.5404e-02 1.2850e+04 1.2763e+04 1.2676e+04 1.2591e+04 1.2506e+04 1.2422e+04 1.2339e+04 1.2256e+04 1.2174e+04 1.2093e+04 1.2013e+04 1.1934e+04 1.1855e+04 1.1777e+04 1.1700e+04 1.1624e+04 1.1548e+04 1.1473e+04 1.1399e+04 1.1325e+04 1.1253e+04 1.1180e+04 1.1109e+04 1.1038e+04 1.0968e+04 1.0898e+04 1.0829e+04 1.0761e+04 1.0693e+04 1.0626e+04 1.0560e+04 1.0494e+04 1.0429e+04 1.0364e+04 1.0300e+04 1.0236e+04 1.0174e+04 1.0111e+04 1.0049e+04 9.9881e+03 9.9274e+03 9.8672e+03 9.8075e+03 9.7484e+03 9.6897e+03 9.6316e+03 9.5740e+03 9.5168e+03 9.4602e+03 9.4040e+03
2.7544e-02 1.2187e+04 1.2105e+04 1.2022e+04 1.1941e+04 1.1861e+04 1.1781e+04 1.1702e+04 1.1624e+04 1.1546e+04 1.1470e+04 1.1394e+04 1.1318e+04 1.1244e+04 1.1170e+04 1.1097e+04 1.1024e+04 1.0953e+04 1.0882e+04 1.0811e+04 1.0741e+04 1.0672e+04 1.0604e+04 1.0536e+04 1.0469e+04 1.0402e+04 1.0336e+04 1.0271e+04 1.0206e+04 1.0142e+04 1.0078e+04 1.0015e+04 9.9528e+03 9.8909e+03 9.8296e+03 9.7688e+03 9.7086e+03 9.6489e+03 9.5898e+03 9.5312e+03 9.4731e+03 9.4155e+03 9.3584e+03 9.3019e+03 9.2458e+03 9.1902e+03 9.1351e+03 9.0804e+03 9.0263e+03 8.9726e+03 8.9193e+03
2.9864e-02 1.1455e+04 1.1377e+04 1.1300e+04 1.1223e+04 1.1148e+04 1.1073e+04 1.0999e+04 1.0925e+04 1.0852e+04 1.0780e+04 1.0709e+04 1.0638e+04 1.0568e+04 1.0499e+04 1.0430e+04 1.0362e+04 1.0294e+04 1.0228e+04 1.0161e+04 1.0096e+04 1.0031e+04 9.9665e+03 9.9027e+03 9.8396e+03 9.7770e+03 9.7150e+03 9.6535e+03 9.5927e+03 9.5324e+03 9.4726e+03 9.4134e+03 9.3547e+03 9.2966e+03 9.2389e+03 9.1818e+03 9.1252e+03 9.0692e+03 9.0136e+03 8.9585e+03 8.9039e+03 8.8498e+03 8.7961e+03 8.7429e+03 8.6902e+03 8.6379e+03 8.5861e+03 8.5347e+03 8.4838e+03 8.4333e+03 8.3832e+03
3.2379e-02 1.0680e+04 1.0607e+04 1.0535e+04 1.0464e+04 1.0394e+04 1.0324e+04 1.0255e+04 1.0186e+04 1.0118e+04 1.0051e+04 9.9845e+03 9.9186e+03 9.8533e+03 9.7886e+03 9.7245e+03 9.6610e+03 9.5981e+03 9.5358e+03 9.4741e+03 9.4129e+03 9.3524e+03 9.2924e+03 9.2329e+03 9.1740e+03 9.1157e+03 9.0579e+03 9.0006e+03 8.9438e+03 8.8876e+03 8.8318e+03 8.7766e+03 8.7219e+03 8.6677e+03 8.6139e+03 8.5607e+03 8.5079e+03 8.4556e+03 8.4038e+03 8.3524e+03 8.3015e+03 8.2510e+03 8.2010e+03 8.1514e+03 8.1023e+03 8.0536e+03 8.0053e+03 7.9574e+03 7.9099e+03 7.8629e+03 7.8162e+03
3.5106e-02 9.8954e+03 9.8281e+03 9.7614e+03 9.6954e+03 9.6300e+03 9.5653e+03 9.5012e+03 9.4377e+03 9.3748e+03 9.3125e+03 9.2508e+03 9.1897e+03 9.1292e+03 9.0692e+03 9.0098e+03 8.9510e+03 8.8928e+03 8.8350e+03 8.7779e+03 8.7213e+03 8.6652e+03 8.6096e+03 8.5545e+03 8.5000e+03 8.4459e+03 8.3924e+03 8.3393e+03 8.2867e+03 8.2346e+03 8.1830e+03 8.1318e+03 8.0811e+03 8.0309e+03 7.9811e+03 7.9318e+03 7.8829e+03 7.8344e+03 7.7864e+03 7.7388e+03 7.6916e+03 7.6449e+03 7.5985e+03 7.5526e+03 7.5071e+03 7.4619e+03 7.4172e+03 7.3728e+03 7.3288e+03 7.2852e+03 7.2420e+03
3.8064e-02 9.1352e+03 9.0731e+03 9.0116e+03 8.9507e+03 8.8903e+03 8.8306e+03 8.7714e+03 8.7128e+03 8.6547e+03 8.5972e+03 8.5402e+03 8.4838e+03 8.4279e+03 8.3726e+03 8.3177e+03 8.2634e+03 8.2096e+03 8.1563e+03 8.1035e+03 8.0513e+03 7.9994e+03 7.9481e+03 7.8973e+03 7.8469e+03 7.7970e+03 7.7476e+03 7.6986e+03 7.6500e+03 7.6019e+03 7.5543e+03 7.5070e+03 7.4602e+03 7.4139e+03 7.3679e+03 7.3224e+03 7.2772e+03 7.2325e+03 7.1882e+03 7.1443e+03 7.1007e+03 7.0575e+03 7.0147e+03 6.9723e+03 6.9303e+03 6.8886e+03 6.8473e+03 6.8063e+03 6.7657e+03 6.7254e+03 6.6854e+03
4.1270e-02 8.4322e+03 8.3748e+03 8.3180e+03 8.2617e+03 8.2060e+03 8.1508e+03 8.0962e+03 8.0420e+03 7.9884e+03 7.9354e+03 7.8828e+03 7.8307e+03 7.7791e+03 7.7280e+03 7.6774e+03 7.6273e+03 7.5777e+03 7.5285e+03 7.4798e+03 7.4315e+03 7.3837e+03 7.3363e+03 7.2894e+03 7.2429e+03 7.1969e+03 7.1512e+03 7.1060e+03 7.0612e+03 7.0168e+03 6.9728e+03 6.9292e+03 6.8859e+03 6.8431e+03 6.8007e+03 6.7586e+03 6.7170e+03 6.6757e+03 6.6347e+03 6.5942e+03 6.5540e+03 6.5141e+03 6.4746e+03 6.4355e+03 6.3967e+03 6.3582e+03 6.3201e+03 6.2823e+03 6.2449e+03 6.2077e+03 6.1709e+03
4.4746e-02 7.8118e+03 7.7586e+03 7.7060e+03 7.6538e+03 7.6022e+03 7.5510e+03 7.5004e+03 7.4502e+03 7.4006e+03 7.3514e+03 7.3027e+03 7.2544e+03 7.2066e+03 7.1593e+03 7.1124e+03 7.0660e+03 7.0200e+03 6.9744e+03 6.9293e+03 6.8846e+03 6.8403e+03 6.7964e+03 6.7529e+03 6.7098e+03 6.6672e+03 6.6249e+03 6.5830e+03 6.5414e+03 6.5003e+03 6.4595e+03 6.4191e+03 6.3791e+03 6.3394e+03 6.3001e+03 6.2611e+03 6.2225e+03 6.1842e+03 6.1463e+03 6.1087e+03 6.0714e+03 6.0345e+03 5.9979e+03 5.9617e+03 5.9257e+03 5.8901e+03 5.8547e+03 5.8197e+03 5.7850e+03 5.7506e+03 5.7165e+03
4.8515e-02 7.2865e+03 7.2370e+03 7.1879e+03 7.1393e+03 7.0911e+03 7.0434e+03 6.9962e+03 6.9495e+03 6.9031e+03 6.8573e+03 6.8118e+03 6.7668e+03 6.7222e+03 6.6781e+03 6.6343e+03 6.5910e+03 6.5481e+03 6.5056e+03 6.4635e+03 6.4218e+03 6.3804e+03 6.3395e+03 6.2989e+03 6.2587e+03 6.2189e+03 6.1794e+03 6.1403e+03 6.1016e+03 6.0632e+03 6.0252e+03 5.9875e+03 5.9501e+03 5.9131e+03 5.8764e+03 5.8401e+03 5.8041e+03 5.7684e+03 5.7330e+03 5.6980e+03 5.6632e+03 5.6288e+03 5.5947e+03 5.5608e+03 5.5273e+03 5.4941e+03 5.4611e+03 5.4285e+03 5.3961e+03 5.3640e+03 5.3322e+03
5.2602e-02 6.8527e+03 6.8061e+03 6.7600e+03 6.7142e+03 6.6690e+03 6.6241e+03 6.5797e+03 6.5357e+03 6.4922e+03 6.4490e+03 6.4063e+03 6.3639e+03 6.3220e+03 6.2805e+03 6.2393e+03 6.1986e+03 6.1582e+03 6.1182e+03 6.0786e+03 6.0394e+03 6.0005e+03 5.9620e+03 5.9238e+03 5.8860e+03 5.8486e+03 5.8115e+03 5.7747e+03 5.7383e+03 5.7022e+03 5.6664e+03 5.6310e+03 5.5959e+03 5.5611e+03 5.5266e+03 5.4924e+03 5.4586e+03 5.4250e+03 5.3917e+03 5.3588e+03 5.3261e+03 5.2937e+03 5.2616e+03 5.2297e+03 5.1982e+03 5.1669e+03 5.1359e+03 5.1051e+03 5.0746e+03 5.0444e+03 5.0144e+03
5.7032e-02 6.4844e+03 6.4404e+03 6.3967e+03 6.3535e+03 6.3106e+03 6.2682e+03 6.2262e+03 6.1846e+03 6.1434e+03 6.1025e+03 6.0621e+03 6.0220e+03 5.9824e+03 5.9431e+03 5.9041e+03 5.8656e+03 5.8274e+03 5.7895e+03 5.7520e+03 5.7149e+03 5.6781e+03 5.6417e+03 5.6056e+03 5.5698e+03 5.5343e+03 5.4992e+03 5.4644e+03 5.4300e+03 5.3958e+03 5.3620e+03 5.3284e+03 5.2952e+03 5.2623e+03 5.2296e+03 5.1973e+03 5.1652e+03 5.1335e+03 5.1020e+03 5.0708e+03 5.0399e+03 5.0092e+03 4.9789e+03 4.9487e+03 4.9189e+03 4.8893e+03 4.8599e+03 4.8309e+03 4.8020e+03 4.7734e+03 4.7450e+03
6.1836e-02 6.1369e+03 6.0952e+03 6.0538e+03 6.0129e+03 5.9724e+03 5.9322e+03 5.8924e+03 5.8530e+03 5.8140e+03 5.7754e+03 5.7371e+03 5.6992e+03 5.6616e+03 5.6244e+03 5.5876e+03 5.5511e+03 5.5149e+03 5.4791e+03 5.4437e+03 5.4085e+03 5.3737e+03 5.3392e+03 5.3051e+03 5.2712e+03 5.2377e+03 5.2044e+03 5.1715e+03 5.1389e+03 5.1065e+03 5.0745e+03 5.0427e+03 5.0113e+03 4.9801e+03 4.9492e+03 4.9186e+03 4.8883e+03 4.8582e+03 4.8284e+03 4.7989e+03 4.7696e+03 4.7406e+03 4.7119e+03 4.6834e+03 4.6551e+03 4.6272e+03 4.5994e+03 4.5719e+03 4.5447e+03 4.5176e+03 4.4909e+03
6.7045e-02 5.7531e+03 5.7140e+03 5.6753e+03 5.6369e+03 5.5989e+03 5.5613e+03 5.5240e+03 5.4871e+03 5.4505e+03 5.4143e+03 5.3784e+03 5.3428e+03 5.3076e+03 5.2728e+03 5.2382e+03 5.2040e+03 5.1701e+03 5.1365e+03 5.1033e+03 5.0703e+03 5.0377e+03 5.0053e+03 4.9733e+03 4.9416e+03 4.9101e+03 4.8790e+03 4.8481e+03 4.8175e+03 4.7872e+03 4.7572e+03 4.7274e+03 4.6979e+03 4.6687e+03 4.6397e+03 4.6110e+03 4.5826e+03 4.5544e+03 4.5265e+03 4.4988e+03 4.4713e+03 4.4442e+03 4.4172e+03 4.3905e+03 4.3640e+03 4.3378e+03 4.3117e+03 4.2859e+03 4.2604e+03 4.2350e+03 4.2098e+03
7.2692e-02 5.2863e+03 5.2503e+03 5.2147e+03 5.1795e+03 5.1445e+03 5.1099e+03 5.0757e+03 5.0417e+03 5.0081e+03 4.9748e+03 4.9418e+03 4.9092e+03 4.8768e+03 4.8447e+03 4.8130e+03 4.7815e+03 4.7504e+03 4.7195e+03 4.6889e+03 4.6586e+03 4.6286e+03 4.5989e+03 4.5694e+03 4.5402e+03 4.5113e+03 4.4827e+03 4.4543e+03 4.4262e+03 4.3983e+03 4.3707e+03 4.3434e+03 4.3163e+03 4.2894e+03 4.2628e+03 4.2364e+03 4.2103e+03 4.1844e+03 4.1587e+03 4.1333e+03 4.1080e+03 4.0830e+03 4.0583e+03 4.0337e+03 4.0093e+03 3.9852e+03 3.9613e+03 3.9375e+03 3.9140e+03 3.8907e+03 3.8675e+03
7.8815e-02 4.7273e+03 4.6951e+03 4.6632e+03 4.6317e+03 4.6004e+03 4.5694e+03 4.5387e+03 4.5083e+03 4.4782e+03 4.4484e+03 4.4188e+03 4.3896e+03 4.3606e+03 4.3319e+03 4.3034e+03 4.2753e+03 4.2474e+03 4.2197e+03 4.1923e+03 4.1652e+03 4.1383e+03 4.1117e+03 4.0854e+03 4.0592e+03 4.0334e+03 4.0077e+03 3.9823e+03 3.9572e+03 3.9322e+03 3.9075e+03 3.8831e+03 3.8588e+03 3.8348e+03 3.8109e+03 3.7873e+03 3.7640e+03 3.7408e+03 3.7178e+03 3.6950e+03 3.6724e+03 3.6501e+03 3.6279e+03 3.6059e+03 3.5841e+03 3.5625e+03 3.5410e+03 3.5198e+03 3.4987e+03 3.4778e+03 3.4571e+03
8.5454e-02 4.1189e+03 4.0908e+03 4.0629e+03 4.0353e+03 4.0080e+03 3.9810e+03 3.9542e+03 3.9276e+03 3.9013e+03 3.8753e+03 3.8495e+03 3.8239e+03 3.7986e+03 3.7735e+03 3.7487e+03 3.7241e+03 3.6997e+03 3.6755e+03 3.6516e+03 3.6279e+03 3.6045e+03 3.5812e+03 3.5582e+03 3.5354e+03 3.5128e+03 3.4904e+03 3.4682e+03 3.4462e+03 3.4244e+03 3.4029e+03 3.3815e+03 3.3603e+03 3.3393e+03 3.3185e+03 3.2979e+03 3.2775e+03 3.2573e+03 3.2372e+03 3.2173e+03 3.1976e+03 3.1781e+03 3.1587e+03 3.1396e+03 3.1205e+03 3.1017e+03 3.0830e+03 3.0645e+03 3.0461e+03 3.0278e+03 3.0098e+03
9.2652e-02 3.5479e+03 3.5235e+03 3.4994e+03 3.4755e+03 3.4519e+03 3.4284e+03 3.4052e+03 3.3823e+03 3.3595e+03 3.3370e+03 3.3147e+03 3.2926e+03 3.2707e+03 3.2490e+03 3.2276e+03 3.2063e+03 3.1852e+03 3.1644e+03 3.1437e+03 3.1232e+03 3.1030e+03 3.0829e+03 3.0630e+03 3.0433e+03 3.0237e+03 3.0044e+03 2.9852e+03 2.9662e+03 2.9474e+03 2.9288e+03 2.9103e+03 2.8920e+03 2.8739e+03 2.8559e+03 2.8381e+03 2.8205e+03 2.8030e+03 2.7857e+03 2.7685e+03 2.7515e+03 2.7346e+03 2.7179e+03 2.7013e+03 2.6849e+03 2.6686e+03 2.6525e+03 2.6365e+03 2.6206e+03 2.6049e+03 2.5893e+03
1.0046e-01 3.0983e+03 3.0769e+03 3.0558e+03 3.0348e+03 3.0141e+03 2.9935e+03 2.9732e+03 2.9530e+03 2.9331e+03 2.9133e+03 2.8938e+03 2.8744e+03 2.8552e+03 2.8362e+03 2.8174e+03 2.7988e+03 2.7803e+03 2.7620e+03 2.7439e+03 2.7260e+03 2.7082e+03 2.6906e+03 2.6732e+03 2.6559e+03 2.6388e+03 2.6219e+03 2.6051e+03 2.5884e+03 2.5720e+03 2.5556e+03 2.5395e+03 2.5234e+03 2.5075e+03 2.4918e+03 2.4762e+03 2.4608e+03 2.4455e+03 2.4303e+03 2.4152e+03 2.4003e+03 2.3856e+03 2.3709e+03 2.3564e+03 2.3421e+03 2.3278e+03 2.3137e+03 2.2997e+03 2.2858e+03 2.2720e+03 2.2584e+03
1.0892e-01 2.7996e+03 2.7802e+03 2.7610e+03 2.7421e+03 2.7233e+03 2.7047e+03 2.6862e+03 2.6680e+03 2.6499e+03 2.6321e+03 2.6143e+03 2.5968e+03 2.5794e+03 2.5622e+03 2.5452e+03 2.5283e+03 2.5116e+03 2.4951e+03 2.4787e+03 2.4625e+03 2.4464e+03 2.4305e+03 2.4147e+03 2.3991e+03 2.3836e+03 2.3682e+03 2.3530e+03 2.3380e+03 2.3230e+03 2.3083e+03 2.2936e+03 2.2791e+03 2.2647e+03 2.2505e+03 2.2364e+03 2.2224e+03 2.2085e+03 2.1948e+03 2.1812e+03 2.1677e+03 2.1543e+03 2.1411e+03 2.1280e+03 2.1150e+03 2.1021e+03 2.0893e+03 2.0767e+03 2.0641e+03 2.0517e+03 2.0394e+03
1.1809e-01 2.5998e+03 2.5819e+03 2.5641e+03 2.5465e+03 2.5291e+03 2.5118e+03 2.4947e+03 2.4778e+03 2.4611e+03 2.4445e+03 2.4280e+03 2.4117e+03 2.3956e+03 2.3797e+03 2.3638e+03 2.3482e+03 2.3327e+03 2.3173e+03 2.3021e+03 2.2870e+03 2.2720e+03 2.2573e+03 2.2426e+03 2.2281e+03 2.2137e+03 2.1995e+03 2.1853e+03 2.1714e+03 2.1575e+03 2.1438e+03 2.1302e+03 2.1167e+03 2.1034e+03 2.0901e+03 2.0770e+03 2.0640e+03 2.0512e+03 2.0384e+03 2.0258e+03 2.0133e+03 2.0008e+03 1.9885e+03 1.9763e+03 1.9642e+03 1.9523e+03 1.9404e+03 1.9286e+03 1.9169e+03 1.9053e+03 1.8938e+03
1.2804e-01 2.3917e+03 2.3752e+03 2.3589e+03 2.3428e+03 2.3268e+03 2.3109e+03 2.2952e+03 2.2796e+03 2.2642e+03 2.2489e+03 2.2338e+03 2.2188e+03 2.2040e+03 2.1893e+03 2.1747e+03 2.1603e+03 2.1460e+03 2.1319e+03 2.1179e+03 2.1040e+03 2.0902e+03 2.0766e+03 2.0631e+03 2.0497e+03 2.0365e+03 2.0234e+03 2.0104e+03 1.9975e+03 1.9848e+03 1.9722e+03 1.9597e+03 1.9473e+03 1.9350e+03 1.9228e+03 1.9108e+03 1.8988e+03 1.8870e+03 1.8752e+03 1.8636e+03 1.8521e+03 1.8407e+03 1.8293e+03 1.8181e+03 1.8070e+03 1.7960e+03 1.7850e+03 1.7742e+03 1.7634e+03 1.7528e+03 1.7422e+03
1.3883e-01 2.1027e+03 2.0881e+03 2.0737e+03 2.0594e+03 2.0453e+03 2.0312e+03 2.0174e+03 2.0036e+03 1.9900e+03 1.9765e+03 1.9631e+03 1.9499e+03 1.9368e+03 1.9238e+03 1.9110e+03 1.8982e+03 1.8856e+03 1.8731e+03 1.8607e+03 1.8485e+03 1.8363e+03 1.8243e+03 1.8124e+03 1.8006e+03 1.7889e+03 1.7773e+03 1.7658e+03 1.7545e+03 1.7432e+03 1.7321e+03 1.7210e+03 1.7101e+03 1.6992e+03 1.6885e+03 1.6779e+03 1.6673e+03 1.6569e+03 1.6465e+03 1.6363e+03 1.6261e+03 1.6160e+03 1.6060e+03 1.5962e+03 1.5864e+03 1.5766e+03 1.5670e+03 1.5575e+03 1.5480e+03 1.5386e+03 1.5293e+03
1.5052e-01 1.7795e+03 1.7671e+03 1.7547e+03 1.7425e+03 1.7304e+03 1.7184e+03 1.7066e+03 1.6948e+03 1.6832e+03 1.6716e+03 1.6602e+03 1.6489e+03 1.6377e+03 1.6266e+03 1.6156e+03 1.6047e+03 1.5939e+03 1.5832e+03 1.5726e+03 1.5622e+03 1.5518e+03 1.5415e+03 1.5313e+03 1.5212e+03 1.5113e+03 1.5014e+03 1.4916e+03 1.4819e+03 1.4723e+03 1.4628e+03 1.4534e+03 1.4440e+03 1.4348e+03 1.4256e+03 1.4166e+03 1.4076e+03 1.3987e+03 1.3898e+03 1.3811e+03 1.3724e+03 1.3638e+03 1.3553e+03 1.3469e+03 1.3385e+03 1.3302e+03 1.3220e+03 1.3138e+03 1.3057e+03 1.2977e+03 1.2897e+03
1.6320e-01 1.5318e+03 1.5209e+03 1.5101e+03 1.4995e+03 1.4889e+03 1.4784e+03 1.4681e+03 1.4579e+03 1.4477e+03 1.4377e+03 1.4277e+03 1.4179e+03 1.4082e+03 1.3985e+03 1.3890e+03 1.3795e+03 1.3701e+03 1.3609e+03 1.3517e+03 1.3426e+03 1.3336e+03 1.3247e+03 1.3159e+03 1.3071e+03 1.2985e+03 1.2899e+03 1.2814e+03 1.2730e+03 1.2647e+03 1.2564e+03 1.2482e+03 1.2401e+03 1.2321e+03 1.2242e+03 1.2163e+03 1.2085e+03 1.2008e+03 1.1931e+03 1.1855e+03 1.1780e+03 1.1706e+03 1.1632e+03 1.1559e+03 1.1486e+03 1.1415e+03 1.1344e+03 1.1273e+03 1.1203e+03 1.1134e+03 1.1066e+03
1.7694e-01 1.3839e+03 1.3740e+03 1.3643e+03 1.3547e+03 1.3451e+03 1.3357e+03 1.3263e+03 1.3170e+03 1.3079e+03 1.2988e+03 1.2898e+03 1.2809e+03 1.2721e+03 1.2634e+03 1.2547e+03 1.2462e+03 1.2377e+03 1.2293e+03 1.2210e+03 1.2128e+03 1.2047e+03 1.1966e+03 1.1886e+03 1.1807e+03 1.1729e+03 1.1651e+03 1.1574e+03 1.1498e+03 1.1423e+03 1.1348e+03 1.1274e+03 1.1201e+03 1.1129e+03 1.1057e+03 1.0986e+03 1.0915e+03 1.0845e+03 1.0776e+03 1.0707e+03 1.0639e+03 1.0572e+03 1.0505e+03 1.0439e+03 1.0374e+03 1.0309e+03 1.0245e+03 1.0181e+03 1.0118e+03 1.0055e+03 9.9930e+02
1.9185e-01 1.2499e+03 1.2410e+03 1.2322e+03 1.2235e+03 1.2149e+03 1.2064e+03 1.1979e+03 1.1896e+03 1.1813e+03 1.1731e+03 1.1650e+03 1.1569e+03 1.1490e+03 1.1411e+03 1.1333e+03 1.1256e+03 1.1179e+03 1.1103e+03 1.1028e+03 1.0954e+03 1.0880e+03 1.0808e+03 1.0735e+03 1.0664e+03 1.0593e+03 1.0523e+03 1.0454e+03 1.0385e+03 1.0317e+03 1.0249e+03 1.0183e+03 1.0116e+03 1.0051e+03 9.9858e+02 9.9215e+02 9.8577e+02 9.7946e+02 9.7320e+02 9.6701e+02 9.6087e+02 9.5478e+02 9.4875e+02 9.4278e+02 9.3686e+02 9.3100e+02 9.2519e+02 9.1943e+02 9.1372e+02 9.0807e+02 9.0246e+02
2.0801e-01 1.0757e+03 1.0679e+03 1.0603e+03 1.0527e+03 1.0452e+03 1.0377e+03 1.0304e+03 1.0231e+03 1.0158e+03 1.0087e+03 1.0016e+03 9.9463e+02 9.8770e+02 9.8083e+02 9.7404e+02 9.6731e+02 9.6065e+02 9.5406e+02 9.4753e+02 9.4106e+02 9.3466e+02 9.2832e+02 9.2205e+02 9.1583e+02 9.0968e+02 9.0358e+02 8.9754e+02 8.9156e+02 8.8564e+02 8.7978e+02 8.7397e+02 8.6822e+02 8.6252e+02 8.5688e+02 8.5129e+02 8.4575e+02 8.4026e+02 8.3483e+02 8.2945e+02 8.2412e+02 8.1884e+02 8.1360e+02 8.0842e+02 8.0328e+02 7.9819e+02 7.9315e+02 7.8815e+02 7.8320e+02 7.7829e+02 7.7343e+02
2.2553e-01 9.2310e+02 9.1635e+02 9.0966e+02 9.0304e+02 8.9649e+02 8.9001e+02 8.8360e+02 8.7725e+02 8.7096e+02 8.6474e+02 8.5858e+02 8.5249e+02 8.4645e+02 8.4048e+02 8.3457e+02 8.2872e+02 8.2292e+02 8.1719e+02 8.1151e+02 8.0589e+02 8.0033e+02 7.9482e+02 7.8936e+02 7.8396e+02 7.7861e+02 7.7332e+02 7.6808e+02 7.6288e+02 7.5774e+02 7.5265e+02 7.4761e+02 7.4261e+02 7.3767e+02 7.3277e+02 7.2792e+02 7.2311e+02 7.1835e+02 7.1364e+02 7.0897e+02 7.0435e+02 6.9977e+02 6.9523e+02 6.9073e+02 6.8628e+02 6.8187e+02 6.7750e+02 6.7317e+02 6.6888e+02 6.6462e+02 6.6041e+02
2.4453e-01 8.2199e+02 8.1597e+02 8.1001e+02 8.0412e+02 7.9828e+02 7.9250e+02 7.8678e+02 7.8112e+02 7.7552e+02 7.6997e+02 7.6448e+02 7.5904e+02 7.5366e+02 7.4833e+02 7.4306e+02 7.3784e+02 7.3267e+02 7.2756e+02 7.2249e+02 7.1748e+02 7.1252e+02 7.0760e+02 7.0273e+02 6.9792e+02 6.9315e+02 6.8842e+02 6.8374e+02 6.7911e+02 6.7452e+02 6.6998e+02 6.6548e+02 6.6103e+02 6.5662e+02 6.5225e+02 6.4792e+02 6.4363e+02 6.3939e+02 6.3518e+02 6.3102e+02 6.2689e+02 6.2281e+02 6.1876e+02 6.1475e+02 6.1077e+02 6.0684e+02 6.0294e+02 5.9907e+02 5.9525e+02 5.9145e+02 5.8769e+02
2.6512e-01 7.2047e+02 7.1515e+02 7.0989e+02 7.0468e+02 6.9953e+02 6.9443e+02 6.8937e+02 6.8437e+02 6.7943e+02 6.7453e+02 6.6968e+02 6.6488e+02 6.6013e+02 6.5542e+02 6.5077e+02 6.4616e+02 6.4160e+02 6.3708e+02 6.3261e+02 6.2819e+02 6.2380e+02 6.1947e+02 6.1517e+02 6.1092e+02 6.0671e+02 6.0254e+02 5.9842e+02 5.9433e+02 5.9028e+02 5.8628e+02 5.8231e+02 5.7838e+02 5.7449e+02 5.7064e+02 5.6682e+02 5.6304e+02 5.5930e+02 5.5559e+02 5.5192e+02 5.4828e+02 5.4468e+02 5.4111e+02 5.3757e+02 5.3407e+02 5.3060e+02 5.2716e+02 5.2375e+02 5.2038e+02 5.1703e+02 5.1371e+02
2.8746e-01 6.2120e+02 6.1654e+02 6.1193e+02 6.0736e+02 6.0284e+02 5.9837e+02 5.9395e+02 5.8957e+02 5.8523e+02 5.8094e+02 5.7670e+02 5.7249e+02 5.6834e+02 5.6422e+02 5.6015e+02 5.5612e+02 5.5213e+02 5.4818e+02 5.4427e+02 5.4040e+02 5.3656e+02 5.3277e+02 5.2902e+02 5.2530e+02 5.2162e+02 5.1798e+02 5.1437e+02 5.1080e+02 5.0726e+02 5.0376e+02 5.0029e+02 4.9686e+02 4.9346e+02 4.9009e+02 4.8676e+02 4.8346e+02 4.8019e+02 4.7695e+02 4.7375e+02 4.7057e+02 4.6743e+02 4.6432e+02 4.6124e+02 4.5818e+02 4.5516e+02 4.5217e+02 4.4920e+02 4.4626e+02 4.4336e+02 4.4047e+02
3.1167e-01 5.4614e+02 5.4202e+02 5.3795e+02 5.3392e+02 5.2993e+02 5.2598e+02 5.2208e+02 5.1821e+02 5.1438e+02 5.1059e+02 5.0684e+02 5.0313e+02 4.9946e+02 4.9583e+02 4.9223e+02 4.8867e+02 4.8514e+02 4.8166e+02 4.7820e+02 4.7478e+02 4.7140e+02 4.6805e+02 4.6474e+02 4.6145e+02 4.5820e+02 4.5499e+02 4.5180e+02 4.4865e+02 4.4553e+02 4.4244e+02 4.3938e+02 4.3634e+02 4.3334e+02 4.3037e+02 4.2743e+02 4.2452e+02 4.2163e+02 4.1878e+02 4.1595e+02 4.1315e+02 4.1037e+02 4.0762e+02 4.0490e+02 4.0221e+02 3.9954e+02 3.9689e+02 3.9427e+02 3.9168e+02 3.8911e+02 3.8656e+02
3.3792e-01 4.7494e+02 4.7133e+02 4.6775e+02 4.6421e+02 4.6070e+02 4.5723e+02 4.5380e+02 4.5040e+02 4.4703e+02 4.4370e+02 4.4041e+02 4.3714e+02 4.3391e+02 4.3072e+02 4.2756e+02 4.2443e+02 4.2133e+02 4.1826e+02 4.1522e+02 4.1222e+02 4.0925e+02 4.0630e+02 4.0339e+02 4.0050e+02 3.9765e+02 3.9482e+02 3.9202e+02 3.8926e+02 3.8651e+02 3.8380e+02 3.8111e+02 3.7845e+02 3.7582e+02 3.7321e+02 3.7063e+02 3.6807e+02 3.6554e+02 3.6303e+02 3.6055e+02 3.5809e+02 3.5566e+02 3.5324e+02 3.5085e+02 3.4849e+02 3.4614e+02 3.4382e+02 3.4152e+02 3.3924e+02 3.3698e+02 3.3474e+02
3.6639e-01 4.1359e+02 4.1041e+02 4.0727e+02 4.0415e+02 4.0107e+02 3.9802e+02 3.9500e+02 3.9202e+02 3.8906e+02 3.8613e+02 3.8324e+02 3.8037e+02 3.7753e+02 3.7472e+02 3.7194e+02 3.6919e+02 3.6647e+02 3.6377e+02 3.6111e+02 3.5847e+02 3.5585e+02 3.5326e+02 3.5070e+02 3.4817e+02 3.4566e+02 3.4317e+02 3.4072e+02 3.3828e+02 3.3587e+02 3.3349e+02 3.3112e+02 3.2879e+02 3.2647e+02 3.2418e+02 3.2191e+02 3.1966e+02 3.1744e+02 3.1524e+02 3.1306e+02 3.1090e+02 3.0876e+02 3.0664e+02 3.0455e+02 3.0247e+02 3.0041e+02 2.9838e+02 2.9636e+02 2.9436e+02 2.9239e+02 2.9043e+02
3.9725e-01 3.6043e+02 3.5764e+02 3.5488e+02 3.5214e+02 3.4944e+02 3.4676e+02 3.4411e+02 3.4148e+02 3.3889e+02 3.3632e+02 3.3377e+02 3.3125e+02 3.2876e+02 3.2629e+02 3.2385e+02 3.2144e+02 3.1904e+02 3.1668e+02 3.1433e+02 3.1201e+02 3.0972e+02 3.0744e+02 3.0519e+02 3.0297e+02 3.0076e+02 2.9858e+02 2.9642e+02 2.9428e+02 2.9217e+02 2.9007e+02 2.8800e+02 2.8594e+02 2.8391e+02 2.8190e+02 2.7990e+02 2.7793e+02 2.7598e+02 2.7404e+02 2.7213e+02 2.7023e+02 2.6835e+02 2.6649e+02 2.6465e+02 2.6283e+02 2.6102e+02 2.5923e+02 2.5746e+02 2.5571e+02 2.5397e+02 2.5224e+02
4.3071e-01 3.1356e+02 3.1111e+02 3.0868e+02 3.0628e+02 3.0391e+02 3.0156e+02 2.9923e+02 2.9693e+02 2.9465e+02 2.9239e+02 2.9016e+02 2.8795e+02 2.8576e+02 2.8360e+02 2.8146e+02 2.7934e+02 2.7724e+02 2.7516e+02 2.7310e+02 2.7107e+02 2.6905e+02 2.6706e+02 2.6508e+02 2.6313e+02 2.6119e+02 2.5928e+02 2.5738e+02 2.5551e+02 2.5365e+02 2.5181e+02 2.4999e+02 2.4819e+02 2.4641e+02 2.4464e+02 2.4289e+02 2.4116e+02 2.3945e+02 2.3775e+02 2.3607e+02 2.3441e+02 2.3276e+02 2.3113e+02 2.2951e+02 2.2791e+02 2.2633e+02 2.2476e+02 2.2321e+02 2.2167e+02 2.2014e+02 2.1863e+02
4.6699e-01 2.7281e+02 2.7066e+02 2.6854e+02 2.6645e+02 2.6437e+02 2.6231e+02 2.6027e+02 2.5826e+02 2.5626e+02 2.5429e+02 2.5233e+02 2.5039e+02 2.4848e+02 2.4658e+02 2.4470e+02 2.4284e+02 2.4100e+02 2.3918e+02 2.3738e+02 2.3559e+02 2.3382e+02 2.3207e+02 2.3034e+02 2.2863e+02 2.2693e+02 2.2525e+02 2.2359e+02 2.2194e+02 2.2031e+02 2.1870e+02 2.1710e+02 2.1552e+02 2.1396e+02 2.1241e+02 2.1088e+02 2.0936e+02 2.0786e+02 2.0637e+02 2.0489e+02 2.0344e+02 2.0199e+02 2.0056e+02 1.9914e+02 1.9774e+02 1.9635e+02 1.9498e+02 1.9361e+02 1.9226e+02 1.9092e+02 1.8960e+02
5.0632e-01 2.3725e+02 2.3537e+02 2.3351e+02 2.3167e+02 2.2985e+02 2.2805e+02 2.2627e+02 2.2450e+02 2.2276e+02 2.2103e+02 2.1931e+02 2.1762e+02 2.1594e+02 2.1428e+02 2.1264e+02 2.1101e+02 2.0940e+02 2.0780e+02 2.0623e+02 2.0466e+02 2.0312e+02 2.0159e+02 2.0007e+02 1.9857e+02 1.9708e+02 1.9561e+02 1.9416e+02 1.9272e+02 1.9129e+02 1.8988e+02 1.8848e+02 1.8709e+02 1.8572e+02 1.8437e+02 1.8302e+02 1.8169e+02 1.8037e+02 1.7907e+02 1.7778e+02 1.7650e+02 1.7524e+02 1.7398e+02 1.7274e+02 1.7151e+02 1.7029e+02 1.6909e+02 1.6790e+02 1.6671e+02 1.6554e+02 1.6439e+02
5.4897e-01 2.0614e+02 2.0451e+02 2.0289e+02 2.0129e+02 1.9970e+02 1.9813e+02 1.9658e+02 1.9503e+02 1.9351e+02 1.9200e+02 1.9050e+02 1.8902e+02 1.8756e+02 1.8611e+02 1.8467e+02 1.8325e+02 1.8184e+02 1.8045e+02 1.7907e+02 1.7770e+02 1.7635e+02 1.7501e+02 1.7369e+02 1.7237e+02 1.7107e+02 1.6979e+02 1.6851e+02 1.6725e+02 1.6601e+02 1.6477e+02 1.6355e+02 1.6234e+02 1.6114e+02 1.5995e+02 1.5877e+02 1.5761e+02 1.5646e+02 1.5532e+02 1.5419e+02 1.5307e+02 1.5196e+02 1.5086e+02 1.4977e+02 1.4870e+02 1.4763e+02 1.4657e+02 1.4553e+02 1.4449e+02 1.4346e+02 1.4244e+02
5.9521e-01 1.7902e+02 1.7760e+02 1.7619e+02 1.7480e+02 1.7342e+02 1.7205e+02 1.7070e+02 1.6936e+02 1.6803e+02 1.6671e+02 1.6541e+02 1.6412e+02 1.6285e+02 1.6158e+02 1.6033e+02 1.5909e+02 1.5786e+02 1.5665e+02 1.5544e+02 1.5425e+02 1.5307e+02 1.5190e+02 1.5075e+02 1.4960e+02 1.4847e+02 1.4734e+02 1.4623e+02 1.4513e+02 1.4404e+02 1.4296e+02 1.4189e+02 1.4083e+02 1.3978e+02 1.3874e+02 1.3772e+02 1.3670e+02 1.3569e+02 1.3469e+02 1.3370e+02 1.3273e+02 1.3176e+02 1.3080e+02 1.2985e+02 1.2891e+02 1.2798e+02 1.2705e+02 1.2614e+02 1.2524e+02 1.2434e+02 1.2345e+02
6.4535e-01 1.5533e+02 1.5410e+02 1.5288e+02 1.5167e+02 1.5047e+02 1.4929e+02 1.4811e+02 1.4695e+02 1.4579e+02 1.4465e+02 1.4352e+02 1.4240e+02 1.4129e+02 1.4019e+02 1.3911e+02 1.3803e+02 1.3696e+02 1.3590e+02 1.3486e+02 1.3382e+02 1.3279e+02 1.3177e+02 1.3077e+02 1.2977e+02 1.2878e+02 1.2780e+02 1.2683e+02 1.2587e+02 1.2492e+02 1.2398e+02 1.2305e+02 1.2213e+02 1.2121e+02 1.2031e+02 1.1941e+02 1.1852e+02 1.1764e+02 1.1677e+02 1.1591e+02 1.1506e+02 1.1421e+02 1.1337e+02 1.1254e+02 1.1172e+02 1.1091e+02 1.1010e+02 1.0930e+02 1.0851e+02 1.0773e+02 1.0695e+02
6.9971e-01 1.3461e+02 1.3355e+02 1.3250e+02 1.3146e+02 1.3043e+02 1.2940e+02 1.2839e+02 1.2738e+02 1.2639e+02 1.2540e+02 1.2442e+02 1.2345e+02 1.2249e+02 1.2154e+02 1.2060e+02 1.1967e+02 1.1874e+02 1.1782e+02 1.1692e+02 1.1602e+02 1.1513e+02 1.1424e+02 1.1337e+02 1.1250e+02 1.1164e+02 1.1079e+02 1.0995e+02 1.0912e+02 1.0829e+02 1.0747e+02 1.0666e+02 1.0586e+02 1.0506e+02 1.0427e+02 1.0349e+02 1.0272e+02 1.0195e+02 1.0120e+02 1.0045e+02 9.9701e+01 9.8964e+01 9.8234e+01 9.7510e+01 9.6794e+01 9.6084e+01 9.5381e+01 9.4684e+01 9.3994e+01 9.3311e+01 9.2634e+01
7.5865e-01 1.1651e+02 1.1560e+02 1.1470e+02 1.1381e+02 1.1292e+02 1.1204e+02 1.1117e+02 1.1030e+02 1.0944e+02 1.0859e+02 1.0775e+02 1.0692e+02 1.0609e+02 1.0527e+02 1.0446e+02 1.0365e+02 1.0285e+02 1.0206e+02 1.0127e+02 1.0050e+02 9.9727e+01 9.8963e+01 9.8206e+01 9.7457e+01 9.6714e+01 9.5977e+01 9.5248e+01 9.4525e+01 9.3809e+01 9.3099e+01 9.2396e+01 9.1700e+01 9.1010e+01 9.0326e+01 8.9649e+01 8.8978e+01 8.8313e+01 8.7654e+01 8.7001e+01 8.6355e+01 8.5714e+01 8.5080e+01 8.4451e+01 8.3828e+01 8.3211e+01 8.2600e+01 8.1994e+01 8.1394e+01 8.0800e+01 8.0211e+01
8.2255e-01 1.0067e+02 9.9897e+01 9.9128e+01 9.8365e+01 9.7608e+01 9.6857e+01 9.6111e+01 9.5372e+01 9.4639e+01 9.3912e+01 9.3191e+01 9.2475e+01 9.1766e+01 9.1062e+01 9.0365e+01 8.9673e+01 8.8986e+01 8.8306e+01 8.7631e+01 8.6962e+01 8.6299e+01 8.5642e+01 8.4990e+01 8.4344e+01 8.3703e+01 8.3068e+01 8.2439e+01 8.1815e+01 8.1197e+01 8.0584e+01 7.9976e+01 7.9374e+01 7.8778e+01 7.8186e+01 7.7600e+01 7.7020e+01 7.6444e+01 7.5874e+01 7.5309e+01 7.4749e+01 7.4194e+01 7.3644e+01 7.3099e+01 7.2559e+01 7.2024e+01 7.1494e+01 7.0969e+01 7.0448e+01 6.9933e+01 6.9422e+01
8.9184e-01 8.6808e+01 8.6153e+01 8.5502e+01 8.4856e+01 8.4214e+01 8.3578e+01 8.2945e+01 8.2318e+01 8.1695e+01 8.1077e+01 8.0463e+01 7.9854e+01 7.9250e+01 7.8650e+01 7.8055e+01 7.7465e+01 7.6879e+01 7.6297e+01 7.5721e+01 7.5149e+01 7.4581e+01 7.4018e+01 7.3460e+01 7.2906e+01 7.2356e+01 7.1812e+01 7.1271e+01 7.0736e+01 7.0205e+01 6.9678e+01 6.9156e+01 6.8638e+01 6.8124e+01 6.7615e+01 6.7111e+01 6.6610e+01 6.6114e+01 6.5622e+01 6.5135e+01 6.4652e+01 6.4172e+01 6.3698e+01 6.3227e+01 6.2760e+01 6.2298e+01 6.1839e+01 6.1385e+01 6.0935e+01 6.0488e+01 6.0046e+01
9.6696e-01 7.4664e+01 7.4115e+01 7.3570e+01 7.3028e+01 7.2490e+01 7.1955e+01 7.1424e+01 7.0895e+01 7.0371e+01 6.9850e+01 6.9332e+01 6.8818e+01 6.8307e+01 6.7800e+01 6.7296e+01 6.6796e+01 6.6299e+01 6.5806e+01 6.5317e+01 6.4831e+01 6.4348e+01 6.3869e+01 6.3394e+01 6.2922e+01 6.2454e+01 6.1989e+01 6.1528e+01 6.1071e+01 6.0617e+01 6.0167e+01 5.9721e+01 5.9277e+01 5.8838e+01 5.8402e+01 5.7969e+01 5.7540e+01 5.7115e+01 5.6693e+01 5.6274e+01 5.5859e+01 5.5447e+01 5.5039e+01 5.4634e+01 5.4233e+01 5.3835e+01 5.3440e+01 5.3049e+01 5.2661e+01 5.2276e+01 5.1895e+01
1.0484e+00 6.4024e+01 6.3570e+01 6.3118e+01 6.2669e+01 6.2222e+01 6.1778e+01 6.1335e+01 6.0896e+01 6.0459e+01 6.0024e+01 5.9591e+01 5.9162e+01 5.8734e+01 5.8309e+01 5.7887e+01 5.7468e+01 5.7050e+01 5.6636e+01 5.6224e+01 5.5815e+01 5.5408e+01 5.5004e+01 5.4603e+01 5.4204e+01 5.3808e+01 5.3415e+01 5.3024e+01 5.2636e+01 5.2251e+01 5.1869e+01 5.1490e+01 5.1113e+01 5.0739e+01 5.0367e+01 4.9999e+01 4.9633e+01 4.9270e+01 4.8910e+01 4.8553e+01 4.8198e+01 4.7846e+01 4.7497e+01 4.7151e+01 4.6808e+01 4.6467e+01 4.6129e+01 4.5794e+01 4.5462e+01 4.5133e+01 4.4807e+01
1.1367e+00 5.4702e+01 5.4332e+01 5.3963e+01 5.3596e+01 5.3230e+01 5.2865e+01 5.2502e+01 5.2141e+01 5.1781e+01 5.1423e+01 5.1066e+01 5.0711e+01 5.0357e+01 5.0005e+01 4.9655e+01 4.9307e+01 4.8960e+01 4.8615e+01 4.8272e+01 4.7931e+01 4.7591e+01 4.7254e+01 4.6918e+01 4.6584e+01 4.6252e+01 4.5922e+01 4.5595e+01 4.5269e+01 4.4945e+01 4.4623e+01 4.4303e+01 4.3986e+01 4.3670e+01 4.3356e+01 4.3045e+01 4.2736e+01 4.2428e+01 4.2123e+01 4.1820e+01 4.1520e+01 4.1221e+01 4.0925e+01 4.0630e+01 4.0338e+01 4.0049e+01 3.9761e+01 3.9476e+01 3.9193e+01 3.8912e+01 3.8633e+01
1.2325e+00 4.6534e+01 4.6238e+01 4.5943e+01 4.5649e+01 4.5355e+01 4.5061e+01 4.4769e+01 4.4476e+01 4.4185e+01 4.3894e+01 4.3604e+01 4.3315e+01 4.3027e+01 4.2739e+01 4.2453e+01 4.2167e+01 4.1883e+01 4.1599e+01 4.1317e+01 4.1036e+01 4.0756e+01 4.0477e+01 4.0199e+01 3.9922e+01 3.9647e+01 3.9373e+01 3.9101e+01 3.8830e+01 3.8560e+01 3.8292e+01 3.8026e+01 3.7760e+01 3.7496e+01 3.7234e+01 3.6973e+01 3.6714e+01 3.6456e+01 3.6200e+01 3.5946e+01 3.5693e+01 3.5441e+01 3.5192e+01 3.4943e+01 3.4697e+01 3.4452e+01 3.4209e+01 3.3968e+01 3.3728e+01 3.3490e+01 3.3254e+01
1.3363e+00 3.9388e+01 3.9158e+01 3.8927e+01 3.8695e+01 3.8464e+01 3.8233e+01 3.8001e+01 3.7770e+01 3.7538e+01 3.7307e+01 3.7075e+01 3.6844e+01 3.6613e+01 3.6382e+01 3.6152e+01 3.5922e+01 3.5692e+01 3.5463e+01 3.5234e+01 3.5006e+01 3.4778e+01 3.4551e+01 3.4324e+01 3.4099e+01 3.3874e+01 3.3650e+01 3.3426e+01 3.3204e+01 3.2982e+01 3.2761e+01 3.2541e+01 3.2322e+01 3.2105e+01 3.1888e+01 3.1672e+01 3.1457e+01 3.1243e+01 3.1030e+01 3.0818e+01 3.0607e+01 3.0398e+01 3.0189e+01 2.9982e+01 2.9776e+01 2.9571e+01 2.9367e+01 2.9164e+01 2.8963e+01 2.8763e+01 2.8564e+01
1.4488e+00 3.3146e+01 3.2971e+01 3.2796e+01 3.2619e+01 3.2442e+01 3.2264e+01 3.2086e+01 3.1907e+01 3.1728e+01 3.1548e+01 3.1368e+01 3.1187e+01 3.1006e+01 3.0825e+01 3.0644e+01 3.0462e+01 3.0280e+01 3.0099e+01 2.9917e+01 2.9735e+01 2.9553e+01 2.9372e+01 2.9190e+01 2.9009e+01 2.8828e+01 2.8647e+01 2.8467e+01 2.8287e+01 2.8107e+01 2.7928e+01 2.7749e+01 2.7571e+01 2.7393e+01 2.7216e+01 2.7040e+01 2.6864e+01 2.6688e+01 2.6513e+01 2.6339e+01 2.6166e+01 2.5993e+01 2.5821e+01 2.5650e+01 2.5480e+01 2.5311e+01 2.5142e+01 2.4974e+01 2.4808e+01 2.4642e+01 2.4477e+01
1.5709e+00 2.7708e+01 2.7581e+01 2.7452e+01 2.7322e+01 2.7192e+01 2.7060e+01 2.6927e+01 2.6793e+01 2.6658e+01 2.6523e+01 2.6386e+01 2.6249e+01 2.6112e+01 2.5973e+01 2.5834e+01 2.5694e+01 2.5554e+01 2.5414e+01 2.5272e+01 2.5131e+01 2.4989e+01 2.4847e+01 2.4705e+01 2.4563e+01 2.4420e+01 2.4277e+01 2.4135e+01 2.3992e+01 2.3849e+01 2.3706e+01 2.3564e+01 2.3421e+01 2.3279e+01 2.3137e+01 2.2995e+01 2.2853e+01 2.2712e+01 2.2571e+01 2.2430e+01 2.2289e+01 2.2149e+01 2.2009e+01 2.1870e+01 2.1731e+01 2.1593e+01 2.1455e+01 2.1318e+01 2.1181e+01 2.1045e+01 2.0910e+01
1.7032e+00 2.2988e+01 2.2900e+01 2.2811e+01 2.2720e+01 2.2629e+01 2.2535e+01 2.2441e+01 2.2345e+01 2.2248e+01 2.2150e+01 2.2051e+01 2.1951e+01 2.1850e+01 2.1748e+01 2.1645e+01 2.1541e+01 2.1437e+01 2.1332e+01 2.1226e+01 2.1119e+01 2.1011e+01 2.0904e+01 2.0795e+01 2.0686e+01 2.0577e+01 2.0467e+01 2.0357e+01 2.0246e+01 2.0136e+01 2.0025e+01 1.9913e+01 1.9802e+01 1.9690e+01 1.9578e+01 1.9467e+01 1.9355e+01 1.9243e+01 1.9131e+01 1.9019e+01 1.8907e+01 1.8795e+01 1.8683e+01 1.8572e+01 1.8460e+01 1.8349e+01 1.8238e+01 1.8127e+01 1.8017e+01 1.7907e+01 1.7797e+01
1.8467e+00 1.8910e+01 1.8855e+01 1.8798e+01 1.8740e+01 1.8680e+01 1.8619e+01 1.8556e+01 1.8492e+01 1.8427e+01 1.8360e+01 1.8292e+01 1.8223e+01 1.8153e+01 1.8081e+01 1.8009e+01 1.7935e+01 1.7860e+01 1.7785e+01 1.7708e+01 1.7631e+01 1.7553e+01 1.7474e+01 1.7394e+01 1.7313e+01 1.7232e+01 1.7150e+01 1.7068e+01 1.6985e+01 1.6902e+01 1.6818e+01 1.6733e+01 1.6649e+01 1.6563e+01 1.6478e+01 1.6392e+01 1.6306e+01 1.6219e+01 1.6133e+01 1.6046e+01 1.5959e+01 1.5872e+01 1.5784e+01 1.5697e+01 1.5609e+01 1.5522e+01 1.5434e+01 1.5347e+01 1.5259e+01 1.5172e+01 1.5085e+01
2.0022e+00 1.5410e+01 1.5381e+01 1.5350e+01 1.5318e+01 1.5284e+01 1.5248e+01 1.5211e+01 1.5172e+01 1.5132e+01 1.5091e+01 1.5048e+01 1.5005e+01 1.4959e+01 1.4913e+01 1.4865e+01 1.4817e+01 1.4767e+01 1.4716e+01 1.4664e+01 1.4611e+01 1.4557e+01 1.4502e+01 1.4446e+01 1.4390e+01 1.4332e+01 1.4274e+01 1.4215e+01 1.4155e+01 1.4095e+01 1.4034e+01 1.3972e+01 1.3910e+01 1.3847e+01 1.3784e+01 1.3720e+01 1.3656e+01 1.3591e+01 1.3526e+01 1.3461e+01 1.3395e+01 1.3329e+01 1.3262e+01 1.3195e+01 1.3128e+01 1.3061e+01 1.2994e+01 1.2926e+01 1.2859e+01 1.2791e+01 1.2723e+01
2.1709e+00 1.2428e+01 1.2418e+01 1.2408e+01 1.2395e+01 1.2381e+01 1.2366e+01 1.2349e+01 1.2331e+01 1.2311e+01 1.2290e+01 1.2267e+01 1.2243e+01 1.2218e+01 1.2191e+01 1.2164e+01 1.2135e+01 1.2105e+01 1.2074e+01 1.2042e+01 1.2008e+01 1.1974e+01 1.1939e+01 1.1903e+01 1.1866e+01 1.1828e+01 1.1789e+01 1.1749e+01 1.1709e+01 1.1667e+01 1.1625e+01 1.1583e+01 1.1539e+01 1.1495e+01 1.1451e+01 1.1405e+01 1.1360e+01 1.1313e+01 1.1266e+01 1.1219e+01 1.1171e+01 1.1122e+01 1.1073e+01 1.1024e+01 1.0975e+01 1.0925e+01 1.0874e+01 1.0824e+01 1.0773e+01 1.0722e+01 1.0670e+01
2.3537e+00 9.9107e+00 9.9161e+00 9.9199e+00 9.9222e+00 9.9231e+00 9.9225e+00 9.9206e+00 9.9173e+00 9.9126e+00 9.9066e+00 9.8994e+00 9.8908e+00 9.8811e+00 9.8701e+00 9.8579e+00 9.8446e+00 9.8302e+00 9.8147e+00 9.7981e+00 9.7804e+00 9.7618e+00 9.7421e+00 9.7215e+00 9.7000e+00 9.6776e+00 9.6542e+00 9.6301e+00 9.6051e+00 9.5793e+00 9.5527e+00 9.5254e+00 9.4973e+00 9.4685e+00 9.4390e+00 9.4089e+00 9.3781e+00 9.3467e+00 9.3147e+00 9.2822e+00 9.2490e+00 9.2154e+00 9.1812e+00 9.1466e+00 9.1115e+00 9.0760e+00 9.0400e+00 9.0037e+00 8.9670e+00 8.9299e+00 8.8925e+00
2.5520e+00 7.8093e+00 7.8245e+00 7.8382e+00 7.8507e+00 7.8619e+00 7.8717e+00 7.8803e+00 7.8877e+00 7.8939e+00 7.8988e+00 7.9026e+00 7.9053e+00 7.9068e+00 7.9072e+00 7.9065e+00 7.9047e+00 7.9019e+00 7.8981e+00 7.8933e+00 7.8875e+00 7.8807e+00 7.8730e+00 7.8644e+00 7.8549e+00 7.8445e+00 7.8332e+00 7.8212e+00 7.8083e+00 7.7946e+00 7.7801e+00 7.7649e+00 7.7490e+00 7.7324e+00 7.7150e+00 7.6970e+00 7.6783e+00 7.6590e+00 7.6390e+00 7.6185e+00 7.5973e+00 7.5756e+00 7.5534e+00 7.5307e+00 7.5074e+00 7.4836e+00 7.4594e+00 7.4348e+00 7.4097e+00 7.3842e+00 7.3583e+00
2.7669e+00 6.0754e+00 6.0964e+00 6.1163e+00 6.1350e+00 6.1527e+00 6.1692e+00 6.1846e+00 6.1990e+00 6.2123e+00 6.2246e+00 6.2359e+00 6.2461e+00 6.2553e+00 6.2636e+00 6.2709e+00 6.2773e+00 6.2827e+00 6.2872e+00 6.2908e+00 6.2936e+00 6.2954e+00 6.2964e+00 6.2966e+00 6.2960e+00 6.2945e+00 6.2922e+00 6.2892e+00 6.2854e+00 6.2809e+00 6.2756e+00 6.2697e+00 6.2630e+00 6.2556e+00 6.2476e+00 6.2389e+00 6.2296e+00 6.2197e+00 6.2092e+00 6.1980e+00 6.1863e+00 6.1741e+00 6.1613e+00 6.1480e+00 6.1341e+00 6.1198e+00 6.1050e+00 6.0897e+00 6.0740e+00 6.0579e+00 6.0413e+00
3.0000e+00 4.6632e+00 4.6870e+00 4.7100e+00 4.7320e+00 4.7531e+00 4.7732e+00 4.7925e+00 4.8109e+00 4.8283e+00 4.8449e+00 4.8607e+00 4.8756e+00 4.8896e+00 4.9028e+00 4.9152e+00 4.9268e+00 4.9376e+00 4.9476e+00 4.9569e+00 4.9653e+00 4.9730e+00 4.9800e+00 4.9862e+00 4.9917e+00 4.9965e+00 5.0006e+00 5.0040e+00 5.0067e+00 5.0087e+00 5.0101e+00 5.0108e+00 5.0109e+00 5.0104e+00 5.0093e+00 5.0075e+00 5.0052e+00 5.0023e+00 4.9988e+00 4.9948e+00 4.9903e+00 4.9852e+00 4.9796e+00 4.9735e+00 4.9668e+00 4.9597e+00 4.9522e+00 4.9442e+00 4.9357e+00 4.9268e+00 4.9174e+00
