# bias fits are (b1, b2, bs2, bn, alpha, sn) = [1.5992, 0.99602000000000002, -0.98036999999999996, 0.0, 0.058934, 0.0], at redshift z=2.00
# k, pk(z) : for z in numpy.arange(z-0.25, z+0.25, 0.01)
1.0000e-03 9.0928e+02 9.0309e+02 8.9697e+02 8.9090e+02 8.8489e+02 8.7893e+02 8.7303e+02 8.6719e+02 8.6141e+02 8.5568e+02 8.5000e+02 8.4438e+02 8.3881e+02 8.3329e+02 8.2782e+02 8.2241e+02 8.1705e+02 8.1174e+02 8.0648e+02 8.0127e+02 7.9610e+02 7.9099e+02 7.8592e+02 7.8090e+02 7.7593e+02 7.7100e+02 7.6612e+02 7.6128e+02 7.5649e+02 7.5175e+02 7.4704e+02 7.4238e+02 7.3776e+02 7.3318e+02 7.2865e+02 7.2415e+02 7.1970e+02 7.1528e+02 7.1090e+02 7.0656e+02 7.0226e+02 6.9800e+02 6.9377e+02 6.8958e+02 6.8543e+02 6.8131e+02 6.7723e+02 6.7318e+02 6.6916e+02 6.6517e+02
1.0842e-03 9.7928e+02 9.7259e+02 9.6598e+02 9.5943e+02 9.5294e+02 9.4652e+02 9.4016e+02 9.3387e+02 9.2763e+02 9.2146e+02 9.1535e+02 9.0929e+02 9.0329e+02 8.9735e+02 8.9147e+02 8.8564e+02 8.7987e+02 8.7415e+02 8.6849e+02 8.6288e+02 8.5732e+02 8.5181e+02 8.4636e+02 8.4095e+02 8.3560e+02 8.3029e+02 8.2504e+02 8.1983e+02 8.1466e+02 8.0955e+02 8.0448e+02 7.9946e+02 7.9448e+02 7.8955e+02 7.8467e+02 7.7982e+02 7.7502e+02 7.7027e+02 7.6555e+02 7.6088e+02 7.5625e+02 7.5166e+02 7.4711e+02 7.4261e+02 7.3814e+02 7.3371e+02 7.2932e+02 7.2498e+02 7.2067e+02 7.1640e+02
1.1756e-03 1.0544e+03 1.0472e+03 1.0401e+03 1.0330e+03 1.0260e+03 1.0191e+03 1.0123e+03 1.0055e+03 9.9875e+02 9.9210e+02 9.8552e+02 9.7899e+02 9.7253e+02 9.6614e+02 9.5980e+02 9.5352e+02 9.4731e+02 9.4115e+02 9.3505e+02 9.2901e+02 9.2302e+02 9.1709e+02 9.1122e+02 9.0540e+02 8.9963e+02 8.9392e+02 8.8826e+02 8.8266e+02 8.7710e+02 8.7159e+02 8.6614e+02 8.6073e+02 8.5538e+02 8.5007e+02 8.4481e+02 8.3959e+02 8.3443e+02 8.2930e+02 8.2423e+02 8.1920e+02 8.1421e+02 8.0927e+02 8.0438e+02 7.9952e+02 7.9471e+02 7.8994e+02 7.8522e+02 7.8053e+02 7.7589e+02 7.7128e+02
1.2746e-03 1.1347e+03 1.1270e+03 1.1193e+03 1.1117e+03 1.1042e+03 1.0968e+03 1.0894e+03 1.0822e+03 1.0749e+03 1.0678e+03 1.0607e+03 1.0537e+03 1.0467e+03 1.0399e+03 1.0331e+03 1.0263e+03 1.0196e+03 1.0130e+03 1.0064e+03 9.9993e+02 9.9349e+02 9.8711e+02 9.8079e+02 9.7453e+02 9.6832e+02 9.6217e+02 9.5608e+02 9.5005e+02 9.4407e+02 9.3814e+02 9.3227e+02 9.2645e+02 9.2068e+02 9.1497e+02 9.0931e+02 9.0369e+02 8.9813e+02 8.9262e+02 8.8716e+02 8.8174e+02 8.7637e+02 8.7105e+02 8.6578e+02 8.6056e+02 8.5538e+02 8.5024e+02 8.4515e+02 8.4011e+02 8.3511e+02 8.3015e+02
1.3819e-03 1.2211e+03 1.2127e+03 1.2045e+03 1.1963e+03 1.1882e+03 1.1802e+03 1.1723e+03 1.1644e+03 1.1567e+03 1.1490e+03 1.1413e+03 1.1338e+03 1.1263e+03 1.1189e+03 1.1116e+03 1.1043e+03 1.0971e+03 1.0900e+03 1.0829e+03 1.0759e+03 1.0690e+03 1.0621e+03 1.0553e+03 1.0486e+03 1.0419e+03 1.0353e+03 1.0287e+03 1.0223e+03 1.0158e+03 1.0094e+03 1.0031e+03 9.9686e+02 9.9065e+02 9.8450e+02 9.7840e+02 9.7236e+02 9.6638e+02 9.6044e+02 9.5457e+02 9.4874e+02 9.4296e+02 9.3724e+02 9.3157e+02 9.2595e+02 9.2038e+02 9.1486e+02 9.0940e+02 9.0398e+02 8.9861e+02 8.9329e+02
1.4983e-03 1.3130e+03 1.3042e+03 1.2954e+03 1.2866e+03 1.2780e+03 1.2694e+03 1.2609e+03 1.2525e+03 1.2441e+03 1.2359e+03 1.2277e+03 1.2196e+03 1.2115e+03 1.2035e+03 1.1956e+03 1.1878e+03 1.1801e+03 1.1724e+03 1.1648e+03 1.1572e+03 1.1498e+03 1.1424e+03 1.1351e+03 1.1278e+03 1.1206e+03 1.1135e+03 1.1065e+03 1.0995e+03 1.0926e+03 1.0857e+03 1.0789e+03 1.0722e+03 1.0655e+03 1.0589e+03 1.0524e+03 1.0459e+03 1.0395e+03 1.0331e+03 1.0268e+03 1.0205e+03 1.0143e+03 1.0082e+03 1.0021e+03 9.9600e+02 9.8998e+02 9.8401e+02 9.7809e+02 9.7221e+02 9.6636e+02 9.6056e+02
1.6246e-03 1.4121e+03 1.4025e+03 1.3929e+03 1.3834e+03 1.3741e+03 1.3648e+03 1.3556e+03 1.3466e+03 1.3376e+03 1.3287e+03 1.3198e+03 1.3111e+03 1.3025e+03 1.2939e+03 1.2854e+03 1.2770e+03 1.2687e+03 1.2604e+03 1.2523e+03 1.2442e+03 1.2362e+03 1.2282e+03 1.2204e+03 1.2126e+03 1.2049e+03 1.1972e+03 1.1896e+03 1.1821e+03 1.1747e+03 1.1673e+03 1.1600e+03 1.1527e+03 1.1456e+03 1.1384e+03 1.1314e+03 1.1244e+03 1.1175e+03 1.1106e+03 1.1038e+03 1.0971e+03 1.0904e+03 1.0838e+03 1.0772e+03 1.0707e+03 1.0643e+03 1.0579e+03 1.0516e+03 1.0453e+03 1.0391e+03 1.0330e+03
1.7614e-03 1.5170e+03 1.5067e+03 1.4965e+03 1.4864e+03 1.4764e+03 1.4665e+03 1.4567e+03 1.4469e+03 1.4373e+03 1.4277e+03 1.4183e+03 1.4089e+03 1.3996e+03 1.3904e+03 1.3812e+03 1.3722e+03 1.3633e+03 1.3544e+03 1.3456e+03 1.3369e+03 1.3283e+03 1.3198e+03 1.3113e+03 1.3029e+03 1.2946e+03 1.2864e+03 1.2783e+03 1.2702e+03 1.2622e+03 1.2543e+03 1.2465e+03 1.2387e+03 1.2310e+03 1.2234e+03 1.2158e+03 1.2083e+03 1.2009e+03 1.1935e+03 1.1862e+03 1.1790e+03 1.1718e+03 1.1647e+03 1.1576e+03 1.1506e+03 1.1437e+03 1.1368e+03 1.1300e+03 1.1232e+03 1.1164e+03 1.1098e+03
1.9098e-03 1.6293e+03 1.6182e+03 1.6072e+03 1.5964e+03 1.5856e+03 1.5749e+03 1.5643e+03 1.5539e+03 1.5435e+03 1.5332e+03 1.5231e+03 1.5130e+03 1.5030e+03 1.4931e+03 1.4833e+03 1.4736e+03 1.4640e+03 1.4545e+03 1.4451e+03 1.4357e+03 1.4265e+03 1.4173e+03 1.4082e+03 1.3992e+03 1.3903e+03 1.3815e+03 1.3728e+03 1.3641e+03 1.3555e+03 1.3470e+03 1.3386e+03 1.3303e+03 1.3220e+03 1.3138e+03 1.3057e+03 1.2976e+03 1.2896e+03 1.2817e+03 1.2739e+03 1.2661e+03 1.2584e+03 1.2508e+03 1.2432e+03 1.2357e+03 1.2282e+03 1.2208e+03 1.2135e+03 1.2062e+03 1.1990e+03 1.1918e+03
2.0706e-03 1.7486e+03 1.7367e+03 1.7249e+03 1.7132e+03 1.7017e+03 1.6902e+03 1.6789e+03 1.6676e+03 1.6565e+03 1.6455e+03 1.6346e+03 1.6238e+03 1.6131e+03 1.6024e+03 1.5919e+03 1.5815e+03 1.5712e+03 1.5610e+03 1.5509e+03 1.5408e+03 1.5309e+03 1.5211e+03 1.5113e+03 1.5017e+03 1.4921e+03 1.4826e+03 1.4732e+03 1.4639e+03 1.4547e+03 1.4456e+03 1.4365e+03 1.4276e+03 1.4187e+03 1.4099e+03 1.4012e+03 1.3925e+03 1.3839e+03 1.3755e+03 1.3670e+03 1.3587e+03 1.3505e+03 1.3423e+03 1.3341e+03 1.3261e+03 1.3181e+03 1.3102e+03 1.3024e+03 1.2946e+03 1.2869e+03 1.2793e+03
2.2450e-03 1.8754e+03 1.8625e+03 1.8498e+03 1.8372e+03 1.8248e+03 1.8124e+03 1.8002e+03 1.7882e+03 1.7762e+03 1.7644e+03 1.7527e+03 1.7411e+03 1.7296e+03 1.7182e+03 1.7070e+03 1.6958e+03 1.6848e+03 1.6738e+03 1.6630e+03 1.6523e+03 1.6416e+03 1.6311e+03 1.6207e+03 1.6103e+03 1.6001e+03 1.5899e+03 1.5799e+03 1.5699e+03 1.5600e+03 1.5502e+03 1.5405e+03 1.5309e+03 1.5213e+03 1.5119e+03 1.5025e+03 1.4932e+03 1.4840e+03 1.4749e+03 1.4659e+03 1.4569e+03 1.4480e+03 1.4393e+03 1.4305e+03 1.4219e+03 1.4134e+03 1.4049e+03 1.3965e+03 1.3882e+03 1.3800e+03 1.3719e+03
2.4341e-03 2.0090e+03 1.9953e+03 1.9817e+03 1.9682e+03 1.9549e+03 1.9417e+03 1.9287e+03 1.9158e+03 1.9030e+03 1.8903e+03 1.8778e+03 1.8653e+03 1.8530e+03 1.8408e+03 1.8288e+03 1.8168e+03 1.8050e+03 1.7933e+03 1.7816e+03 1.7701e+03 1.7587e+03 1.7475e+03 1.7363e+03 1.7252e+03 1.7142e+03 1.7033e+03 1.6925e+03 1.6819e+03 1.6713e+03 1.6608e+03 1.6504e+03 1.6401e+03 1.6299e+03 1.6198e+03 1.6098e+03 1.5998e+03 1.5900e+03 1.5802e+03 1.5705e+03 1.5610e+03 1.5515e+03 1.5421e+03 1.5327e+03 1.5235e+03 1.5143e+03 1.5052e+03 1.4962e+03 1.4873e+03 1.4784e+03 1.4697e+03
2.6392e-03 2.1500e+03 2.1353e+03 2.1208e+03 2.1065e+03 2.0922e+03 2.0781e+03 2.0642e+03 2.0504e+03 2.0367e+03 2.0231e+03 2.0097e+03 1.9964e+03 1.9833e+03 1.9702e+03 1.9573e+03 1.9445e+03 1.9319e+03 1.9193e+03 1.9069e+03 1.8946e+03 1.8824e+03 1.8703e+03 1.8583e+03 1.8464e+03 1.8347e+03 1.8230e+03 1.8115e+03 1.8001e+03 1.7887e+03 1.7775e+03 1.7664e+03 1.7553e+03 1.7444e+03 1.7336e+03 1.7229e+03 1.7122e+03 1.7017e+03 1.6912e+03 1.6809e+03 1.6706e+03 1.6605e+03 1.6504e+03 1.6404e+03 1.6305e+03 1.6207e+03 1.6109e+03 1.6013e+03 1.5917e+03 1.5822e+03 1.5728e+03
2.8615e-03 2.2985e+03 2.2828e+03 2.2673e+03 2.2519e+03 2.2367e+03 2.2217e+03 2.2067e+03 2.1920e+03 2.1773e+03 2.1628e+03 2.1485e+03 2.1343e+03 2.1202e+03 2.1062e+03 2.0924e+03 2.0787e+03 2.0652e+03 2.0518e+03 2.0385e+03 2.0253e+03 2.0123e+03 1.9993e+03 1.9865e+03 1.9739e+03 1.9613e+03 1.9488e+03 1.9365e+03 1.9243e+03 1.9122e+03 1.9002e+03 1.8883e+03 1.8765e+03 1.8648e+03 1.8533e+03 1.8418e+03 1.8304e+03 1.8192e+03 1.8080e+03 1.7969e+03 1.7860e+03 1.7751e+03 1.7643e+03 1.7536e+03 1.7430e+03 1.7325e+03 1.7221e+03 1.7118e+03 1.7016e+03 1.6914e+03 1.6813e+03
3.1025e-03 2.4541e+03 2.4373e+03 2.4208e+03 2.4044e+03 2.3881e+03 2.3721e+03 2.3561e+03 2.3404e+03 2.3248e+03 2.3093e+03 2.2940e+03 2.2788e+03 2.2638e+03 2.2489e+03 2.2342e+03 2.2196e+03 2.2051e+03 2.1908e+03 2.1766e+03 2.1625e+03 2.1486e+03 2.1348e+03 2.1211e+03 2.1076e+03 2.0941e+03 2.0808e+03 2.0677e+03 2.0546e+03 2.0417e+03 2.0289e+03 2.0162e+03 2.0036e+03 1.9911e+03 1.9787e+03 1.9665e+03 1.9543e+03 1.9423e+03 1.9304e+03 1.9186e+03 1.9069e+03 1.8952e+03 1.8837e+03 1.8723e+03 1.8610e+03 1.8498e+03 1.8387e+03 1.8277e+03 1.8168e+03 1.8060e+03 1.7953e+03
3.3638e-03 2.6168e+03 2.5989e+03 2.5813e+03 2.5638e+03 2.5464e+03 2.5293e+03 2.5123e+03 2.4955e+03 2.4788e+03 2.4623e+03 2.4460e+03 2.4298e+03 2.4137e+03 2.3979e+03 2.3821e+03 2.3666e+03 2.3511e+03 2.3359e+03 2.3207e+03 2.3057e+03 2.2909e+03 2.2762e+03 2.2616e+03 2.2471e+03 2.2328e+03 2.2187e+03 2.2046e+03 2.1907e+03 2.1769e+03 2.1633e+03 2.1497e+03 2.1363e+03 2.1230e+03 2.1098e+03 2.0968e+03 2.0839e+03 2.0710e+03 2.0583e+03 2.0457e+03 2.0333e+03 2.0209e+03 2.0086e+03 1.9965e+03 1.9844e+03 1.9725e+03 1.9606e+03 1.9489e+03 1.9373e+03 1.9257e+03 1.9143e+03
3.6472e-03 2.7859e+03 2.7669e+03 2.7482e+03 2.7296e+03 2.7111e+03 2.6929e+03 2.6748e+03 2.6569e+03 2.6392e+03 2.6217e+03 2.6043e+03 2.5871e+03 2.5700e+03 2.5531e+03 2.5364e+03 2.5198e+03 2.5034e+03 2.4871e+03 2.4710e+03 2.4550e+03 2.4392e+03 2.4235e+03 2.4080e+03 2.3926e+03 2.3774e+03 2.3623e+03 2.3473e+03 2.3325e+03 2.3178e+03 2.3033e+03 2.2888e+03 2.2745e+03 2.2604e+03 2.2464e+03 2.2324e+03 2.2187e+03 2.2050e+03 2.1915e+03 2.1781e+03 2.1648e+03 2.1516e+03 2.1385e+03 2.1256e+03 2.1128e+03 2.1001e+03 2.0875e+03 2.0750e+03 2.0626e+03 2.0503e+03 2.0382e+03
3.9544e-03 2.9618e+03 2.9416e+03 2.9216e+03 2.9018e+03 2.8822e+03 2.8628e+03 2.8436e+03 2.8246e+03 2.8057e+03 2.7870e+03 2.7686e+03 2.7502e+03 2.7321e+03 2.7141e+03 2.6963e+03 2.6787e+03 2.6613e+03 2.6440e+03 2.6268e+03 2.6099e+03 2.5930e+03 2.5764e+03 2.5599e+03 2.5435e+03 2.5273e+03 2.5113e+03 2.4954e+03 2.4796e+03 2.4640e+03 2.4486e+03 2.4333e+03 2.4181e+03 2.4030e+03 2.3881e+03 2.3733e+03 2.3587e+03 2.3442e+03 2.3298e+03 2.3155e+03 2.3014e+03 2.2874e+03 2.2735e+03 2.2597e+03 2.2461e+03 2.2326e+03 2.2192e+03 2.2059e+03 2.1927e+03 2.1796e+03 2.1667e+03
4.2875e-03 3.1437e+03 3.1222e+03 3.1010e+03 3.0799e+03 3.0591e+03 3.0385e+03 3.0180e+03 2.9978e+03 2.9778e+03 2.9580e+03 2.9384e+03 2.9189e+03 2.8997e+03 2.8806e+03 2.8617e+03 2.8430e+03 2.8245e+03 2.8062e+03 2.7880e+03 2.7700e+03 2.7522e+03 2.7345e+03 2.7170e+03 2.6996e+03 2.6824e+03 2.6654e+03 2.6485e+03 2.6318e+03 2.6153e+03 2.5988e+03 2.5826e+03 2.5665e+03 2.5505e+03 2.5346e+03 2.5190e+03 2.5034e+03 2.4880e+03 2.4727e+03 2.4576e+03 2.4426e+03 2.4277e+03 2.4130e+03 2.3984e+03 2.3839e+03 2.3696e+03 2.3554e+03 2.3413e+03 2.3274e+03 2.3136e+03 2.2999e+03
4.6486e-03 3.3306e+03 3.3079e+03 3.2855e+03 3.2632e+03 3.2412e+03 3.2194e+03 3.1978e+03 3.1764e+03 3.1552e+03 3.1342e+03 3.1134e+03 3.0928e+03 3.0724e+03 3.0522e+03 3.0322e+03 3.0124e+03 2.9927e+03 2.9733e+03 2.9540e+03 2.9349e+03 2.9160e+03 2.8973e+03 2.8787e+03 2.8603e+03 2.8421e+03 2.8241e+03 2.8062e+03 2.7885e+03 2.7709e+03 2.7535e+03 2.7363e+03 2.7192e+03 2.7023e+03 2.6855e+03 2.6689e+03 2.6524e+03 2.6361e+03 2.6199e+03 2.6039e+03 2.5880e+03 2.5723e+03 2.5567e+03 2.5412e+03 2.5259e+03 2.5107e+03 2.4956e+03 2.4807e+03 2.4659e+03 2.4512e+03 2.4366e+03
5.0402e-03 3.5224e+03 3.4984e+03 3.4746e+03 3.4511e+03 3.4278e+03 3.4047e+03 3.3819e+03 3.3593e+03 3.3368e+03 3.3146e+03 3.2927e+03 3.2709e+03 3.2493e+03 3.2279e+03 3.2068e+03 3.1858e+03 3.1650e+03 3.1445e+03 3.1241e+03 3.1039e+03 3.0839e+03 3.0641e+03 3.0445e+03 3.0250e+03 3.0058e+03 2.9867e+03 2.9678e+03 2.9490e+03 2.9305e+03 2.9121e+03 2.8939e+03 2.8758e+03 2.8579e+03 2.8402e+03 2.8226e+03 2.8052e+03 2.7879e+03 2.7708e+03 2.7538e+03 2.7370e+03 2.7204e+03 2.7039e+03 2.6875e+03 2.6713e+03 2.6552e+03 2.6392e+03 2.6234e+03 2.6078e+03 2.5922e+03 2.5768e+03
5.4648e-03 3.7177e+03 3.6924e+03 3.6673e+03 3.6425e+03 3.6179e+03 3.5935e+03 3.5694e+03 3.5455e+03 3.5218e+03 3.4984e+03 3.4752e+03 3.4522e+03 3.4295e+03 3.4069e+03 3.3846e+03 3.3625e+03 3.3406e+03 3.3189e+03 3.2974e+03 3.2761e+03 3.2549e+03 3.2340e+03 3.2133e+03 3.1928e+03 3.1725e+03 3.1523e+03 3.1324e+03 3.1126e+03 3.0930e+03 3.0736e+03 3.0543e+03 3.0353e+03 3.0164e+03 2.9977e+03 2.9791e+03 2.9607e+03 2.9425e+03 2.9244e+03 2.9065e+03 2.8888e+03 2.8712e+03 2.8538e+03 2.8365e+03 2.8194e+03 2.8025e+03 2.7857e+03 2.7690e+03 2.7525e+03 2.7362e+03 2.7200e+03
5.9251e-03 3.9152e+03 3.8885e+03 3.8622e+03 3.8360e+03 3.8101e+03 3.7845e+03 3.7591e+03 3.7339e+03 3.7090e+03 3.6843e+03 3.6599e+03 3.6357e+03 3.6117e+03 3.5880e+03 3.5644e+03 3.5411e+03 3.5180e+03 3.4952e+03 3.4725e+03 3.4501e+03 3.4279e+03 3.4058e+03 3.3840e+03 3.3624e+03 3.3410e+03 3.3198e+03 3.2988e+03 3.2780e+03 3.2573e+03 3.2369e+03 3.2166e+03 3.1965e+03 3.1767e+03 3.1569e+03 3.1374e+03 3.1181e+03 3.0989e+03 3.0799e+03 3.0610e+03 3.0424e+03 3.0238e+03 3.0055e+03 2.9873e+03 2.9693e+03 2.9514e+03 2.9337e+03 2.9162e+03 2.8988e+03 2.8815e+03 2.8644e+03
6.4242e-03 4.1136e+03 4.0855e+03 4.0577e+03 4.0302e+03 4.0029e+03 3.9760e+03 3.9493e+03 3.9228e+03 3.8966e+03 3.8707e+03 3.8450e+03 3.8196e+03 3.7944e+03 3.7695e+03 3.7448e+03 3.7203e+03 3.6961e+03 3.6721e+03 3.6483e+03 3.6247e+03 3.6014e+03 3.5783e+03 3.5553e+03 3.5326e+03 3.5101e+03 3.4879e+03 3.4658e+03 3.4439e+03 3.4222e+03 3.4007e+03 3.3794e+03 3.3583e+03 3.3374e+03 3.3167e+03 3.2962e+03 3.2758e+03 3.2557e+03 3.2357e+03 3.2159e+03 3.1962e+03 3.1768e+03 3.1575e+03 3.1384e+03 3.1195e+03 3.1008e+03 3.0822e+03 3.0638e+03 3.0455e+03 3.0275e+03 3.0096e+03
6.9653e-03 4.3101e+03 4.2808e+03 4.2517e+03 4.2230e+03 4.1945e+03 4.1663e+03 4.1383e+03 4.1106e+03 4.0832e+03 4.0561e+03 4.0291e+03 4.0025e+03 3.9761e+03 3.9500e+03 3.9241e+03 3.8984e+03 3.8730e+03 3.8478e+03 3.8229e+03 3.7982e+03 3.7737e+03 3.7495e+03 3.7255e+03 3.7017e+03 3.6781e+03 3.6547e+03 3.6316e+03 3.6087e+03 3.5860e+03 3.5635e+03 3.5412e+03 3.5191e+03 3.4972e+03 3.4755e+03 3.4540e+03 3.4327e+03 3.4116e+03 3.3907e+03 3.3699e+03 3.3493e+03 3.3290e+03 3.3088e+03 3.2887e+03 3.2689e+03 3.2492e+03 3.2297e+03 3.2103e+03 3.1911e+03 3.1721e+03 3.1532e+03
7.5520e-03 4.5039e+03 4.4732e+03 4.4428e+03 4.4128e+03 4.3830e+03 4.3535e+03 4.3243e+03 4.2954e+03 4.2667e+03 4.2383e+03 4.2102e+03 4.1824e+03 4.1548e+03 4.1275e+03 4.1004e+03 4.0736e+03 4.0471e+03 4.0208e+03 3.9947e+03 3.9689e+03 3.9434e+03 3.9180e+03 3.8929e+03 3.8681e+03 3.8434e+03 3.8190e+03 3.7949e+03 3.7709e+03 3.7472e+03 3.7237e+03 3.7004e+03 3.6773e+03 3.6544e+03 3.6317e+03 3.6093e+03 3.5870e+03 3.5649e+03 3.5430e+03 3.5214e+03 3.4999e+03 3.4786e+03 3.4575e+03 3.4365e+03 3.4158e+03 3.3952e+03 3.3748e+03 3.3546e+03 3.3346e+03 3.3147e+03 3.2950e+03
8.1881e-03 4.6923e+03 4.6604e+03 4.6287e+03 4.5973e+03 4.5663e+03 4.5356e+03 4.5051e+03 4.4750e+03 4.4451e+03 4.4155e+03 4.3863e+03 4.3573e+03 4.3285e+03 4.3001e+03 4.2719e+03 4.2440e+03 4.2163e+03 4.1889e+03 4.1618e+03 4.1349e+03 4.1083e+03 4.0819e+03 4.0557e+03 4.0298e+03 4.0042e+03 3.9788e+03 3.9536e+03 3.9286e+03 3.9039e+03 3.8794e+03 3.8551e+03 3.8311e+03 3.8072e+03 3.7836e+03 3.7602e+03 3.7370e+03 3.7140e+03 3.6912e+03 3.6686e+03 3.6462e+03 3.6241e+03 3.6021e+03 3.5803e+03 3.5587e+03 3.5373e+03 3.5160e+03 3.4950e+03 3.4741e+03 3.4535e+03 3.4330e+03
8.8778e-03 4.8727e+03 4.8396e+03 4.8067e+03 4.7742e+03 4.7420e+03 4.7101e+03 4.6785e+03 4.6472e+03 4.6162e+03 4.5854e+03 4.5550e+03 4.5249e+03 4.4951e+03 4.4655e+03 4.4362e+03 4.4072e+03 4.3785e+03 4.3501e+03 4.3219e+03 4.2940e+03 4.2663e+03 4.2389e+03 4.2118e+03 4.1849e+03 4.1582e+03 4.1318e+03 4.1057e+03 4.0798e+03 4.0541e+03 4.0287e+03 4.0035e+03 3.9785e+03 3.9537e+03 3.9292e+03 3.9049e+03 3.8808e+03 3.8570e+03 3.8333e+03 3.8099e+03 3.7866e+03 3.7636e+03 3.7407e+03 3.7181e+03 3.6957e+03 3.6734e+03 3.6514e+03 3.6295e+03 3.6078e+03 3.5863e+03 3.5650e+03
9.6256e-03 5.0424e+03 5.0080e+03 4.9740e+03 4.9403e+03 4.9069e+03 4.8739e+03 4.8412e+03 4.8088e+03 4.7767e+03 4.7449e+03 4.7134e+03 4.6823e+03 4.6514e+03 4.6208e+03 4.5905e+03 4.5605e+03 4.5308e+03 4.5014e+03 4.4722e+03 4.4434e+03 4.4147e+03 4.3864e+03 4.3583e+03 4.3305e+03 4.3029e+03 4.2756e+03 4.2485e+03 4.2217e+03 4.1952e+03 4.1688e+03 4.1427e+03 4.1169e+03 4.0913e+03 4.0659e+03 4.0407e+03 4.0158e+03 3.9911e+03 3.9666e+03 3.9423e+03 3.9183e+03 3.8944e+03 3.8708e+03 3.8474e+03 3.8242e+03 3.8012e+03 3.7784e+03 3.7558e+03 3.7334e+03 3.7112e+03 3.6892e+03
1.0436e-02 5.1976e+03 5.1621e+03 5.1271e+03 5.0923e+03 5.0579e+03 5.0239e+03 4.9901e+03 4.9567e+03 4.9237e+03 4.8909e+03 4.8585e+03 4.8264e+03 4.7945e+03 4.7630e+03 4.7318e+03 4.7009e+03 4.6703e+03 4.6399e+03 4.6099e+03 4.5801e+03 4.5506e+03 4.5214e+03 4.4925e+03 4.4638e+03 4.4354e+03 4.4072e+03 4.3793e+03 4.3517e+03 4.3243e+03 4.2972e+03 4.2703e+03 4.2437e+03 4.2173e+03 4.1911e+03 4.1652e+03 4.1395e+03 4.1140e+03 4.0888e+03 4.0638e+03 4.0390e+03 4.0144e+03 3.9901e+03 3.9659e+03 3.9420e+03 3.9183e+03 3.8948e+03 3.8715e+03 3.8484e+03 3.8255e+03 3.8028e+03
1.1315e-02 5.3349e+03 5.2986e+03 5.2626e+03 5.2270e+03 5.1917e+03 5.1568e+03 5.1222e+03 5.0880e+03 5.0540e+03 5.0204e+03 4.9871e+03 4.9542e+03 4.9215e+03 4.8892e+03 4.8571e+03 4.8254e+03 4.7939e+03 4.7628e+03 4.7319e+03 4.7014e+03 4.6711e+03 4.6411e+03 4.6114e+03 4.5820e+03 4.5528e+03 4.5239e+03 4.4953e+03 4.4669e+03 4.4388e+03 4.4109e+03 4.3833e+03 4.3560e+03 4.3289e+03 4.3020e+03 4.2754e+03 4.2490e+03 4.2229e+03 4.1970e+03 4.1713e+03 4.1459e+03 4.1206e+03 4.0957e+03 4.0709e+03 4.0463e+03 4.0220e+03 3.9979e+03 3.9740e+03 3.9503e+03 3.9268e+03 3.9035e+03
1.2269e-02 5.4511e+03 5.4140e+03 5.3772e+03 5.3408e+03 5.3048e+03 5.2691e+03 5.2337e+03 5.1987e+03 5.1641e+03 5.1297e+03 5.0957e+03 5.0620e+03 5.0286e+03 4.9956e+03 4.9629e+03 4.9304e+03 4.8983e+03 4.8665e+03 4.8350e+03 4.8037e+03 4.7728e+03 4.7422e+03 4.7118e+03 4.6817e+03 4.6519e+03 4.6224e+03 4.5931e+03 4.5642e+03 4.5354e+03 4.5070e+03 4.4788e+03 4.4508e+03 4.4232e+03 4.3957e+03 4.3685e+03 4.3416e+03 4.3149e+03 4.2884e+03 4.2622e+03 4.2362e+03 4.2104e+03 4.1849e+03 4.1596e+03 4.1345e+03 4.1097e+03 4.0850e+03 4.0606e+03 4.0364e+03 4.0124e+03 3.9886e+03
1.3302e-02 5.5416e+03 5.5039e+03 5.4666e+03 5.4296e+03 5.3929e+03 5.3567e+03 5.3207e+03 5.2851e+03 5.2499e+03 5.2150e+03 5.1804e+03 5.1462e+03 5.1123e+03 5.0787e+03 5.0454e+03 5.0124e+03 4.9798e+03 4.9474e+03 4.9154e+03 4.8837e+03 4.8522e+03 4.8211e+03 4.7902e+03 4.7596e+03 4.7294e+03 4.6993e+03 4.6696e+03 4.6402e+03 4.6110e+03 4.5820e+03 4.5534e+03 4.5250e+03 4.4968e+03 4.4689e+03 4.4413e+03 4.4139e+03 4.3868e+03 4.3599e+03 4.3332e+03 4.3068e+03 4.2806e+03 4.2546e+03 4.2289e+03 4.2033e+03 4.1781e+03 4.1530e+03 4.1281e+03 4.1035e+03 4.0791e+03 4.0549e+03
1.4422e-02 5.6027e+03 5.5645e+03 5.5268e+03 5.4894e+03 5.4524e+03 5.4157e+03 5.3794e+03 5.3434e+03 5.3078e+03 5.2725e+03 5.2375e+03 5.2029e+03 5.1686e+03 5.1347e+03 5.1010e+03 5.0677e+03 5.0347e+03 5.0020e+03 4.9696e+03 4.9375e+03 4.9057e+03 4.8742e+03 4.8430e+03 4.8121e+03 4.7815e+03 4.7512e+03 4.7211e+03 4.6913e+03 4.6618e+03 4.6326e+03 4.6036e+03 4.5749e+03 4.5464e+03 4.5182e+03 4.4903e+03 4.4626e+03 4.4351e+03 4.4079e+03 4.3810e+03 4.3543e+03 4.3278e+03 4.3015e+03 4.2755e+03 4.2497e+03 4.2242e+03 4.1988e+03 4.1737e+03 4.1488e+03 4.1241e+03 4.0997e+03
1.5637e-02 5.6305e+03 5.5921e+03 5.5541e+03 5.5165e+03 5.4793e+03 5.4424e+03 5.4059e+03 5.3697e+03 5.3339e+03 5.2985e+03 5.2633e+03 5.2286e+03 5.1941e+03 5.1600e+03 5.1262e+03 5.0927e+03 5.0596e+03 5.0267e+03 4.9942e+03 4.9620e+03 4.9300e+03 4.8984e+03 4.8670e+03 4.8360e+03 4.8052e+03 4.7747e+03 4.7445e+03 4.7146e+03 4.6849e+03 4.6555e+03 4.6264e+03 4.5976e+03 4.5690e+03 4.5406e+03 4.5125e+03 4.4847e+03 4.4571e+03 4.4298e+03 4.4027e+03 4.3758e+03 4.3492e+03 4.3228e+03 4.2967e+03 4.2708e+03 4.2451e+03 4.2197e+03 4.1945e+03 4.1695e+03 4.1447e+03 4.1202e+03
1.6955e-02 5.6207e+03 5.5825e+03 5.5446e+03 5.5070e+03 5.4699e+03 5.4331e+03 5.3966e+03 5.3605e+03 5.3248e+03 5.2894e+03 5.2544e+03 5.2196e+03 5.1853e+03 5.1512e+03 5.1175e+03 5.0840e+03 5.0509e+03 5.0181e+03 4.9857e+03 4.9535e+03 4.9216e+03 4.8900e+03 4.8587e+03 4.8277e+03 4.7970e+03 4.7666e+03 4.7364e+03 4.7065e+03 4.6769e+03 4.6476e+03 4.6185e+03 4.5897e+03 4.5612e+03 4.5329e+03 4.5049e+03 4.4771e+03 4.4495e+03 4.4222e+03 4.3952e+03 4.3684e+03 4.3418e+03 4.3155e+03 4.2894e+03 4.2636e+03 4.2379e+03 4.2125e+03 4.1873e+03 4.1624e+03 4.1376e+03 4.1131e+03
1.8383e-02 5.5705e+03 5.5326e+03 5.4950e+03 5.4578e+03 5.4210e+03 5.3845e+03 5.3484e+03 5.3127e+03 5.2773e+03 5.2422e+03 5.2075e+03 5.1731e+03 5.1390e+03 5.1053e+03 5.0718e+03 5.0387e+03 5.0059e+03 4.9734e+03 4.9412e+03 4.9094e+03 4.8778e+03 4.8465e+03 4.8155e+03 4.7848e+03 4.7543e+03 4.7242e+03 4.6943e+03 4.6647e+03 4.6354e+03 4.6063e+03 4.5775e+03 4.5489e+03 4.5206e+03 4.4926e+03 4.4648e+03 4.4373e+03 4.4100e+03 4.3830e+03 4.3562e+03 4.3296e+03 4.3033e+03 4.2772e+03 4.2513e+03 4.2257e+03 4.2003e+03 4.1751e+03 4.1501e+03 4.1254e+03 4.1009e+03 4.0766e+03
1.9931e-02 5.4772e+03 5.4400e+03 5.4031e+03 5.3666e+03 5.3304e+03 5.2946e+03 5.2591e+03 5.2240e+03 5.1892e+03 5.1547e+03 5.1206e+03 5.0868e+03 5.0533e+03 5.0201e+03 4.9872e+03 4.9547e+03 4.9224e+03 4.8905e+03 4.8588e+03 4.8275e+03 4.7964e+03 4.7656e+03 4.7351e+03 4.7049e+03 4.6750e+03 4.6453e+03 4.6160e+03 4.5868e+03 4.5580e+03 4.5294e+03 4.5011e+03 4.4730e+03 4.4452e+03 4.4177e+03 4.3904e+03 4.3633e+03 4.3365e+03 4.3099e+03 4.2836e+03 4.2574e+03 4.2316e+03 4.2059e+03 4.1805e+03 4.1553e+03 4.1304e+03 4.1056e+03 4.0811e+03 4.0568e+03 4.0327e+03 4.0088e+03
2.1610e-02 5.3404e+03 5.3041e+03 5.2681e+03 5.2325e+03 5.1973e+03 5.1623e+03 5.1277e+03 5.0935e+03 5.0595e+03 5.0259e+03 4.9926e+03 4.9597e+03 4.9270e+03 4.8947e+03 4.8626e+03 4.8309e+03 4.7994e+03 4.7683e+03 4.7374e+03 4.7069e+03 4.6766e+03 4.6466e+03 4.6169e+03 4.5874e+03 4.5583e+03 4.5294e+03 4.5007e+03 4.4723e+03 4.4442e+03 4.4164e+03 4.3888e+03 4.3614e+03 4.3343e+03 4.3074e+03 4.2808e+03 4.2544e+03 4.2283e+03 4.2024e+03 4.1767e+03 4.1512e+03 4.1260e+03 4.1010e+03 4.0762e+03 4.0516e+03 4.0272e+03 4.0031e+03 3.9791e+03 3.9554e+03 3.9319e+03 3.9085e+03
2.3430e-02 5.1601e+03 5.1250e+03 5.0903e+03 5.0559e+03 5.0218e+03 4.9881e+03 4.9547e+03 4.9216e+03 4.8888e+03 4.8564e+03 4.8242e+03 4.7924e+03 4.7608e+03 4.7296e+03 4.6986e+03 4.6680e+03 4.6376e+03 4.6075e+03 4.5777e+03 4.5481e+03 4.5189e+03 4.4899e+03 4.4612e+03 4.4327e+03 4.4046e+03 4.3766e+03 4.3490e+03 4.3215e+03 4.2944e+03 4.2675e+03 4.2408e+03 4.2144e+03 4.1882e+03 4.1622e+03 4.1365e+03 4.1110e+03 4.0858e+03 4.0607e+03 4.0359e+03 4.0113e+03 3.9870e+03 3.9628e+03 3.9389e+03 3.9151e+03 3.8916e+03 3.8683e+03 3.8452e+03 3.8223e+03 3.7996e+03 3.7770e+03
2.5404e-02 4.9394e+03 4.9059e+03 4.8727e+03 4.8398e+03 4.8072e+03 4.7749e+03 4.7430e+03 4.7113e+03 4.6800e+03 4.6489e+03 4.6181e+03 4.5876e+03 4.5575e+03 4.5275e+03 4.4979e+03 4.4686e+03 4.4395e+03 4.4107e+03 4.3822e+03 4.3539e+03 4.3259e+03 4.2982e+03 4.2707e+03 4.2434e+03 4.2165e+03 4.1897e+03 4.1633e+03 4.1370e+03 4.1110e+03 4.0853e+03 4.0597e+03 4.0344e+03 4.0094e+03 3.9845e+03 3.9599e+03 3.9355e+03 3.9114e+03 3.8874e+03 3.8636e+03 3.8401e+03 3.8168e+03 3.7937e+03 3.7707e+03 3.7480e+03 3.7255e+03 3.7031e+03 3.6810e+03 3.6590e+03 3.6373e+03 3.6157e+03
2.7544e-02 4.6840e+03 4.6522e+03 4.6207e+03 4.5895e+03 4.5586e+03 4.5280e+03 4.4977e+03 4.4677e+03 4.4379e+03 4.4085e+03 4.3793e+03 4.3504e+03 4.3218e+03 4.2934e+03 4.2653e+03 4.2375e+03 4.2099e+03 4.1826e+03 4.1556e+03 4.1288e+03 4.1022e+03 4.0759e+03 4.0499e+03 4.0241e+03 3.9985e+03 3.9732e+03 3.9481e+03 3.9232e+03 3.8985e+03 3.8741e+03 3.8499e+03 3.8259e+03 3.8022e+03 3.7786e+03 3.7553e+03 3.7322e+03 3.7093e+03 3.6865e+03 3.6640e+03 3.6417e+03 3.6196e+03 3.5977e+03 3.5759e+03 3.5544e+03 3.5331e+03 3.5119e+03 3.4909e+03 3.4701e+03 3.4495e+03 3.4290e+03
2.9864e-02 4.4016e+03 4.3717e+03 4.3422e+03 4.3129e+03 4.2838e+03 4.2551e+03 4.2266e+03 4.1984e+03 4.1705e+03 4.1428e+03 4.1154e+03 4.0882e+03 4.0613e+03 4.0347e+03 4.0083e+03 3.9822e+03 3.9563e+03 3.9306e+03 3.9052e+03 3.8800e+03 3.8551e+03 3.8304e+03 3.8059e+03 3.7816e+03 3.7576e+03 3.7338e+03 3.7102e+03 3.6869e+03 3.6637e+03 3.6408e+03 3.6180e+03 3.5955e+03 3.5732e+03 3.5511e+03 3.5291e+03 3.5074e+03 3.4859e+03 3.4645e+03 3.4434e+03 3.4224e+03 3.4016e+03 3.3810e+03 3.3606e+03 3.3403e+03 3.3203e+03 3.3004e+03 3.2806e+03 3.2610e+03 3.2416e+03 3.2224e+03
3.2379e-02 4.1031e+03 4.0753e+03 4.0477e+03 4.0203e+03 3.9933e+03 3.9665e+03 3.9399e+03 3.9136e+03 3.8876e+03 3.8618e+03 3.8363e+03 3.8110e+03 3.7859e+03 3.7611e+03 3.7365e+03 3.7121e+03 3.6880e+03 3.6641e+03 3.6404e+03 3.6169e+03 3.5937e+03 3.5707e+03 3.5478e+03 3.5252e+03 3.5028e+03 3.4807e+03 3.4587e+03 3.4369e+03 3.4153e+03 3.3939e+03 3.3727e+03 3.3517e+03 3.3309e+03 3.3103e+03 3.2898e+03 3.2696e+03 3.2495e+03 3.2296e+03 3.2099e+03 3.1903e+03 3.1710e+03 3.1518e+03 3.1327e+03 3.1139e+03 3.0952e+03 3.0766e+03 3.0583e+03 3.0400e+03 3.0220e+03 3.0041e+03
3.5106e-02 3.8009e+03 3.7750e+03 3.7494e+03 3.7241e+03 3.6990e+03 3.6742e+03 3.6496e+03 3.6252e+03 3.6011e+03 3.5772e+03 3.5535e+03 3.5301e+03 3.5069e+03 3.4839e+03 3.4611e+03 3.4386e+03 3.4162e+03 3.3941e+03 3.3722e+03 3.3505e+03 3.3289e+03 3.3076e+03 3.2865e+03 3.2656e+03 3.2448e+03 3.2243e+03 3.2040e+03 3.1838e+03 3.1638e+03 3.1440e+03 3.1244e+03 3.1049e+03 3.0856e+03 3.0665e+03 3.0476e+03 3.0288e+03 3.0102e+03 2.9918e+03 2.9735e+03 2.9554e+03 2.9375e+03 2.9197e+03 2.9021e+03 2.8846e+03 2.8673e+03 2.8501e+03 2.8331e+03 2.8162e+03 2.7995e+03 2.7829e+03
3.8064e-02 3.5079e+03 3.4841e+03 3.4605e+03 3.4371e+03 3.4140e+03 3.3911e+03 3.3684e+03 3.3459e+03 3.3236e+03 3.3016e+03 3.2798e+03 3.2581e+03 3.2367e+03 3.2155e+03 3.1945e+03 3.1736e+03 3.1530e+03 3.1326e+03 3.1124e+03 3.0923e+03 3.0725e+03 3.0528e+03 3.0333e+03 3.0140e+03 2.9948e+03 2.9759e+03 2.9571e+03 2.9385e+03 2.9200e+03 2.9017e+03 2.8836e+03 2.8657e+03 2.8479e+03 2.8303e+03 2.8128e+03 2.7955e+03 2.7783e+03 2.7613e+03 2.7445e+03 2.7278e+03 2.7112e+03 2.6948e+03 2.6785e+03 2.6624e+03 2.6464e+03 2.6306e+03 2.6149e+03 2.5993e+03 2.5839e+03 2.5686e+03
4.1270e-02 3.2370e+03 3.2150e+03 3.1931e+03 3.1716e+03 3.1502e+03 3.1290e+03 3.1081e+03 3.0873e+03 3.0668e+03 3.0464e+03 3.0263e+03 3.0064e+03 2.9866e+03 2.9670e+03 2.9477e+03 2.9285e+03 2.9095e+03 2.8906e+03 2.8720e+03 2.8535e+03 2.8352e+03 2.8170e+03 2.7990e+03 2.7812e+03 2.7636e+03 2.7461e+03 2.7287e+03 2.7116e+03 2.6945e+03 2.6777e+03 2.6610e+03 2.6444e+03 2.6280e+03 2.6117e+03 2.5956e+03 2.5796e+03 2.5638e+03 2.5481e+03 2.5325e+03 2.5171e+03 2.5018e+03 2.4867e+03 2.4717e+03 2.4568e+03 2.4421e+03 2.4275e+03 2.4130e+03 2.3987e+03 2.3845e+03 2.3705e+03
4.4746e-02 2.9977e+03 2.9773e+03 2.9571e+03 2.9371e+03 2.9174e+03 2.8978e+03 2.8784e+03 2.8592e+03 2.8401e+03 2.8213e+03 2.8027e+03 2.7842e+03 2.7659e+03 2.7478e+03 2.7298e+03 2.7121e+03 2.6945e+03 2.6770e+03 2.6597e+03 2.6426e+03 2.6257e+03 2.6088e+03 2.5922e+03 2.5757e+03 2.5593e+03 2.5431e+03 2.5271e+03 2.5112e+03 2.4954e+03 2.4798e+03 2.4643e+03 2.4490e+03 2.4338e+03 2.4187e+03 2.4038e+03 2.3890e+03 2.3743e+03 2.3598e+03 2.3453e+03 2.3311e+03 2.3169e+03 2.3029e+03 2.2890e+03 2.2752e+03 2.2616e+03 2.2481e+03 2.2347e+03 2.2214e+03 2.2083e+03 2.1952e+03
4.8515e-02 2.7950e+03 2.7760e+03 2.7572e+03 2.7385e+03 2.7201e+03 2.7019e+03 2.6838e+03 2.6659e+03 2.6482e+03 2.6306e+03 2.6132e+03 2.5960e+03 2.5790e+03 2.5621e+03 2.5454e+03 2.5288e+03 2.5124e+03 2.4961e+03 2.4800e+03 2.4641e+03 2.4483e+03 2.4326e+03 2.4171e+03 2.4017e+03 2.3864e+03 2.3713e+03 2.3564e+03 2.3416e+03 2.3269e+03 2.3123e+03 2.2979e+03 2.2836e+03 2.2694e+03 2.2553e+03 2.2414e+03 2.2276e+03 2.2140e+03 2.2004e+03 2.1870e+03 2.1737e+03 2.1605e+03 2.1474e+03 2.1345e+03 2.1217e+03 2.1089e+03 2.0963e+03 2.0839e+03 2.0715e+03 2.0592e+03 2.0471e+03
5.2602e-02 2.6271e+03 2.6093e+03 2.5917e+03 2.5743e+03 2.5570e+03 2.5399e+03 2.5229e+03 2.5061e+03 2.4894e+03 2.4730e+03 2.4566e+03 2.4404e+03 2.4244e+03 2.4085e+03 2.3928e+03 2.3772e+03 2.3618e+03 2.3465e+03 2.3313e+03 2.3163e+03 2.3015e+03 2.2867e+03 2.2722e+03 2.2577e+03 2.2434e+03 2.2292e+03 2.2151e+03 2.2012e+03 2.1874e+03 2.1737e+03 2.1602e+03 2.1468e+03 2.1335e+03 2.1203e+03 2.1072e+03 2.0943e+03 2.0814e+03 2.0687e+03 2.0561e+03 2.0436e+03 2.0312e+03 2.0189e+03 2.0067e+03 1.9946e+03 1.9826e+03 1.9707e+03 1.9589e+03 1.9473e+03 1.9357e+03 1.9241e+03
5.7032e-02 2.4847e+03 2.4679e+03 2.4512e+03 2.4347e+03 2.4184e+03 2.4022e+03 2.3861e+03 2.3702e+03 2.3545e+03 2.3389e+03 2.3235e+03 2.3082e+03 2.2930e+03 2.2780e+03 2.2631e+03 2.2484e+03 2.2338e+03 2.2194e+03 2.2051e+03 2.1909e+03 2.1768e+03 2.1629e+03 2.1491e+03 2.1355e+03 2.1219e+03 2.1085e+03 2.0952e+03 2.0821e+03 2.0690e+03 2.0561e+03 2.0433e+03 2.0306e+03 2.0180e+03 2.0055e+03 1.9932e+03 1.9809e+03 1.9688e+03 1.9567e+03 1.9448e+03 1.9330e+03 1.9213e+03 1.9096e+03 1.8981e+03 1.8867e+03 1.8754e+03 1.8642e+03 1.8530e+03 1.8420e+03 1.8311e+03 1.8202e+03
6.1836e-02 2.3502e+03 2.3343e+03 2.3185e+03 2.3029e+03 2.2874e+03 2.2721e+03 2.2569e+03 2.2419e+03 2.2270e+03 2.2123e+03 2.1977e+03 2.1832e+03 2.1689e+03 2.1547e+03 2.1407e+03 2.1267e+03 2.1129e+03 2.0993e+03 2.0857e+03 2.0723e+03 2.0590e+03 2.0459e+03 2.0328e+03 2.0199e+03 2.0071e+03 1.9944e+03 1.9819e+03 1.9694e+03 1.9571e+03 1.9449e+03 1.9327e+03 1.9207e+03 1.9088e+03 1.8970e+03 1.8854e+03 1.8738e+03 1.8623e+03 1.8509e+03 1.8396e+03 1.8285e+03 1.8174e+03 1.8064e+03 1.7955e+03 1.7848e+03 1.7741e+03 1.7635e+03 1.7530e+03 1.7426e+03 1.7323e+03 1.7220e+03
6.7045e-02 2.2017e+03 2.1868e+03 2.1720e+03 2.1574e+03 2.1429e+03 2.1286e+03 2.1144e+03 2.1003e+03 2.0864e+03 2.0726e+03 2.0589e+03 2.0454e+03 2.0320e+03 2.0187e+03 2.0055e+03 1.9925e+03 1.9796e+03 1.9668e+03 1.9541e+03 1.9416e+03 1.9291e+03 1.9168e+03 1.9046e+03 1.8925e+03 1.8805e+03 1.8686e+03 1.8569e+03 1.8452e+03 1.8336e+03 1.8222e+03 1.8108e+03 1.7996e+03 1.7884e+03 1.7774e+03 1.7664e+03 1.7556e+03 1.7448e+03 1.7342e+03 1.7236e+03 1.7132e+03 1.7028e+03 1.6925e+03 1.6823e+03 1.6722e+03 1.6622e+03 1.6523e+03 1.6424e+03 1.6327e+03 1.6230e+03 1.6134e+03
7.2692e-02 2.0212e+03 2.0076e+03 1.9941e+03 1.9807e+03 1.9674e+03 1.9542e+03 1.9412e+03 1.9283e+03 1.9155e+03 1.9029e+03 1.8904e+03 1.8779e+03 1.8656e+03 1.8534e+03 1.8414e+03 1.8294e+03 1.8175e+03 1.8058e+03 1.7942e+03 1.7826e+03 1.7712e+03 1.7599e+03 1.7487e+03 1.7376e+03 1.7266e+03 1.7157e+03 1.7049e+03 1.6942e+03 1.6835e+03 1.6730e+03 1.6626e+03 1.6523e+03 1.6420e+03 1.6319e+03 1.6219e+03 1.6119e+03 1.6020e+03 1.5923e+03 1.5826e+03 1.5729e+03 1.5634e+03 1.5540e+03 1.5446e+03 1.5354e+03 1.5262e+03 1.5170e+03 1.5080e+03 1.4991e+03 1.4902e+03 1.4814e+03
7.8815e-02 1.8058e+03 1.7936e+03 1.7815e+03 1.7695e+03 1.7576e+03 1.7459e+03 1.7342e+03 1.7227e+03 1.7112e+03 1.6999e+03 1.6887e+03 1.6776e+03 1.6666e+03 1.6557e+03 1.6449e+03 1.6342e+03 1.6236e+03 1.6131e+03 1.6027e+03 1.5924e+03 1.5822e+03 1.5721e+03 1.5621e+03 1.5521e+03 1.5423e+03 1.5326e+03 1.5229e+03 1.5134e+03 1.5039e+03 1.4945e+03 1.4852e+03 1.4760e+03 1.4668e+03 1.4578e+03 1.4488e+03 1.4399e+03 1.4311e+03 1.4224e+03 1.4137e+03 1.4051e+03 1.3966e+03 1.3882e+03 1.3798e+03 1.3715e+03 1.3633e+03 1.3551e+03 1.3470e+03 1.3390e+03 1.3310e+03 1.3231e+03
8.5454e-02 1.5715e+03 1.5608e+03 1.5503e+03 1.5398e+03 1.5295e+03 1.5192e+03 1.5091e+03 1.4990e+03 1.4891e+03 1.4792e+03 1.4694e+03 1.4597e+03 1.4502e+03 1.4407e+03 1.4312e+03 1.4219e+03 1.4127e+03 1.4036e+03 1.3945e+03 1.3855e+03 1.3766e+03 1.3678e+03 1.3591e+03 1.3504e+03 1.3419e+03 1.3334e+03 1.3250e+03 1.3166e+03 1.3084e+03 1.3002e+03 1.2921e+03 1.2840e+03 1.2761e+03 1.2682e+03 1.2603e+03 1.2526e+03 1.2449e+03 1.2373e+03 1.2297e+03 1.2223e+03 1.2149e+03 1.2075e+03 1.2002e+03 1.1930e+03 1.1858e+03 1.1787e+03 1.1717e+03 1.1647e+03 1.1578e+03 1.1510e+03
9.2652e-02 1.3517e+03 1.3425e+03 1.3334e+03 1.3244e+03 1.3155e+03 1.3066e+03 1.2979e+03 1.2892e+03 1.2806e+03 1.2721e+03 1.2637e+03 1.2553e+03 1.2471e+03 1.2389e+03 1.2308e+03 1.2227e+03 1.2148e+03 1.2069e+03 1.1991e+03 1.1913e+03 1.1837e+03 1.1761e+03 1.1685e+03 1.1611e+03 1.1537e+03 1.1464e+03 1.1391e+03 1.1319e+03 1.1248e+03 1.1177e+03 1.1107e+03 1.1038e+03 1.0969e+03 1.0901e+03 1.0834e+03 1.0767e+03 1.0701e+03 1.0635e+03 1.0570e+03 1.0505e+03 1.0442e+03 1.0378e+03 1.0315e+03 1.0253e+03 1.0192e+03 1.0130e+03 1.0070e+03 1.0010e+03 9.9504e+02 9.8915e+02
1.0046e-01 1.1787e+03 1.1706e+03 1.1626e+03 1.1547e+03 1.1469e+03 1.1392e+03 1.1315e+03 1.1239e+03 1.1164e+03 1.1090e+03 1.1016e+03 1.0943e+03 1.0871e+03 1.0799e+03 1.0728e+03 1.0658e+03 1.0588e+03 1.0519e+03 1.0451e+03 1.0384e+03 1.0317e+03 1.0250e+03 1.0184e+03 1.0119e+03 1.0055e+03 9.9908e+02 9.9274e+02 9.8646e+02 9.8024e+02 9.7408e+02 9.6797e+02 9.6192e+02 9.5592e+02 9.4997e+02 9.4408e+02 9.3824e+02 9.3246e+02 9.2672e+02 9.2104e+02 9.1541e+02 9.0982e+02 9.0429e+02 8.9880e+02 8.9337e+02 8.8798e+02 8.8264e+02 8.7735e+02 8.7210e+02 8.6690e+02 8.6175e+02
1.0892e-01 1.0633e+03 1.0561e+03 1.0489e+03 1.0418e+03 1.0347e+03 1.0277e+03 1.0208e+03 1.0140e+03 1.0072e+03 1.0005e+03 9.9384e+02 9.8726e+02 9.8073e+02 9.7427e+02 9.6787e+02 9.6153e+02 9.5524e+02 9.4902e+02 9.4286e+02 9.3675e+02 9.3070e+02 9.2470e+02 9.1877e+02 9.1288e+02 9.0705e+02 9.0128e+02 8.9556e+02 8.8989e+02 8.8427e+02 8.7870e+02 8.7319e+02 8.6772e+02 8.6230e+02 8.5693e+02 8.5161e+02 8.4634e+02 8.4112e+02 8.3594e+02 8.3081e+02 8.2572e+02 8.2068e+02 8.1569e+02 8.1074e+02 8.0583e+02 8.0096e+02 7.9614e+02 7.9136e+02 7.8663e+02 7.8193e+02 7.7728e+02
1.1809e-01 9.8603e+02 9.7931e+02 9.7266e+02 9.6608e+02 9.5955e+02 9.5309e+02 9.4669e+02 9.4036e+02 9.3408e+02 9.2786e+02 9.2170e+02 9.1560e+02 9.0956e+02 9.0358e+02 8.9765e+02 8.9178e+02 8.8596e+02 8.8020e+02 8.7449e+02 8.6883e+02 8.6323e+02 8.5767e+02 8.5217e+02 8.4672e+02 8.4133e+02 8.3598e+02 8.3067e+02 8.2542e+02 8.2022e+02 8.1506e+02 8.0995e+02 8.0489e+02 7.9987e+02 7.9490e+02 7.8997e+02 7.8508e+02 7.8024e+02 7.7545e+02 7.7069e+02 7.6598e+02 7.6131e+02 7.5668e+02 7.5209e+02 7.4755e+02 7.4304e+02 7.3857e+02 7.3415e+02 7.2976e+02 7.2541e+02 7.2110e+02
1.2804e-01 9.0556e+02 8.9941e+02 8.9331e+02 8.8727e+02 8.8129e+02 8.7537e+02 8.6950e+02 8.6369e+02 8.5794e+02 8.5224e+02 8.4659e+02 8.4099e+02 8.3545e+02 8.2996e+02 8.2452e+02 8.1914e+02 8.1380e+02 8.0851e+02 8.0327e+02 7.9808e+02 7.9294e+02 7.8785e+02 7.8280e+02 7.7780e+02 7.7285e+02 7.6794e+02 7.6308e+02 7.5826e+02 7.5348e+02 7.4875e+02 7.4406e+02 7.3941e+02 7.3481e+02 7.3024e+02 7.2572e+02 7.2124e+02 7.1680e+02 7.1239e+02 7.0803e+02 7.0371e+02 6.9942e+02 6.9517e+02 6.9096e+02 6.8678e+02 6.8264e+02 6.7854e+02 6.7447e+02 6.7043e+02 6.6644e+02 6.6247e+02
1.3883e-01 7.9429e+02 7.8888e+02 7.8351e+02 7.7820e+02 7.7293e+02 7.6772e+02 7.6256e+02 7.5745e+02 7.5238e+02 7.4737e+02 7.4240e+02 7.3748e+02 7.3260e+02 7.2777e+02 7.2299e+02 7.1825e+02 7.1356e+02 7.0891e+02 7.0430e+02 6.9973e+02 6.9521e+02 6.9073e+02 6.8629e+02 6.8190e+02 6.7754e+02 6.7322e+02 6.6894e+02 6.6471e+02 6.6051e+02 6.5634e+02 6.5222e+02 6.4813e+02 6.4408e+02 6.4007e+02 6.3609e+02 6.3215e+02 6.2824e+02 6.2437e+02 6.2054e+02 6.1674e+02 6.1297e+02 6.0923e+02 6.0553e+02 6.0186e+02 5.9823e+02 5.9462e+02 5.9105e+02 5.8751e+02 5.8400e+02 5.8053e+02
1.5052e-01 6.7031e+02 6.6569e+02 6.6113e+02 6.5660e+02 6.5212e+02 6.4768e+02 6.4329e+02 6.3894e+02 6.3463e+02 6.3036e+02 6.2613e+02 6.2194e+02 6.1779e+02 6.1368e+02 6.0961e+02 6.0558e+02 6.0159e+02 5.9763e+02 5.9371e+02 5.8983e+02 5.8598e+02 5.8218e+02 5.7840e+02 5.7466e+02 5.7096e+02 5.6729e+02 5.6365e+02 5.6005e+02 5.5648e+02 5.5295e+02 5.4945e+02 5.4597e+02 5.4253e+02 5.3913e+02 5.3575e+02 5.3240e+02 5.2909e+02 5.2580e+02 5.2254e+02 5.1932e+02 5.1612e+02 5.1295e+02 5.0980e+02 5.0669e+02 5.0360e+02 5.0055e+02 4.9751e+02 4.9451e+02 4.9153e+02 4.8858e+02
1.6320e-01 5.7520e+02 5.7121e+02 5.6726e+02 5.6334e+02 5.5946e+02 5.5562e+02 5.5182e+02 5.4806e+02 5.4433e+02 5.4064e+02 5.3698e+02 5.3336e+02 5.2977e+02 5.2622e+02 5.2270e+02 5.1922e+02 5.1577e+02 5.1235e+02 5.0896e+02 5.0561e+02 5.0229e+02 4.9900e+02 4.9574e+02 4.9251e+02 4.8931e+02 4.8614e+02 4.8300e+02 4.7989e+02 4.7681e+02 4.7375e+02 4.7073e+02 4.6773e+02 4.6476e+02 4.6182e+02 4.5891e+02 4.5602e+02 4.5316e+02 4.5032e+02 4.4751e+02 4.4472e+02 4.4197e+02 4.3923e+02 4.3652e+02 4.3383e+02 4.3117e+02 4.2853e+02 4.2592e+02 4.2333e+02 4.2076e+02 4.1821e+02
1.7694e-01 5.1832e+02 5.1473e+02 5.1118e+02 5.0765e+02 5.0417e+02 5.0071e+02 4.9729e+02 4.9390e+02 4.9055e+02 4.8722e+02 4.8393e+02 4.8067e+02 4.7744e+02 4.7425e+02 4.7108e+02 4.6794e+02 4.6483e+02 4.6176e+02 4.5871e+02 4.5569e+02 4.5270e+02 4.4973e+02 4.4680e+02 4.4389e+02 4.4101e+02 4.3816e+02 4.3533e+02 4.3253e+02 4.2975e+02 4.2700e+02 4.2428e+02 4.2158e+02 4.1891e+02 4.1626e+02 4.1363e+02 4.1103e+02 4.0845e+02 4.0590e+02 4.0336e+02 4.0086e+02 3.9837e+02 3.9590e+02 3.9346e+02 3.9104e+02 3.8864e+02 3.8626e+02 3.8391e+02 3.8157e+02 3.7925e+02 3.7696e+02
1.9185e-01 4.6683e+02 4.6360e+02 4.6041e+02 4.5724e+02 4.5411e+02 4.5100e+02 4.4793e+02 4.4488e+02 4.4187e+02 4.3888e+02 4.3592e+02 4.3299e+02 4.3009e+02 4.2722e+02 4.2437e+02 4.2155e+02 4.1876e+02 4.1599e+02 4.1325e+02 4.1053e+02 4.0784e+02 4.0518e+02 4.0254e+02 3.9992e+02 3.9733e+02 3.9477e+02 3.9222e+02 3.8970e+02 3.8721e+02 3.8473e+02 3.8228e+02 3.7986e+02 3.7745e+02 3.7507e+02 3.7270e+02 3.7036e+02 3.6804e+02 3.6574e+02 3.6346e+02 3.6121e+02 3.5897e+02 3.5675e+02 3.5455e+02 3.5238e+02 3.5022e+02 3.4808e+02 3.4596e+02 3.4386e+02 3.4177e+02 3.3971e+02
2.0801e-01 4.0020e+02 3.9740e+02 3.9464e+02 3.9189e+02 3.8918e+02 3.8649e+02 3.8383e+02 3.8120e+02 3.7858e+02 3.7600e+02 3.7344e+02 3.7090e+02 3.6839e+02 3.6590e+02 3.6344e+02 3.6100e+02 3.5858e+02 3.5619e+02 3.5381e+02 3.5147e+02 3.4914e+02 3.4683e+02 3.4455e+02 3.4229e+02 3.4005e+02 3.3783e+02 3.3563e+02 3.3345e+02 3.3130e+02 3.2916e+02 3.2704e+02 3.2494e+02 3.2286e+02 3.2081e+02 3.1876e+02 3.1674e+02 3.1474e+02 3.1275e+02 3.1079e+02 3.0884e+02 3.0690e+02 3.0499e+02 3.0309e+02 3.0121e+02 2.9935e+02 2.9750e+02 2.9567e+02 2.9385e+02 2.9206e+02 2.9027e+02
2.2553e-01 3.4200e+02 3.3958e+02 3.3718e+02 3.3481e+02 3.3246e+02 3.3013e+02 3.2783e+02 3.2555e+02 3.2329e+02 3.2106e+02 3.1884e+02 3.1665e+02 3.1448e+02 3.1233e+02 3.1020e+02 3.0809e+02 3.0600e+02 3.0393e+02 3.0188e+02 2.9986e+02 2.9785e+02 2.9586e+02 2.9388e+02 2.9193e+02 2.9000e+02 2.8808e+02 2.8618e+02 2.8430e+02 2.8244e+02 2.8060e+02 2.7877e+02 2.7696e+02 2.7517e+02 2.7339e+02 2.7163e+02 2.6988e+02 2.6815e+02 2.6644e+02 2.6475e+02 2.6306e+02 2.6140e+02 2.5975e+02 2.5811e+02 2.5649e+02 2.5489e+02 2.5329e+02 2.5172e+02 2.5015e+02 2.4861e+02 2.4707e+02
2.4453e-01 3.0342e+02 3.0128e+02 2.9916e+02 2.9706e+02 2.9498e+02 2.9292e+02 2.9088e+02 2.8886e+02 2.8686e+02 2.8488e+02 2.8292e+02 2.8097e+02 2.7905e+02 2.7714e+02 2.7525e+02 2.7339e+02 2.7153e+02 2.6970e+02 2.6788e+02 2.6609e+02 2.6430e+02 2.6254e+02 2.6079e+02 2.5906e+02 2.5734e+02 2.5565e+02 2.5396e+02 2.5230e+02 2.5064e+02 2.4901e+02 2.4739e+02 2.4578e+02 2.4419e+02 2.4262e+02 2.4105e+02 2.3951e+02 2.3797e+02 2.3645e+02 2.3495e+02 2.3346e+02 2.3198e+02 2.3051e+02 2.2906e+02 2.2762e+02 2.2620e+02 2.2478e+02 2.2338e+02 2.2199e+02 2.2062e+02 2.1925e+02
2.6512e-01 2.6476e+02 2.6289e+02 2.6104e+02 2.5920e+02 2.5738e+02 2.5557e+02 2.5379e+02 2.5202e+02 2.5026e+02 2.4853e+02 2.4681e+02 2.4510e+02 2.4342e+02 2.4175e+02 2.4009e+02 2.3845e+02 2.3683e+02 2.3522e+02 2.3363e+02 2.3205e+02 2.3049e+02 2.2894e+02 2.2741e+02 2.2589e+02 2.2439e+02 2.2290e+02 2.2143e+02 2.1996e+02 2.1852e+02 2.1708e+02 2.1566e+02 2.1426e+02 2.1286e+02 2.1148e+02 2.1012e+02 2.0876e+02 2.0742e+02 2.0609e+02 2.0477e+02 2.0346e+02 2.0217e+02 2.0088e+02 1.9961e+02 1.9835e+02 1.9710e+02 1.9586e+02 1.9463e+02 1.9341e+02 1.9220e+02 1.9101e+02
2.8746e-01 2.2714e+02 2.2551e+02 2.2389e+02 2.2229e+02 2.2071e+02 2.1914e+02 2.1758e+02 2.1604e+02 2.1452e+02 2.1301e+02 2.1152e+02 2.1004e+02 2.0858e+02 2.0713e+02 2.0569e+02 2.0427e+02 2.0286e+02 2.0146e+02 2.0008e+02 1.9871e+02 1.9736e+02 1.9602e+02 1.9469e+02 1.9337e+02 1.9206e+02 1.9077e+02 1.8949e+02 1.8822e+02 1.8697e+02 1.8572e+02 1.8449e+02 1.8327e+02 1.8206e+02 1.8086e+02 1.7967e+02 1.7850e+02 1.7733e+02 1.7618e+02 1.7504e+02 1.7390e+02 1.7278e+02 1.7167e+02 1.7057e+02 1.6948e+02 1.6840e+02 1.6733e+02 1.6627e+02 1.6522e+02 1.6418e+02 1.6314e+02
3.1167e-01 1.9876e+02 1.9733e+02 1.9591e+02 1.9450e+02 1.9311e+02 1.9173e+02 1.9037e+02 1.8902e+02 1.8769e+02 1.8636e+02 1.8506e+02 1.8376e+02 1.8248e+02 1.8121e+02 1.7995e+02 1.7870e+02 1.7747e+02 1.7625e+02 1.7504e+02 1.7384e+02 1.7265e+02 1.7148e+02 1.7031e+02 1.6916e+02 1.6802e+02 1.6688e+02 1.6576e+02 1.6465e+02 1.6355e+02 1.6246e+02 1.6138e+02 1.6031e+02 1.5925e+02 1.5820e+02 1.5716e+02 1.5612e+02 1.5510e+02 1.5409e+02 1.5309e+02 1.5209e+02 1.5111e+02 1.5014e+02 1.4917e+02 1.4821e+02 1.4727e+02 1.4633e+02 1.4540e+02 1.4448e+02 1.4357e+02 1.4267e+02
3.3792e-01 1.7188e+02 1.7064e+02 1.6941e+02 1.6819e+02 1.6698e+02 1.6578e+02 1.6460e+02 1.6343e+02 1.6226e+02 1.6111e+02 1.5997e+02 1.5884e+02 1.5772e+02 1.5662e+02 1.5552e+02 1.5443e+02 1.5336e+02 1.5229e+02 1.5123e+02 1.5019e+02 1.4915e+02 1.4813e+02 1.4711e+02 1.4611e+02 1.4511e+02 1.4412e+02 1.4315e+02 1.4218e+02 1.4122e+02 1.4027e+02 1.3933e+02 1.3840e+02 1.3747e+02 1.3656e+02 1.3565e+02 1.3476e+02 1.3387e+02 1.3299e+02 1.3211e+02 1.3125e+02 1.3039e+02 1.2954e+02 1.2870e+02 1.2786e+02 1.2704e+02 1.2622e+02 1.2540e+02 1.2460e+02 1.2380e+02 1.2301e+02
3.6639e-01 1.4883e+02 1.4775e+02 1.4668e+02 1.4562e+02 1.4457e+02 1.4353e+02 1.4249e+02 1.4147e+02 1.4046e+02 1.3946e+02 1.3847e+02 1.3748e+02 1.3651e+02 1.3554e+02 1.3459e+02 1.3364e+02 1.3270e+02 1.3177e+02 1.3085e+02 1.2994e+02 1.2904e+02 1.2814e+02 1.2726e+02 1.2638e+02 1.2551e+02 1.2465e+02 1.2380e+02 1.2296e+02 1.2212e+02 1.2129e+02 1.2047e+02 1.1966e+02 1.1885e+02 1.1806e+02 1.1727e+02 1.1648e+02 1.1571e+02 1.1494e+02 1.1418e+02 1.1343e+02 1.1268e+02 1.1194e+02 1.1121e+02 1.1048e+02 1.0976e+02 1.0905e+02 1.0834e+02 1.0764e+02 1.0695e+02 1.0626e+02
3.9725e-01 1.2893e+02 1.2799e+02 1.2706e+02 1.2614e+02 1.2522e+02 1.2432e+02 1.2342e+02 1.2253e+02 1.2165e+02 1.2078e+02 1.1991e+02 1.1906e+02 1.1821e+02 1.1737e+02 1.1654e+02 1.1571e+02 1.1490e+02 1.1409e+02 1.1329e+02 1.1250e+02 1.1171e+02 1.1093e+02 1.1016e+02 1.0940e+02 1.0864e+02 1.0789e+02 1.0715e+02 1.0642e+02 1.0569e+02 1.0497e+02 1.0425e+02 1.0355e+02 1.0284e+02 1.0215e+02 1.0146e+02 1.0078e+02 1.0010e+02 9.9436e+01 9.8773e+01 9.8116e+01 9.7466e+01 9.6821e+01 9.6182e+01 9.5549e+01 9.4921e+01 9.4300e+01 9.3683e+01 9.3073e+01 9.2467e+01 9.1867e+01
4.3071e-01 1.1146e+02 1.1064e+02 1.0983e+02 1.0903e+02 1.0823e+02 1.0745e+02 1.0667e+02 1.0590e+02 1.0513e+02 1.0437e+02 1.0362e+02 1.0288e+02 1.0214e+02 1.0142e+02 1.0069e+02 9.9977e+01 9.9268e+01 9.8565e+01 9.7870e+01 9.7180e+01 9.6498e+01 9.5821e+01 9.5151e+01 9.4487e+01 9.3830e+01 9.3179e+01 9.2533e+01 9.1894e+01 9.1261e+01 9.0634e+01 9.0012e+01 8.9397e+01 8.8787e+01 8.8182e+01 8.7584e+01 8.6991e+01 8.6403e+01 8.5821e+01 8.5244e+01 8.4673e+01 8.4107e+01 8.3546e+01 8.2990e+01 8.2439e+01 8.1893e+01 8.1352e+01 8.0816e+01 8.0285e+01 7.9759e+01 7.9237e+01
4.6699e-01 9.6330e+01 9.5623e+01 9.4923e+01 9.4229e+01 9.3541e+01 9.2860e+01 9.2185e+01 9.1516e+01 9.0854e+01 9.0197e+01 8.9547e+01 8.8902e+01 8.8264e+01 8.7631e+01 8.7005e+01 8.6384e+01 8.5769e+01 8.5159e+01 8.4556e+01 8.3957e+01 8.3365e+01 8.2778e+01 8.2196e+01 8.1620e+01 8.1049e+01 8.0483e+01 7.9923e+01 7.9367e+01 7.8817e+01 7.8272e+01 7.7732e+01 7.7197e+01 7.6667e+01 7.6142e+01 7.5622e+01 7.5107e+01 7.4596e+01 7.4090e+01 7.3589e+01 7.3092e+01 7.2600e+01 7.2112e+01 7.1629e+01 7.1150e+01 7.0676e+01 7.0206e+01 6.9740e+01 6.9278e+01 6.8821e+01 6.8368e+01
5.0632e-01 8.3178e+01 8.2568e+01 8.1963e+01 8.1364e+01 8.0770e+01 8.0182e+01 7.9599e+01 7.9021e+01 7.8448e+01 7.7880e+01 7.7318e+01 7.6761e+01 7.6208e+01 7.5661e+01 7.5119e+01 7.4581e+01 7.4049e+01 7.3521e+01 7.2998e+01 7.2480e+01 7.1967e+01 7.1458e+01 7.0954e+01 7.0455e+01 6.9960e+01 6.9469e+01 6.8984e+01 6.8502e+01 6.8025e+01 6.7553e+01 6.7084e+01 6.6620e+01 6.6161e+01 6.5705e+01 6.5254e+01 6.4807e+01 6.4363e+01 6.3924e+01 6.3489e+01 6.3058e+01 6.2631e+01 6.2207e+01 6.1788e+01 6.1372e+01 6.0960e+01 6.0552e+01 6.0147e+01 5.9746e+01 5.9349e+01 5.8955e+01
5.4897e-01 7.1742e+01 7.1217e+01 7.0697e+01 7.0181e+01 6.9670e+01 6.9163e+01 6.8661e+01 6.8163e+01 6.7669e+01 6.7180e+01 6.6695e+01 6.6214e+01 6.5738e+01 6.5265e+01 6.4797e+01 6.4333e+01 6.3873e+01 6.3418e+01 6.2966e+01 6.2518e+01 6.2074e+01 6.1635e+01 6.1199e+01 6.0767e+01 6.0339e+01 5.9915e+01 5.9495e+01 5.9078e+01 5.8665e+01 5.8256e+01 5.7851e+01 5.7449e+01 5.7051e+01 5.6656e+01 5.6265e+01 5.5878e+01 5.5494e+01 5.5113e+01 5.4736e+01 5.4362e+01 5.3992e+01 5.3625e+01 5.3261e+01 5.2900e+01 5.2543e+01 5.2189e+01 5.1838e+01 5.1490e+01 5.1145e+01 5.0803e+01
5.9521e-01 6.1815e+01 6.1365e+01 6.0920e+01 6.0477e+01 6.0039e+01 5.9604e+01 5.9173e+01 5.8746e+01 5.8322e+01 5.7902e+01 5.7485e+01 5.7072e+01 5.6663e+01 5.6256e+01 5.5854e+01 5.5455e+01 5.5059e+01 5.4666e+01 5.4277e+01 5.3892e+01 5.3510e+01 5.3131e+01 5.2755e+01 5.2382e+01 5.2013e+01 5.1647e+01 5.1284e+01 5.0925e+01 5.0568e+01 5.0215e+01 4.9865e+01 4.9518e+01 4.9173e+01 4.8832e+01 4.8494e+01 4.8159e+01 4.7827e+01 4.7498e+01 4.7171e+01 4.6848e+01 4.6528e+01 4.6210e+01 4.5895e+01 4.5583e+01 4.5274e+01 4.4967e+01 4.4663e+01 4.4362e+01 4.4064e+01 4.3768e+01
6.4535e-01 5.3190e+01 5.2806e+01 5.2426e+01 5.2048e+01 5.1674e+01 5.1303e+01 5.0935e+01 5.0570e+01 5.0207e+01 4.9848e+01 4.9492e+01 4.9138e+01 4.8788e+01 4.8440e+01 4.8095e+01 4.7753e+01 4.7414e+01 4.7077e+01 4.6744e+01 4.6413e+01 4.6084e+01 4.5759e+01 4.5436e+01 4.5116e+01 4.4799e+01 4.4484e+01 4.4172e+01 4.3862e+01 4.3556e+01 4.3251e+01 4.2950e+01 4.2650e+01 4.2354e+01 4.2060e+01 4.1768e+01 4.1479e+01 4.1193e+01 4.0909e+01 4.0627e+01 4.0348e+01 4.0071e+01 3.9797e+01 3.9525e+01 3.9256e+01 3.8989e+01 3.8724e+01 3.8462e+01 3.8202e+01 3.7944e+01 3.7689e+01
6.9971e-01 4.5688e+01 4.5364e+01 4.5043e+01 4.4724e+01 4.4407e+01 4.4093e+01 4.3781e+01 4.3471e+01 4.3163e+01 4.2858e+01 4.2555e+01 4.2254e+01 4.1956e+01 4.1659e+01 4.1365e+01 4.1073e+01 4.0784e+01 4.0497e+01 4.0212e+01 3.9929e+01 3.9648e+01 3.9370e+01 3.9094e+01 3.8820e+01 3.8548e+01 3.8278e+01 3.8011e+01 3.7745e+01 3.7482e+01 3.7221e+01 3.6962e+01 3.6706e+01 3.6451e+01 3.6199e+01 3.5948e+01 3.5700e+01 3.5453e+01 3.5209e+01 3.4967e+01 3.4727e+01 3.4489e+01 3.4252e+01 3.4018e+01 3.3786e+01 3.3556e+01 3.3327e+01 3.3101e+01 3.2876e+01 3.2653e+01 3.2433e+01
7.5865e-01 3.9167e+01 3.8897e+01 3.8627e+01 3.8360e+01 3.8094e+01 3.7829e+01 3.7567e+01 3.7306e+01 3.7046e+01 3.6789e+01 3.6533e+01 3.6279e+01 3.6026e+01 3.5775e+01 3.5526e+01 3.5279e+01 3.5033e+01 3.4789e+01 3.4547e+01 3.4306e+01 3.4068e+01 3.3831e+01 3.3596e+01 3.3362e+01 3.3131e+01 3.2901e+01 3.2673e+01 3.2446e+01 3.2222e+01 3.1999e+01 3.1778e+01 3.1558e+01 3.1341e+01 3.1125e+01 3.0910e+01 3.0698e+01 3.0487e+01 3.0278e+01 3.0070e+01 2.9865e+01 2.9660e+01 2.9458e+01 2.9257e+01 2.9057e+01 2.8860e+01 2.8664e+01 2.8469e+01 2.8276e+01 2.8084e+01 2.7894e+01
8.2255e-01 3.3498e+01 3.3274e+01 3.3050e+01 3.2827e+01 3.2606e+01 3.2386e+01 3.2166e+01 3.1948e+01 3.1732e+01 3.1516e+01 3.1302e+01 3.1089e+01 3.0877e+01 3.0666e+01 3.0457e+01 3.0249e+01 3.0042e+01 2.9836e+01 2.9632e+01 2.9429e+01 2.9228e+01 2.9028e+01 2.8829e+01 2.8631e+01 2.8435e+01 2.8240e+01 2.8047e+01 2.7855e+01 2.7664e+01 2.7475e+01 2.7287e+01 2.7100e+01 2.6915e+01 2.6731e+01 2.6549e+01 2.6367e+01 2.6188e+01 2.6009e+01 2.5832e+01 2.5657e+01 2.5482e+01 2.5309e+01 2.5137e+01 2.4967e+01 2.4798e+01 2.4630e+01 2.4464e+01 2.4299e+01 2.4135e+01 2.3972e+01
8.9184e-01 2.8567e+01 2.8383e+01 2.8199e+01 2.8017e+01 2.7834e+01 2.7653e+01 2.7472e+01 2.7292e+01 2.7112e+01 2.6934e+01 2.6756e+01 2.6579e+01 2.6403e+01 2.6228e+01 2.6053e+01 2.5880e+01 2.5707e+01 2.5536e+01 2.5365e+01 2.5195e+01 2.5027e+01 2.4859e+01 2.4692e+01 2.4526e+01 2.4362e+01 2.4198e+01 2.4035e+01 2.3874e+01 2.3713e+01 2.3553e+01 2.3395e+01 2.3237e+01 2.3081e+01 2.2926e+01 2.2771e+01 2.2618e+01 2.2466e+01 2.2314e+01 2.2164e+01 2.2015e+01 2.1867e+01 2.1720e+01 2.1574e+01 2.1429e+01 2.1285e+01 2.1142e+01 2.1000e+01 2.0859e+01 2.0719e+01 2.0579e+01
9.6696e-01 2.4275e+01 2.4127e+01 2.3979e+01 2.3831e+01 2.3683e+01 2.3536e+01 2.3389e+01 2.3243e+01 2.3096e+01 2.2951e+01 2.2805e+01 2.2660e+01 2.2516e+01 2.2372e+01 2.2228e+01 2.2086e+01 2.1943e+01 2.1802e+01 2.1660e+01 2.1520e+01 2.1380e+01 2.1241e+01 2.1102e+01 2.0965e+01 2.0827e+01 2.0691e+01 2.0555e+01 2.0420e+01 2.0286e+01 2.0152e+01 2.0020e+01 1.9888e+01 1.9756e+01 1.9626e+01 1.9496e+01 1.9367e+01 1.9239e+01 1.9112e+01 1.8986e+01 1.8860e+01 1.8735e+01 1.8611e+01 1.8488e+01 1.8365e+01 1.8244e+01 1.8123e+01 1.8003e+01 1.7883e+01 1.7765e+01 1.7647e+01
1.0484e+00 2.0541e+01 2.0424e+01 2.0306e+01 2.0189e+01 2.0072e+01 1.9954e+01 1.9837e+01 1.9720e+01 1.9603e+01 1.9486e+01 1.9369e+01 1.9252e+01 1.9136e+01 1.9020e+01 1.8904e+01 1.8788e+01 1.8672e+01 1.8557e+01 1.8442e+01 1.8327e+01 1.8213e+01 1.8099e+01 1.7985e+01 1.7872e+01 1.7759e+01 1.7647e+01 1.7535e+01 1.7424e+01 1.7313e+01 1.7202e+01 1.7092e+01 1.6983e+01 1.6874e+01 1.6765e+01 1.6657e+01 1.6550e+01 1.6443e+01 1.6337e+01 1.6231e+01 1.6126e+01 1.6022e+01 1.5918e+01 1.5815e+01 1.5712e+01 1.5610e+01 1.5509e+01 1.5408e+01 1.5308e+01 1.5209e+01 1.5110e+01
1.1367e+00 1.7295e+01 1.7205e+01 1.7114e+01 1.7023e+01 1.6932e+01 1.6841e+01 1.6749e+01 1.6658e+01 1.6566e+01 1.6474e+01 1.6382e+01 1.6290e+01 1.6198e+01 1.6106e+01 1.6013e+01 1.5921e+01 1.5829e+01 1.5737e+01 1.5645e+01 1.5553e+01 1.5461e+01 1.5369e+01 1.5277e+01 1.5186e+01 1.5095e+01 1.5003e+01 1.4913e+01 1.4822e+01 1.4731e+01 1.4641e+01 1.4551e+01 1.4461e+01 1.4372e+01 1.4283e+01 1.4194e+01 1.4106e+01 1.4018e+01 1.3930e+01 1.3843e+01 1.3756e+01 1.3670e+01 1.3584e+01 1.3498e+01 1.3413e+01 1.3328e+01 1.3244e+01 1.3160e+01 1.3077e+01 1.2994e+01 1.2912e+01
1.2325e+00 1.4471e+01 1.4405e+01 1.4338e+01 1.4271e+01 1.4203e+01 1.4135e+01 1.4066e+01 1.3997e+01 1.3928e+01 1.3858e+01 1.3787e+01 1.3717e+01 1.3646e+01 1.3575e+01 1.3503e+01 1.3431e+01 1.3360e+01 1.3287e+01 1.3215e+01 1.3143e+01 1.3070e+01 1.2998e+01 1.2925e+01 1.2853e+01 1.2780e+01 1.2708e+01 1.2635e+01 1.2562e+01 1.2490e+01 1.2418e+01 1.2345e+01 1.2273e+01 1.2201e+01 1.2129e+01 1.2057e+01 1.1986e+01 1.1914e+01 1.1843e+01 1.1772e+01 1.1701e+01 1.1630e+01 1.1560e+01 1.1490e+01 1.1420e+01 1.1350e+01 1.1281e+01 1.1211e+01 1.1142e+01 1.1074e+01 1.1005e+01
1.3363e+00 1.2024e+01 1.1978e+01 1.1932e+01 1.1884e+01 1.1836e+01 1.1787e+01 1.1738e+01 1.1688e+01 1.1638e+01 1.1586e+01 1.1535e+01 1.1483e+01 1.1430e+01 1.1377e+01 1.1323e+01 1.1269e+01 1.1215e+01 1.1161e+01 1.1106e+01 1.1050e+01 1.0995e+01 1.0939e+01 1.0883e+01 1.0827e+01 1.0771e+01 1.0715e+01 1.0658e+01 1.0601e+01 1.0545e+01 1.0488e+01 1.0431e+01 1.0374e+01 1.0317e+01 1.0260e+01 1.0203e+01 1.0146e+01 1.0089e+01 1.0032e+01 9.9748e+00 9.9180e+00 9.8612e+00 9.8044e+00 9.7478e+00 9.6913e+00 9.6348e+00 9.5785e+00 9.5223e+00 9.4662e+00 9.4102e+00 9.3543e+00
1.4488e+00 9.9077e+00 9.8788e+00 9.8491e+00 9.8185e+00 9.7871e+00 9.7549e+00 9.7219e+00 9.6881e+00 9.6537e+00 9.6185e+00 9.5827e+00 9.5463e+00 9.5093e+00 9.4718e+00 9.4336e+00 9.3950e+00 9.3559e+00 9.3163e+00 9.2763e+00 9.2359e+00 9.1950e+00 9.1538e+00 9.1123e+00 9.0704e+00 9.0282e+00 8.9858e+00 8.9430e+00 8.9001e+00 8.8569e+00 8.8135e+00 8.7699e+00 8.7261e+00 8.6821e+00 8.6381e+00 8.5938e+00 8.5495e+00 8.5051e+00 8.4606e+00 8.4160e+00 8.3713e+00 8.3266e+00 8.2819e+00 8.2371e+00 8.1923e+00 8.1474e+00 8.1026e+00 8.0578e+00 8.0129e+00 7.9681e+00 7.9234e+00
1.5709e+00 8.0851e+00 8.0702e+00 8.0543e+00 8.0375e+00 8.0198e+00 8.0012e+00 7.9818e+00 7.9615e+00 7.9405e+00 7.9187e+00 7.8962e+00 7.8730e+00 7.8491e+00 7.8246e+00 7.7994e+00 7.7737e+00 7.7474e+00 7.7205e+00 7.6930e+00 7.6651e+00 7.6367e+00 7.6078e+00 7.5785e+00 7.5488e+00 7.5186e+00 7.4881e+00 7.4572e+00 7.4260e+00 7.3944e+00 7.3626e+00 7.3304e+00 7.2980e+00 7.2653e+00 7.2324e+00 7.1992e+00 7.1658e+00 7.1323e+00 7.0985e+00 7.0646e+00 7.0305e+00 6.9963e+00 6.9619e+00 6.9274e+00 6.8928e+00 6.8581e+00 6.8233e+00 6.7884e+00 6.7535e+00 6.7185e+00 6.6834e+00
1.7032e+00 6.5240e+00 6.5202e+00 6.5154e+00 6.5096e+00 6.5029e+00 6.4954e+00 6.4869e+00 6.4777e+00 6.4676e+00 6.4567e+00 6.4451e+00 6.4327e+00 6.4196e+00 6.4058e+00 6.3913e+00 6.3762e+00 6.3605e+00 6.3442e+00 6.3272e+00 6.3097e+00 6.2917e+00 6.2731e+00 6.2541e+00 6.2345e+00 6.2145e+00 6.1941e+00 6.1732e+00 6.1519e+00 6.1302e+00 6.1081e+00 6.0856e+00 6.0628e+00 6.0397e+00 6.0163e+00 5.9926e+00 5.9685e+00 5.9442e+00 5.9197e+00 5.8949e+00 5.8698e+00 5.8446e+00 5.8191e+00 5.7934e+00 5.7676e+00 5.7416e+00 5.7154e+00 5.6890e+00 5.6625e+00 5.6359e+00 5.6091e+00
1.8467e+00 5.1965e+00 5.2011e+00 5.2048e+00 5.2076e+00 5.2095e+00 5.2105e+00 5.2107e+00 5.2100e+00 5.2086e+00 5.2063e+00 5.2033e+00 5.1995e+00 5.1950e+00 5.1898e+00 5.1839e+00 5.1774e+00 5.1702e+00 5.1624e+00 5.1540e+00 5.1450e+00 5.1354e+00 5.1253e+00 5.1146e+00 5.1034e+00 5.0918e+00 5.0796e+00 5.0670e+00 5.0539e+00 5.0404e+00 5.0264e+00 5.0121e+00 4.9974e+00 4.9823e+00 4.9668e+00 4.9510e+00 4.9348e+00 4.9183e+00 4.9015e+00 4.8844e+00 4.8670e+00 4.8494e+00 4.8314e+00 4.8132e+00 4.7948e+00 4.7762e+00 4.7573e+00 4.7382e+00 4.7189e+00 4.6994e+00 4.6797e+00
2.0022e+00 4.0778e+00 4.0886e+00 4.0985e+00 4.1076e+00 4.1157e+00 4.1231e+00 4.1297e+00 4.1355e+00 4.1405e+00 4.1447e+00 4.1482e+00 4.1510e+00 4.1532e+00 4.1546e+00 4.1554e+00 4.1555e+00 4.1550e+00 4.1538e+00 4.1521e+00 4.1498e+00 4.1469e+00 4.1435e+00 4.1396e+00 4.1351e+00 4.1301e+00 4.1246e+00 4.1186e+00 4.1122e+00 4.1053e+00 4.0980e+00 4.0902e+00 4.0821e+00 4.0735e+00 4.0646e+00 4.0552e+00 4.0456e+00 4.0355e+00 4.0251e+00 4.0144e+00 4.0034e+00 3.9921e+00 3.9804e+00 3.9685e+00 3.9563e+00 3.9438e+00 3.9311e+00 3.9181e+00 3.9049e+00 3.8915e+00 3.8778e+00
2.1709e+00 3.1460e+00 3.1608e+00 3.1747e+00 3.1879e+00 3.2004e+00 3.2121e+00 3.2231e+00 3.2333e+00 3.2429e+00 3.2518e+00 3.2600e+00 3.2675e+00 3.2744e+00 3.2807e+00 3.2863e+00 3.2914e+00 3.2958e+00 3.2997e+00 3.3030e+00 3.3058e+00 3.3080e+00 3.3097e+00 3.3109e+00 3.3115e+00 3.3117e+00 3.3114e+00 3.3106e+00 3.3094e+00 3.3077e+00 3.3056e+00 3.3030e+00 3.3001e+00 3.2967e+00 3.2930e+00 3.2888e+00 3.2843e+00 3.2795e+00 3.2743e+00 3.2687e+00 3.2628e+00 3.2566e+00 3.2501e+00 3.2433e+00 3.2362e+00 3.2288e+00 3.2211e+00 3.2132e+00 3.2050e+00 3.1966e+00 3.1879e+00
2.3537e+00 2.3800e+00 2.3969e+00 2.4131e+00 2.4287e+00 2.4436e+00 2.4579e+00 2.4716e+00 2.4847e+00 2.4971e+00 2.5089e+00 2.5202e+00 2.5308e+00 2.5409e+00 2.5505e+00 2.5594e+00 2.5679e+00 2.5758e+00 2.5831e+00 2.5900e+00 2.5964e+00 2.6022e+00 2.6076e+00 2.6125e+00 2.6169e+00 2.6209e+00 2.6244e+00 2.6275e+00 2.6301e+00 2.6324e+00 2.6342e+00 2.6356e+00 2.6366e+00 2.6372e+00 2.6375e+00 2.6373e+00 2.6369e+00 2.6360e+00 2.6348e+00 2.6333e+00 2.6315e+00 2.6293e+00 2.6269e+00 2.6241e+00 2.6211e+00 2.6177e+00 2.6141e+00 2.6102e+00 2.6061e+00 2.6017e+00 2.5970e+00
2.5520e+00 1.7597e+00 1.7774e+00 1.7945e+00 1.8111e+00 1.8271e+00 1.8426e+00 1.8575e+00 1.8720e+00 1.8859e+00 1.8993e+00 1.9122e+00 1.9246e+00 1.9365e+00 1.9480e+00 1.9589e+00 1.9694e+00 1.9794e+00 1.9890e+00 1.9981e+00 2.0067e+00 2.0150e+00 2.0228e+00 2.0301e+00 2.0371e+00 2.0437e+00 2.0498e+00 2.0556e+00 2.0609e+00 2.0659e+00 2.0705e+00 2.0747e+00 2.0786e+00 2.0821e+00 2.0853e+00 2.0881e+00 2.0906e+00 2.0928e+00 2.0946e+00 2.0961e+00 2.0973e+00 2.0982e+00 2.0988e+00 2.0991e+00 2.0992e+00 2.0989e+00 2.0984e+00 2.0976e+00 2.0966e+00 2.0953e+00 2.0938e+00
2.7669e+00 1.2666e+00 1.2839e+00 1.3007e+00 1.3171e+00 1.3330e+00 1.3486e+00 1.3637e+00 1.3784e+00 1.3926e+00 1.4065e+00 1.4199e+00 1.4329e+00 1.4456e+00 1.4578e+00 1.4696e+00 1.4810e+00 1.4921e+00 1.5028e+00 1.5130e+00 1.5230e+00 1.5325e+00 1.5417e+00 1.5505e+00 1.5589e+00 1.5670e+00 1.5748e+00 1.5822e+00 1.5892e+00 1.5960e+00 1.6024e+00 1.6084e+00 1.6142e+00 1.6196e+00 1.6247e+00 1.6296e+00 1.6341e+00 1.6383e+00 1.6422e+00 1.6459e+00 1.6492e+00 1.6523e+00 1.6552e+00 1.6577e+00 1.6600e+00 1.6621e+00 1.6639e+00 1.6654e+00 1.6667e+00 1.6678e+00 1.6687e+00
3.0000e+00 8.8235e-01 8.9842e-01 9.1416e-01 9.2956e-01 9.4464e-01 9.5938e-01 9.7380e-01 9.8789e-01 1.0016e+00 1.0151e+00 1.0282e+00 1.0410e+00 1.0535e+00 1.0656e+00 1.0775e+00 1.0890e+00 1.1002e+00 1.1111e+00 1.1217e+00 1.1320e+00 1.1420e+00 1.1517e+00 1.1610e+00 1.1701e+00 1.1789e+00 1.1874e+00 1.1956e+00 1.2036e+00 1.2112e+00 1.2186e+00 1.2257e+00 1.2325e+00 1.2390e+00 1.2453e+00 1.2513e+00 1.2571e+00 1.2626e+00 1.2678e+00 1.2728e+00 1.2776e+00 1.2821e+00 1.2863e+00 1.2904e+00 1.2942e+00 1.2978e+00 1.3011e+00 1.3043e+00 1.3072e+00 1.3099e+00 1.3124e+00
