# dimensionless total [l(l+1)/2pi] C_l's
# for l=2 to 3000, i.e. number of multipoles equal to 2999
#
# -> if you prefer output in CAMB/HealPix/LensPix units/order, set 'format' to 'camb' in input file
# -> if you don't want to see such a header, set 'headers' to 'no' in input file
#
# 1:l     2:dens[1]-dens[1]    
    2       7.020828512630e-03 
    3       1.403681163092e-02 
    4       2.314332805534e-02 
    5       3.404102695789e-02 
    6       4.642083498891e-02 
    7       6.002055432204e-02 
    8       7.465738293035e-02 
    9       9.023370660203e-02 
   10       1.067207931115e-01 
   11       1.241292056944e-01 
   12       1.424747749622e-01 
   13       1.617474219205e-01 
   14       1.818871462941e-01 
   15       2.027708472426e-01 
   16       2.242119609089e-01 
   17       2.459745455523e-01 
   18       2.678007882069e-01 
   19       2.894479293281e-01 
   20       3.107271535614e-01 
   21       3.315357596068e-01 
   22       3.518747104318e-01 
   23       3.718470210412e-01 
   24       3.916383122533e-01 
   25       4.114832280226e-01 
   26       4.316261902123e-01 
   27       4.522826840081e-01 
   28       4.736072379632e-01 
   29       4.956707193339e-01 
   30       5.184483035674e-01 
   31       5.418191386106e-01 
   32       5.655767409351e-01 
   33       5.894514995583e-01 
   34       6.131426054896e-01 
   35       6.363572329417e-01 
   36       6.588511972448e-01 
   37       6.804639528026e-01 
   38       7.011425745315e-01 
   39       7.209486606079e-01 
   40       7.400482568966e-01 
   41       7.586866396254e-01 
   42       7.771524529387e-01 
   43       7.957390933380e-01 
   44       8.147073630970e-01 
   45       8.342554628860e-01 
   46       8.544984412952e-01 
   47       8.754573475889e-01 
   48       8.970597300234e-01 
   49       9.191493257321e-01 
   50       9.415046013250e-01 
   51       9.638652902728e-01 
   52       9.859628536901e-01 
   53       1.007552731578e+00 
   54       1.028444241975e+00 
   55       1.048522367303e+00 
   56       1.067760505781e+00 
   57       1.086220899009e+00 
   58       1.104042901804e+00 
   59       1.121423070032e+00 
   60       1.138588693187e+00 
   61       1.155769096110e+00 
   62       1.173169969728e+00 
   63       1.190951540444e+00 
   64       1.209213031669e+00 
   65       1.227986143441e+00 
   66       1.247234585818e+00 
   67       1.266861084720e+00 
   68       1.286721408213e+00 
   69       1.306641774106e+00 
   70       1.326439025575e+00 
   71       1.345942258865e+00 
   72       1.365011275931e+00 
   73       1.383550684275e+00 
   74       1.401519447457e+00 
   75       1.418932281323e+00 
   76       1.435854602932e+00 
   77       1.452392570171e+00 
   78       1.468679393694e+00 
   79       1.484854660967e+00 
   80       1.501058327702e+00 
   81       1.517398744182e+00 
   82       1.533967168711e+00 
   83       1.550801166156e+00 
   84       1.567912066733e+00 
   85       1.585260978834e+00 
   86       1.602785524412e+00 
   87       1.620395371560e+00 
   88       1.637988446188e+00 
   89       1.655466173702e+00 
   90       1.672733358513e+00 
   91       1.689724436268e+00 
   92       1.706388980775e+00 
   93       1.722717321221e+00 
   94       1.738718906150e+00 
   95       1.754436976671e+00 
   96       1.769929237183e+00 
   97       1.785266809879e+00 
   98       1.800525405934e+00 
   99       1.815772574167e+00 
  100       1.831070167552e+00 
  101       1.846455468873e+00 
  102       1.861953486110e+00 
  103       1.877561760083e+00 
  104       1.893264930919e+00 
  105       1.909027486070e+00 
  106       1.924805316094e+00 
  107       1.940548618306e+00 
  108       1.956206248152e+00 
  109       1.971736677178e+00 
  110       1.987103571614e+00 
  111       2.002288127257e+00 
  112       2.017280264219e+00 
  113       2.032089320398e+00 
  114       2.046732814522e+00 
  115       2.061239105999e+00 
  116       2.075641144902e+00 
  117       2.089974925190e+00 
  118       2.104275452466e+00 
  119       2.118565706207e+00 
  120       2.132866242937e+00 
  121       2.147193684098e+00 
  122       2.161545461678e+00 
  123       2.175913306826e+00 
  124       2.190286089913e+00 
  125       2.204644012449e+00 
  126       2.218963698399e+00 
  127       2.233221946019e+00 
  128       2.247401953728e+00 
  129       2.261487712145e+00 
  130       2.275465469861e+00 
  131       2.289334435104e+00 
  132       2.303097193871e+00 
  133       2.316758295747e+00 
  134       2.330330239909e+00 
  135       2.343828124495e+00 
  136       2.357267129154e+00 
  137       2.370660450501e+00 
  138       2.384021169886e+00 
  139       2.397360865794e+00 
  140       2.410683265980e+00 
  141       2.423989955912e+00 
  142       2.437280958417e+00 
  143       2.450550383834e+00 
  144       2.463790330530e+00 
  145       2.476992419972e+00 
  146       2.490148383749e+00 
  147       2.503249506011e+00 
  148       2.516287758232e+00 
  149       2.529259940297e+00 
  150       2.542163912548e+00 
  151       2.554998455439e+00 
  152       2.567766888246e+00 
  153       2.580473780192e+00 
  154       2.593124090176e+00 
  155       2.605724025207e+00 
  156       2.618280260836e+00 
  157       2.630798894188e+00 
  158       2.643283030471e+00 
  159       2.655734978594e+00 
  160       2.668157007131e+00 
  161       2.680550539699e+00 
  162       2.692913666980e+00 
  163       2.705243408349e+00 
  164       2.717536487499e+00 
  165       2.729789611901e+00 
  166       2.742000351823e+00 
  167       2.754166325178e+00 
  168       2.766284913260e+00 
  169       2.778353994546e+00 
  170       2.790374226518e+00 
  171       2.802346947210e+00 
  172       2.814273451389e+00 
  173       2.826155217342e+00 
  174       2.837994612651e+00 
  175       2.849794242789e+00 
  176       2.861556726237e+00 
  177       2.873284388535e+00 
  178       2.884978319312e+00 
  179       2.896639236547e+00 
  180       2.908267782095e+00 
  181       2.919864297477e+00 
  182       2.931428136399e+00 
  183       2.942958293184e+00 
  184       2.954453616567e+00 
  185       2.965912969936e+00 
  186       2.977335732592e+00 
  187       2.988721331246e+00 
  188       3.000069077481e+00 
  189       3.011378445947e+00 
  190       3.022649937993e+00 
  191       3.033884278602e+00 
  192       3.045082139800e+00 
  193       3.056244226062e+00 
  194       3.067371541129e+00 
  195       3.078465137816e+00 
  196       3.089526031323e+00 
  197       3.100555094846e+00 
  198       3.111552740872e+00 
  199       3.122519213947e+00 
  200       3.133454689872e+00 
  201       3.144359273981e+00 
  202       3.155232985537e+00 
  203       3.166075713213e+00 
  204       3.176887253134e+00 
  205       3.187667320743e+00 
  206       3.198415549045e+00 
  207       3.209131634248e+00 
  208       3.219815787582e+00 
  209       3.230468311482e+00 
  210       3.241089453678e+00 
  211       3.251679405850e+00 
  212       3.262238377372e+00 
  213       3.272766824905e+00 
  214       3.283265235786e+00 
  215       3.293734053208e+00 
  216       3.304173675067e+00 
  217       3.314584440650e+00 
  218       3.324966592072e+00 
  219       3.335320308069e+00 
  220       3.345645714764e+00 
  221       3.355942884493e+00 
  222       3.366211862833e+00 
  223       3.376452754059e+00 
  224       3.386665638953e+00 
  225       3.396850545999e+00 
  226       3.407007450277e+00 
  227       3.417136341512e+00 
  228       3.427237435322e+00 
  229       3.437310973232e+00 
  230       3.447357153780e+00 
  231       3.457376131570e+00 
  232       3.467368060070e+00 
  233       3.477333224925e+00 
  234       3.487271917091e+00 
  235       3.497184388988e+00 
  236       3.507070853648e+00 
  237       3.516931483863e+00 
  238       3.526766430193e+00 
  239       3.536575877938e+00 
  240       3.546359991966e+00 
  241       3.556118897364e+00 
  242       3.565852678628e+00 
  243       3.575561378851e+00 
  244       3.585245041369e+00 
  245       3.594903839083e+00 
  246       3.604537951207e+00 
  247       3.614147520784e+00 
  248       3.623732653956e+00 
  249       3.633293419243e+00 
  250       3.642829890559e+00 
  251       3.652342280525e+00 
  252       3.661830813441e+00 
  253       3.671295681601e+00 
  254       3.680737044648e+00 
  255       3.690155028932e+00 
  256       3.699549750920e+00 
  257       3.708921390203e+00 
  258       3.718270119357e+00 
  259       3.727596079672e+00 
  260       3.736899380551e+00 
  261       3.746180098915e+00 
  262       3.755438305730e+00 
  263       3.764674148443e+00 
  264       3.773887771928e+00 
  265       3.783079291222e+00 
  266       3.792248790970e+00 
  267       3.801396324881e+00 
  268       3.810521946604e+00 
  269       3.819625805354e+00 
  270       3.828708054370e+00 
  271       3.837768819452e+00 
  272       3.846808198465e+00 
  273       3.855826260839e+00 
  274       3.864823075593e+00 
  275       3.873798798076e+00 
  276       3.882753586831e+00 
  277       3.891687575036e+00 
  278       3.900600870046e+00 
  279       3.909493552947e+00 
  280       3.918365678096e+00 
  281       3.927217300233e+00 
  282       3.936048558277e+00 
  283       3.944859594954e+00 
  284       3.953650529222e+00 
  285       3.962421455856e+00 
  286       3.971172445040e+00 
  287       3.979903541954e+00 
  288       3.988614793992e+00 
  289       3.997306334767e+00 
  290       4.005978303524e+00 
  291       4.014630817518e+00 
  292       4.023263971649e+00 
  293       4.031877838085e+00 
  294       4.040472465896e+00 
  295       4.049047906315e+00 
  296       4.057604290680e+00 
  297       4.066141755590e+00 
  298       4.074660417283e+00 
  299       4.083160371294e+00 
  300       4.091641692123e+00 
  301       4.100104432896e+00 
  302       4.108548648077e+00 
  303       4.116974463480e+00 
  304       4.125382008955e+00 
  305       4.133771395339e+00 
  306       4.142142714153e+00 
  307       4.150496037296e+00 
  308       4.158831416739e+00 
  309       4.167148906712e+00 
  310       4.175448632064e+00 
  311       4.183730722508e+00 
  312       4.191995290141e+00 
  313       4.200242429164e+00 
  314       4.208472215608e+00 
  315       4.216684707051e+00 
  316       4.224879942348e+00 
  317       4.233057964346e+00 
  318       4.241218889781e+00 
  319       4.249362842033e+00 
  320       4.257489928168e+00 
  321       4.265600238685e+00 
  322       4.273693847265e+00 
  323       4.281770810522e+00 
  324       4.289831167755e+00 
  325       4.297874961347e+00 
  326       4.305902299493e+00 
  327       4.313913295778e+00 
  328       4.321908048554e+00 
  329       4.329886640711e+00 
  330       4.337849139451e+00 
  331       4.345795596061e+00 
  332       4.353726045685e+00 
  333       4.361640526144e+00 
  334       4.369539135767e+00 
  335       4.377421977629e+00 
  336       4.385289140532e+00 
  337       4.393140698796e+00 
  338       4.400976712053e+00 
  339       4.408797225045e+00 
  340       4.416602267411e+00 
  341       4.424391871554e+00 
  342       4.432166127498e+00 
  343       4.439925129957e+00 
  344       4.447668960292e+00 
  345       4.455397686318e+00 
  346       4.463111362124e+00 
  347       4.470810027877e+00 
  348       4.478493709642e+00 
  349       4.486162437495e+00 
  350       4.493816301106e+00 
  351       4.501455396095e+00 
  352       4.509079805775e+00 
  353       4.516689600970e+00 
  354       4.524284839858e+00 
  355       4.531865567790e+00 
  356       4.539431817130e+00 
  357       4.546983607076e+00 
  358       4.554520962287e+00 
  359       4.562043969913e+00 
  360       4.569552724539e+00 
  361       4.577047309456e+00 
  362       4.584527796503e+00 
  363       4.591994245922e+00 
  364       4.599446706201e+00 
  365       4.606885213922e+00 
  366       4.614309793614e+00 
  367       4.621720474215e+00 
  368       4.629117339511e+00 
  369       4.636500479395e+00 
  370       4.643869973290e+00 
  371       4.651225890010e+00 
  372       4.658568287626e+00 
  373       4.665897213323e+00 
  374       4.673212703268e+00 
  375       4.680514782471e+00 
  376       4.687803480136e+00 
  377       4.695078876650e+00 
  378       4.702341058141e+00 
  379       4.709590101025e+00 
  380       4.716826071883e+00 
  381       4.724049027334e+00 
  382       4.731259013918e+00 
  383       4.738456067962e+00 
  384       4.745640215466e+00 
  385       4.752811485776e+00 
  386       4.759969953463e+00 
  387       4.767115697779e+00 
  388       4.774248788888e+00 
  389       4.781369287745e+00 
  390       4.788477245990e+00 
  391       4.795572705830e+00 
  392       4.802655699927e+00 
  393       4.809726251288e+00 
  394       4.816784386557e+00 
  395       4.823830176674e+00 
  396       4.830863697494e+00 
  397       4.837885016411e+00 
  398       4.844894192255e+00 
  399       4.851891275186e+00 
  400       4.858876306597e+00 
  401       4.865849319007e+00 
  402       4.872810335960e+00 
  403       4.879759371921e+00 
  404       4.886696445777e+00 
  405       4.893621622073e+00 
  406       4.900534971056e+00 
  407       4.907436555114e+00 
  408       4.914326428682e+00 
  409       4.921204638151e+00 
  410       4.928071221775e+00 
  411       4.934926209577e+00 
  412       4.941769623257e+00 
  413       4.948601476099e+00 
  414       4.955421785580e+00 
  415       4.962230611866e+00 
  416       4.969028020483e+00 
  417       4.975814069656e+00 
  418       4.982588810223e+00 
  419       4.989352285553e+00 
  420       4.996104531461e+00 
  421       5.002845576125e+00 
  422       5.009575440002e+00 
  423       5.016294135741e+00 
  424       5.023001680118e+00 
  425       5.029698130434e+00 
  426       5.036383549197e+00 
  427       5.043057992146e+00 
  428       5.049721508172e+00 
  429       5.056374139245e+00 
  430       5.063015920339e+00 
  431       5.069646879354e+00 
  432       5.076267037039e+00 
  433       5.082876406920e+00 
  434       5.089475007045e+00 
  435       5.096062895820e+00 
  436       5.102640137223e+00 
  437       5.109206789023e+00 
  438       5.115762902710e+00 
  439       5.122308523426e+00 
  440       5.128843689898e+00 
  441       5.135368434370e+00 
  442       5.141882782530e+00 
  443       5.148386753450e+00 
  444       5.154880359509e+00 
  445       5.161363617674e+00 
  446       5.167836583868e+00 
  447       5.174299319585e+00 
  448       5.180751880594e+00 
  449       5.187194316869e+00 
  450       5.193626672535e+00 
  451       5.200048985799e+00 
  452       5.206461288895e+00 
  453       5.212863608019e+00 
  454       5.219255963270e+00 
  455       5.225638368585e+00 
  456       5.232010841473e+00 
  457       5.238373432687e+00 
  458       5.244726197372e+00 
  459       5.251069185310e+00 
  460       5.257402440857e+00 
  461       5.263726002893e+00 
  462       5.270039904761e+00 
  463       5.276344174212e+00 
  464       5.282638833352e+00 
  465       5.288923898585e+00 
  466       5.295199380554e+00 
  467       5.301465293834e+00 
  468       5.307721686432e+00 
  469       5.313968611096e+00 
  470       5.320206115599e+00 
  471       5.326434242690e+00 
  472       5.332653030045e+00 
  473       5.338862510214e+00 
  474       5.345062710572e+00 
  475       5.351253653270e+00 
  476       5.357435355182e+00 
  477       5.363607827852e+00 
  478       5.369771077451e+00 
  479       5.375925114372e+00 
  480       5.382069982452e+00 
  481       5.388205730544e+00 
  482       5.394332402891e+00 
  483       5.400450039088e+00 
  484       5.406558674033e+00 
  485       5.412658337881e+00 
  486       5.418749056002e+00 
  487       5.424830848931e+00 
  488       5.430903732326e+00 
  489       5.436967716920e+00 
  490       5.443022808478e+00 
  491       5.449069016904e+00 
  492       5.455106383957e+00 
  493       5.461134956268e+00 
  494       5.467154776215e+00 
  495       5.473165881890e+00 
  496       5.479168307048e+00 
  497       5.485162081075e+00 
  498       5.491147228941e+00 
  499       5.497123771162e+00 
  500       5.503091723759e+00 
  501       5.509051098215e+00 
  502       5.515001901436e+00 
  503       5.520944144556e+00 
  504       5.526877869711e+00 
  505       5.532803123958e+00 
  506       5.538719950465e+00 
  507       5.544628388468e+00 
  508       5.550528473241e+00 
  509       5.556420236055e+00 
  510       5.562303704143e+00 
  511       5.568178900663e+00 
  512       5.574045844660e+00 
  513       5.579904551032e+00 
  514       5.585755030489e+00 
  515       5.591597289522e+00 
  516       5.597431338671e+00 
  517       5.603257217684e+00 
  518       5.609074970995e+00 
  519       5.614884639450e+00 
  520       5.620686260269e+00 
  521       5.626479867015e+00 
  522       5.632265489564e+00 
  523       5.638043154064e+00 
  524       5.643812882912e+00 
  525       5.649574694711e+00 
  526       5.655328604247e+00 
  527       5.661074622446e+00 
  528       5.666812756349e+00 
  529       5.672543016374e+00 
  530       5.678265438394e+00 
  531       5.683980062206e+00 
  532       5.689686924249e+00 
  533       5.695386057582e+00 
  534       5.701077491847e+00 
  535       5.706761253245e+00 
  536       5.712437364504e+00 
  537       5.718105844848e+00 
  538       5.723766709968e+00 
  539       5.729419971991e+00 
  540       5.735065639452e+00 
  541       5.740703717265e+00 
  542       5.746334213856e+00 
  543       5.751957162847e+00 
  544       5.757572601900e+00 
  545       5.763180565570e+00 
  546       5.768781085283e+00 
  547       5.774374189310e+00 
  548       5.779959902733e+00 
  549       5.785538247426e+00 
  550       5.791109242023e+00 
  551       5.796672901893e+00 
  552       5.802229239113e+00 
  553       5.807778262438e+00 
  554       5.813319977281e+00 
  555       5.818854385678e+00 
  556       5.824381493547e+00 
  557       5.829901332703e+00 
  558       5.835413939367e+00 
  559       5.840919346907e+00 
  560       5.846417585822e+00 
  561       5.851908683711e+00 
  562       5.857392665253e+00 
  563       5.862869552182e+00 
  564       5.868339363261e+00 
  565       5.873802114260e+00 
  566       5.879257817931e+00 
  567       5.884706483983e+00 
  568       5.890148119062e+00 
  569       5.895582726719e+00 
  570       5.901010314012e+00 
  571       5.906430911522e+00 
  572       5.911844553795e+00 
  573       5.917251272753e+00 
  574       5.922651097671e+00 
  575       5.928044055151e+00 
  576       5.933430169107e+00 
  577       5.938809460738e+00 
  578       5.944181948509e+00 
  579       5.949547648127e+00 
  580       5.954906572523e+00 
  581       5.960258731826e+00 
  582       5.965604133346e+00 
  583       5.970942781545e+00 
  584       5.976274684225e+00 
  585       5.981599871269e+00 
  586       5.986918376318e+00 
  587       5.992230230598e+00 
  588       5.997535462897e+00 
  589       6.002834099545e+00 
  590       6.008126164399e+00 
  591       6.013411678816e+00 
  592       6.018690661640e+00 
  593       6.023963129181e+00 
  594       6.029229095194e+00 
  595       6.034488570858e+00 
  596       6.039741564761e+00 
  597       6.044988082877e+00 
  598       6.050228128549e+00 
  599       6.055461708222e+00 
  600       6.060688848854e+00 
  601       6.065909580891e+00 
  602       6.071123932535e+00 
  603       6.076331929720e+00 
  604       6.081533596100e+00 
  605       6.086728953030e+00 
  606       6.091918019548e+00 
  607       6.097100812356e+00 
  608       6.102277345804e+00 
  609       6.107447631872e+00 
  610       6.112611680154e+00 
  611       6.117769497837e+00 
  612       6.122921089685e+00 
  613       6.128066458022e+00 
  614       6.133205608133e+00 
  615       6.138338564634e+00 
  616       6.143465355455e+00 
  617       6.148586006441e+00 
  618       6.153700541337e+00 
  619       6.158808981769e+00 
  620       6.163911347233e+00 
  621       6.169007655074e+00 
  622       6.174097920475e+00 
  623       6.179182156436e+00 
  624       6.184260373762e+00 
  625       6.189332581046e+00 
  626       6.194398784654e+00 
  627       6.199458988705e+00 
  628       6.204513195062e+00 
  629       6.209561408665e+00 
  630       6.214603653727e+00 
  631       6.219639957886e+00 
  632       6.224670346866e+00 
  633       6.229694844465e+00 
  634       6.234713472540e+00 
  635       6.239726250993e+00 
  636       6.244733197756e+00 
  637       6.249734328779e+00 
  638       6.254729658010e+00 
  639       6.259719197390e+00 
  640       6.264702956830e+00 
  641       6.269680944201e+00 
  642       6.274653165318e+00 
  643       6.279619623929e+00 
  644       6.284580321697e+00 
  645       6.289535263293e+00 
  646       6.294484471835e+00 
  647       6.299427973772e+00 
  648       6.304365793790e+00 
  649       6.309297954810e+00 
  650       6.314224477963e+00 
  651       6.319145382586e+00 
  652       6.324060686205e+00 
  653       6.328970404526e+00 
  654       6.333874551416e+00 
  655       6.338773138897e+00 
  656       6.343666177127e+00 
  657       6.348553674392e+00 
  658       6.353435637092e+00 
  659       6.358312069727e+00 
  660       6.363182974884e+00 
  661       6.368048357828e+00 
  662       6.372908240407e+00 
  663       6.377762647428e+00 
  664       6.382611602071e+00 
  665       6.387455125876e+00 
  666       6.392293238734e+00 
  667       6.397125958873e+00 
  668       6.401953302846e+00 
  669       6.406775285523e+00 
  670       6.411591920078e+00 
  671       6.416403217974e+00 
  672       6.421209188957e+00 
  673       6.426009841039e+00 
  674       6.430805180493e+00 
  675       6.435595211834e+00 
  676       6.440379937813e+00 
  677       6.445159359402e+00 
  678       6.449933480251e+00 
  679       6.454702320163e+00 
  680       6.459465901887e+00 
  681       6.464224246663e+00 
  682       6.468977374217e+00 
  683       6.473725302745e+00 
  684       6.478468048910e+00 
  685       6.483205627825e+00 
  686       6.487938053045e+00 
  687       6.492665336558e+00 
  688       6.497387488773e+00 
  689       6.502104518510e+00 
  690       6.506816432989e+00 
  691       6.511523237822e+00 
  692       6.516224936998e+00 
  693       6.520921532880e+00 
  694       6.525613026185e+00 
  695       6.530299420320e+00 
  696       6.534980734472e+00 
  697       6.539656990773e+00 
  698       6.544328209968e+00 
  699       6.548994411416e+00 
  700       6.553655613073e+00 
  701       6.558311831487e+00 
  702       6.562963081789e+00 
  703       6.567609377679e+00 
  704       6.572250731421e+00 
  705       6.576887153835e+00 
  706       6.581518654281e+00 
  707       6.586145240659e+00 
  708       6.590766919389e+00 
  709       6.595383695413e+00 
  710       6.599995572175e+00 
  711       6.604602551621e+00 
  712       6.609204634183e+00 
  713       6.613801822946e+00 
  714       6.618394136244e+00 
  715       6.622981595305e+00 
  716       6.627564220091e+00 
  717       6.632142029285e+00 
  718       6.636715040292e+00 
  719       6.641283269222e+00 
  720       6.645846730886e+00 
  721       6.650405438788e+00 
  722       6.654959405115e+00 
  723       6.659508640730e+00 
  724       6.664053155160e+00 
  725       6.668592956596e+00 
  726       6.673128051874e+00 
  727       6.677658446476e+00 
  728       6.682184144515e+00 
  729       6.686705148731e+00 
  730       6.691221460481e+00 
  731       6.695733083347e+00 
  732       6.700240034063e+00 
  733       6.704742331789e+00 
  734       6.709239994508e+00 
  735       6.713733039018e+00 
  736       6.718221480925e+00 
  737       6.722705334634e+00 
  738       6.727184613343e+00 
  739       6.731659329036e+00 
  740       6.736129492473e+00 
  741       6.740595113184e+00 
  742       6.745056199463e+00 
  743       6.749512758357e+00 
  744       6.753964795662e+00 
  745       6.758412315913e+00 
  746       6.762855322378e+00 
  747       6.767293817050e+00 
  748       6.771727800638e+00 
  749       6.776157276091e+00 
  750       6.780582259241e+00 
  751       6.785002768351e+00 
  752       6.789418820597e+00 
  753       6.793830432064e+00 
  754       6.798237617739e+00 
  755       6.802640391501e+00 
  756       6.807038766117e+00 
  757       6.811432753237e+00 
  758       6.815822363382e+00 
  759       6.820207605941e+00 
  760       6.824588489165e+00 
  761       6.828965020158e+00 
  762       6.833337204869e+00 
  763       6.837705048091e+00 
  764       6.842068553448e+00 
  765       6.846427723390e+00 
  766       6.850782559189e+00 
  767       6.855133060930e+00 
  768       6.859479230926e+00 
  769       6.863821084054e+00 
  770       6.868158637605e+00 
  771       6.872491907867e+00 
  772       6.876820910128e+00 
  773       6.881145658662e+00 
  774       6.885466166727e+00 
  775       6.889782446557e+00 
  776       6.894094509357e+00 
  777       6.898402365299e+00 
  778       6.902706023511e+00 
  779       6.907005492074e+00 
  780       6.911300778018e+00 
  781       6.915591887311e+00 
  782       6.919878824856e+00 
  783       6.924161594486e+00 
  784       6.928440198955e+00 
  785       6.932714639933e+00 
  786       6.936984918001e+00 
  787       6.941251035836e+00 
  788       6.945513007839e+00 
  789       6.949770850672e+00 
  790       6.954024580079e+00 
  791       6.958274210881e+00 
  792       6.962519756969e+00 
  793       6.966761231299e+00 
  794       6.970998645887e+00 
  795       6.975232011803e+00 
  796       6.979461339166e+00 
  797       6.983686637139e+00 
  798       6.987907913924e+00 
  799       6.992125176752e+00 
  800       6.996338431885e+00 
  801       7.000547684605e+00 
  802       7.004752939209e+00 
  803       7.008954199009e+00 
  804       7.013151466317e+00 
  805       7.017344742449e+00 
  806       7.021534027713e+00 
  807       7.025719324369e+00 
  808       7.029900645551e+00 
  809       7.034078006496e+00 
  810       7.038251421590e+00 
  811       7.042420904364e+00 
  812       7.046586467486e+00 
  813       7.050748122762e+00 
  814       7.054905881126e+00 
  815       7.059059752639e+00 
  816       7.063209746480e+00 
  817       7.067355870944e+00 
  818       7.071498133438e+00 
  819       7.075636540473e+00 
  820       7.079771097659e+00 
  821       7.083901809706e+00 
  822       7.088028680411e+00 
  823       7.092151712658e+00 
  824       7.096270908412e+00 
  825       7.100386268716e+00 
  826       7.104497793681e+00 
  827       7.108605485326e+00 
  828       7.112709356138e+00 
  829       7.116809420654e+00 
  830       7.120905692625e+00 
  831       7.124998185016e+00 
  832       7.129086910001e+00 
  833       7.133171878957e+00 
  834       7.137253102460e+00 
  835       7.141330590283e+00 
  836       7.145404351389e+00 
  837       7.149474393925e+00 
  838       7.153540725224e+00 
  839       7.157603351793e+00 
  840       7.161662279315e+00 
  841       7.165717512640e+00 
  842       7.169769055781e+00 
  843       7.173816911915e+00 
  844       7.177861083371e+00 
  845       7.181901571631e+00 
  846       7.185938377323e+00 
  847       7.189971500218e+00 
  848       7.194000942019e+00 
  849       7.198026714799e+00 
  850       7.202048832699e+00 
  851       7.206067309145e+00 
  852       7.210082156843e+00 
  853       7.214093387774e+00 
  854       7.218101013190e+00 
  855       7.222105043613e+00 
  856       7.226105488827e+00 
  857       7.230102357879e+00 
  858       7.234095659068e+00 
  859       7.238085399950e+00 
  860       7.242071587324e+00 
  861       7.246054227238e+00 
  862       7.250033324978e+00 
  863       7.254008885067e+00 
  864       7.257980911260e+00 
  865       7.261949406543e+00 
  866       7.265914373124e+00 
  867       7.269875812433e+00 
  868       7.273833725116e+00 
  869       7.277788111034e+00 
  870       7.281738971802e+00 
  871       7.285686318484e+00 
  872       7.289630164021e+00 
  873       7.293570520694e+00 
  874       7.297507400116e+00 
  875       7.301440813233e+00 
  876       7.305370770319e+00 
  877       7.309297280972e+00 
  878       7.313220354111e+00 
  879       7.317139997972e+00 
  880       7.321056220104e+00 
  881       7.324969027366e+00 
  882       7.328878425926e+00 
  883       7.332784421252e+00 
  884       7.336687018114e+00 
  885       7.340586220576e+00 
  886       7.344482031997e+00 
  887       7.348374455022e+00 
  888       7.352263491584e+00 
  889       7.356149142896e+00 
  890       7.360031409451e+00 
  891       7.363910291016e+00 
  892       7.367785789067e+00 
  893       7.371657914141e+00 
  894       7.375526678596e+00 
  895       7.379392094184e+00 
  896       7.383254172044e+00 
  897       7.387112922704e+00 
  898       7.390968356073e+00 
  899       7.394820481440e+00 
  900       7.398669307471e+00 
  901       7.402514842205e+00 
  902       7.406357093053e+00 
  903       7.410196066791e+00 
  904       7.414031769560e+00 
  905       7.417864206862e+00 
  906       7.421693383556e+00 
  907       7.425519303856e+00 
  908       7.429341971327e+00 
  909       7.433161388883e+00 
  910       7.436977558783e+00 
  911       7.440790482627e+00 
  912       7.444600161354e+00 
  913       7.448406595238e+00 
  914       7.452209783887e+00 
  915       7.456009728540e+00 
  916       7.459806439013e+00 
  917       7.463599926859e+00 
  918       7.467390203072e+00 
  919       7.471177278084e+00 
  920       7.474961161762e+00 
  921       7.478741863406e+00 
  922       7.482519391745e+00 
  923       7.486293754937e+00 
  924       7.490064960561e+00 
  925       7.493833015619e+00 
  926       7.497597926532e+00 
  927       7.501359699136e+00 
  928       7.505118338677e+00 
  929       7.508873849815e+00 
  930       7.512626236616e+00 
  931       7.516375502548e+00 
  932       7.520121650482e+00 
  933       7.523864682688e+00 
  934       7.527604600832e+00 
  935       7.531341405971e+00 
  936       7.535075098554e+00 
  937       7.538805678416e+00 
  938       7.542533146909e+00 
  939       7.546257513337e+00 
  940       7.549978788611e+00 
  941       7.553696983133e+00 
  942       7.557412106783e+00 
  943       7.561124168924e+00 
  944       7.564833178396e+00 
  945       7.568539143516e+00 
  946       7.572242072071e+00 
  947       7.575941971320e+00 
  948       7.579638847990e+00 
  949       7.583332708272e+00 
  950       7.587023557820e+00 
  951       7.590711401748e+00 
  952       7.594396244629e+00 
  953       7.598078090488e+00 
  954       7.601756942805e+00 
  955       7.605432804510e+00 
  956       7.609105677978e+00 
  957       7.612775565031e+00 
  958       7.616442466933e+00 
  959       7.620106384386e+00 
  960       7.623767317533e+00 
  961       7.627425265947e+00 
  962       7.631080230670e+00 
  963       7.634732220340e+00 
  964       7.638381245148e+00 
  965       7.642027314814e+00 
  966       7.645670438577e+00 
  967       7.649310625204e+00 
  968       7.652947882976e+00 
  969       7.656582219696e+00 
  970       7.660213642677e+00 
  971       7.663842158750e+00 
  972       7.667467774252e+00 
  973       7.671090495030e+00 
  974       7.674710326437e+00 
  975       7.678327273330e+00 
  976       7.681941340067e+00 
  977       7.685552530503e+00 
  978       7.689160847992e+00 
  979       7.692766295383e+00 
  980       7.696368875016e+00 
  981       7.699968588719e+00 
  982       7.703565437813e+00 
  983       7.707159423098e+00 
  984       7.710750544863e+00 
  985       7.714338802873e+00 
  986       7.717924198244e+00 
  987       7.721506739075e+00 
  988       7.725086434894e+00 
  989       7.728663294789e+00 
  990       7.732237327411e+00 
  991       7.735808540970e+00 
  992       7.739376943233e+00 
  993       7.742942541520e+00 
  994       7.746505342707e+00 
  995       7.750065353217e+00 
  996       7.753622579025e+00 
  997       7.757177025652e+00 
  998       7.760728698162e+00 
  999       7.764277601162e+00 
 1000       7.767823738802e+00 
 1001       7.771367114767e+00 
 1002       7.774907732282e+00 
 1003       7.778445594102e+00 
 1004       7.781980702520e+00 
 1005       7.785513059354e+00 
 1006       7.789042665953e+00 
 1007       7.792569523193e+00 
 1008       7.796093631472e+00 
 1009       7.799614990710e+00 
 1010       7.803133602056e+00 
 1011       7.806649473029e+00 
 1012       7.810162612443e+00 
 1013       7.813673028709e+00 
 1014       7.817180729831e+00 
 1015       7.820685723405e+00 
 1016       7.824188016617e+00 
 1017       7.827687616239e+00 
 1018       7.831184528632e+00 
 1019       7.834678759740e+00 
 1020       7.838170315089e+00 
 1021       7.841659199785e+00 
 1022       7.845145418514e+00 
 1023       7.848628975539e+00 
 1024       7.852109874697e+00 
 1025       7.855588119400e+00 
 1026       7.859063712628e+00 
 1027       7.862536656934e+00 
 1028       7.866006954436e+00 
 1029       7.869474606820e+00 
 1030       7.872939615335e+00 
 1031       7.876401980792e+00 
 1032       7.879861703562e+00 
 1033       7.883318783575e+00 
 1034       7.886773221910e+00 
 1035       7.890225025597e+00 
 1036       7.893674202881e+00 
 1037       7.897120761630e+00 
 1038       7.900564709336e+00 
 1039       7.904006053115e+00 
 1040       7.907444799701e+00 
 1041       7.910880955448e+00 
 1042       7.914314526325e+00 
 1043       7.917745517918e+00 
 1044       7.921173935426e+00 
 1045       7.924599783660e+00 
 1046       7.928023067041e+00 
 1047       7.931443789600e+00 
 1048       7.934861954972e+00 
 1049       7.938277566401e+00 
 1050       7.941690626730e+00 
 1051       7.945101138408e+00 
 1052       7.948509103482e+00 
 1053       7.951914523599e+00 
 1054       7.955317400001e+00 
 1055       7.958717733528e+00 
 1056       7.962115524611e+00 
 1057       7.965510773273e+00 
 1058       7.968903480606e+00 
 1059       7.972293653218e+00 
 1060       7.975681298840e+00 
 1061       7.979066424858e+00 
 1062       7.982449038309e+00 
 1063       7.985829145876e+00 
 1064       7.989206753894e+00 
 1065       7.992581868343e+00 
 1066       7.995954494847e+00 
 1067       7.999324638674e+00 
 1068       8.002692304734e+00 
 1069       8.006057497578e+00 
 1070       8.009420221395e+00 
 1071       8.012780480011e+00 
 1072       8.016138276889e+00 
 1073       8.019493615126e+00 
 1074       8.022846497451e+00 
 1075       8.026196926226e+00 
 1076       8.029544903441e+00 
 1077       8.032890430716e+00 
 1078       8.036233509296e+00 
 1079       8.039574140052e+00 
 1080       8.042912323480e+00 
 1081       8.046248059698e+00 
 1082       8.049581349800e+00 
 1083       8.052912199955e+00 
 1084       8.056240617363e+00 
 1085       8.059566608898e+00 
 1086       8.062890181111e+00 
 1087       8.066211340227e+00 
 1088       8.069530092144e+00 
 1089       8.072846442430e+00 
 1090       8.076160396323e+00 
 1091       8.079471958732e+00 
 1092       8.082781134229e+00 
 1093       8.086087927055e+00 
 1094       8.089392341113e+00 
 1095       8.092694379972e+00 
 1096       8.095994046859e+00 
 1097       8.099291344664e+00 
 1098       8.102586275935e+00 
 1099       8.105878842876e+00 
 1100       8.109169047351e+00 
 1101       8.112456890875e+00 
 1102       8.115742374618e+00 
 1103       8.119025499402e+00 
 1104       8.122306265699e+00 
 1105       8.125584673631e+00 
 1106       8.128860724242e+00 
 1107       8.132134423337e+00 
 1108       8.135405777689e+00 
 1109       8.138674793773e+00 
 1110       8.141941477760e+00 
 1111       8.145205835517e+00 
 1112       8.148467872610e+00 
 1113       8.151727594297e+00 
 1114       8.154985005529e+00 
 1115       8.158240110949e+00 
 1116       8.161492914890e+00 
 1117       8.164743421377e+00 
 1118       8.167991634120e+00 
 1119       8.171237556517e+00 
 1120       8.174481191653e+00 
 1121       8.177722542294e+00 
 1122       8.180961610891e+00 
 1123       8.184198399579e+00 
 1124       8.187432910171e+00 
 1125       8.190665144158e+00 
 1126       8.193895102714e+00 
 1127       8.197122786685e+00 
 1128       8.200348196595e+00 
 1129       8.203571332642e+00 
 1130       8.206792195879e+00 
 1131       8.210010791770e+00 
 1132       8.213227126680e+00 
 1133       8.216441206690e+00 
 1134       8.219653037603e+00 
 1135       8.222862624936e+00 
 1136       8.226069973927e+00 
 1137       8.229275089524e+00 
 1138       8.232477976394e+00 
 1139       8.235678638912e+00 
 1140       8.238877081169e+00 
 1141       8.242073306965e+00 
 1142       8.245267319809e+00 
 1143       8.248459122919e+00 
 1144       8.251648719221e+00 
 1145       8.254836111346e+00 
 1146       8.258021301630e+00 
 1147       8.261204292114e+00 
 1148       8.264385084540e+00 
 1149       8.267563680354e+00 
 1150       8.270740080700e+00 
 1151       8.273914286424e+00 
 1152       8.277086298067e+00 
 1153       8.280256115869e+00 
 1154       8.283423740863e+00 
 1155       8.286589178178e+00 
 1156       8.289752433776e+00 
 1157       8.292913513358e+00 
 1158       8.296072422359e+00 
 1159       8.299229165954e+00 
 1160       8.302383749052e+00 
 1161       8.305536176295e+00 
 1162       8.308686452059e+00 
 1163       8.311834580453e+00 
 1164       8.314980565315e+00 
 1165       8.318124410214e+00 
 1166       8.321266118449e+00 
 1167       8.324405693046e+00 
 1168       8.327543136757e+00 
 1169       8.330678452062e+00 
 1170       8.333811641165e+00 
 1171       8.336942705991e+00 
 1172       8.340071648193e+00 
 1173       8.343198469142e+00 
 1174       8.346323169931e+00 
 1175       8.349445751371e+00 
 1176       8.352566213995e+00 
 1177       8.355684558051e+00 
 1178       8.358800784532e+00 
 1179       8.361914898275e+00 
 1180       8.365026904899e+00 
 1181       8.368136809777e+00 
 1182       8.371244618038e+00 
 1183       8.374350334564e+00 
 1184       8.377453963990e+00 
 1185       8.380555510702e+00 
 1186       8.383654978837e+00 
 1187       8.386752372281e+00 
 1188       8.389847694672e+00 
 1189       8.392940949392e+00 
 1190       8.396032139572e+00 
 1191       8.399121268089e+00 
 1192       8.402208337565e+00 
 1193       8.405293350366e+00 
 1194       8.408376308600e+00 
 1195       8.411457214120e+00 
 1196       8.414536068518e+00 
 1197       8.417612873126e+00 
 1198       8.420687629018e+00 
 1199       8.423760337004e+00 
 1200       8.426830997633e+00 
 1201       8.429899611189e+00 
 1202       8.432966178653e+00 
 1203       8.436030704588e+00 
 1204       8.439093194284e+00 
 1205       8.442153652804e+00 
 1206       8.445212084980e+00 
 1207       8.448268495414e+00 
 1208       8.451322888478e+00 
 1209       8.454375268309e+00 
 1210       8.457425638813e+00 
 1211       8.460474003660e+00 
 1212       8.463520366288e+00 
 1213       8.466564729896e+00 
 1214       8.469607097450e+00 
 1215       8.472647471674e+00 
 1216       8.475685855058e+00 
 1217       8.478722249851e+00 
 1218       8.481756658061e+00 
 1219       8.484789081456e+00 
 1220       8.487819521564e+00 
 1221       8.490847979666e+00 
 1222       8.493874456803e+00 
 1223       8.496898953771e+00 
 1224       8.499921471120e+00 
 1225       8.502942009154e+00 
 1226       8.505960568828e+00 
 1227       8.508977154445e+00 
 1228       8.511991770994e+00 
 1229       8.515004423243e+00 
 1230       8.518015115751e+00 
 1231       8.521023852857e+00 
 1232       8.524030638684e+00 
 1233       8.527035477138e+00 
 1234       8.530038371907e+00 
 1235       8.533039326459e+00 
 1236       8.536038344043e+00 
 1237       8.539035427685e+00 
 1238       8.542030580193e+00 
 1239       8.545023804150e+00 
 1240       8.548015101916e+00 
 1241       8.551004475629e+00 
 1242       8.553991927200e+00 
 1243       8.556977458316e+00 
 1244       8.559961070436e+00 
 1245       8.562942764795e+00 
 1246       8.565922542396e+00 
 1247       8.568900404017e+00 
 1248       8.571876350205e+00 
 1249       8.574850381276e+00 
 1250       8.577822498158e+00 
 1251       8.580792704932e+00 
 1252       8.583761006314e+00 
 1253       8.586727406824e+00 
 1254       8.589691910778e+00 
 1255       8.592654522288e+00 
 1256       8.595615245266e+00 
 1257       8.598574083418e+00 
 1258       8.601531040245e+00 
 1259       8.604486119045e+00 
 1260       8.607439322907e+00 
 1261       8.610390654716e+00 
 1262       8.613340117146e+00 
 1263       8.616287712666e+00 
 1264       8.619233443534e+00 
 1265       8.622177311799e+00 
 1266       8.625119319299e+00 
 1267       8.628059467661e+00 
 1268       8.630997758300e+00 
 1269       8.633934192420e+00 
 1270       8.636868771008e+00 
 1271       8.639801494840e+00 
 1272       8.642732364475e+00 
 1273       8.645661380258e+00 
 1274       8.648588543106e+00 
 1275       8.651513856885e+00 
 1276       8.654437326059e+00 
 1277       8.657358954904e+00 
 1278       8.660278747506e+00 
 1279       8.663196707761e+00 
 1280       8.666112839375e+00 
 1281       8.669027145862e+00 
 1282       8.671939630544e+00 
 1283       8.674850296550e+00 
 1284       8.677759146816e+00 
 1285       8.680666184083e+00 
 1286       8.683571410898e+00 
 1287       8.686474829614e+00 
 1288       8.689376442385e+00 
 1289       8.692276251169e+00 
 1290       8.695174257729e+00 
 1291       8.698070463626e+00 
 1292       8.700964870226e+00 
 1293       8.703857478693e+00 
 1294       8.706748289991e+00 
 1295       8.709637304884e+00 
 1296       8.712524523934e+00 
 1297       8.715409947502e+00 
 1298       8.718293576485e+00 
 1299       8.721175414541e+00 
 1300       8.724055465890e+00 
 1301       8.726933734575e+00 
 1302       8.729810224460e+00 
 1303       8.732684939231e+00 
 1304       8.735557882393e+00 
 1305       8.738429057274e+00 
 1306       8.741298467019e+00 
 1307       8.744166114594e+00 
 1308       8.747032002779e+00 
 1309       8.749896134178e+00 
 1310       8.752758511206e+00 
 1311       8.755619136098e+00 
 1312       8.758478010903e+00 
 1313       8.761335137487e+00 
 1314       8.764190517528e+00 
 1315       8.767044152521e+00 
 1316       8.769896043770e+00 
 1317       8.772746192396e+00 
 1318       8.775594599330e+00 
 1319       8.778441265314e+00 
 1320       8.781286190901e+00 
 1321       8.784129376456e+00 
 1322       8.786970822846e+00 
 1323       8.789810533539e+00 
 1324       8.792648512528e+00 
 1325       8.795484763640e+00 
 1326       8.798319290535e+00 
 1327       8.801152096702e+00 
 1328       8.803983185465e+00 
 1329       8.806812559976e+00 
 1330       8.809640223220e+00 
 1331       8.812466178008e+00 
 1332       8.815290426982e+00 
 1333       8.818112972613e+00 
 1334       8.820933817199e+00 
 1335       8.823752962865e+00 
 1336       8.826570411564e+00 
 1337       8.829386165073e+00 
 1338       8.832200224996e+00 
 1339       8.835012592764e+00 
 1340       8.837823269627e+00 
 1341       8.840632256665e+00 
 1342       8.843439554778e+00 
 1343       8.846245164688e+00 
 1344       8.849049086941e+00 
 1345       8.851851321904e+00 
 1346       8.854651870419e+00 
 1347       8.857450735772e+00 
 1348       8.860247921741e+00 
 1349       8.863043431951e+00 
 1350       8.865837269866e+00 
 1351       8.868629438793e+00 
 1352       8.871419941880e+00 
 1353       8.874208782115e+00 
 1354       8.876995962327e+00 
 1355       8.879781485184e+00 
 1356       8.882565353192e+00 
 1357       8.885347568697e+00 
 1358       8.888128133881e+00 
 1359       8.890907050767e+00 
 1360       8.893684321210e+00 
 1361       8.896459946905e+00 
 1362       8.899233929382e+00 
 1363       8.902006270005e+00 
 1364       8.904776969974e+00 
 1365       8.907546030322e+00 
 1366       8.910313451918e+00 
 1367       8.913079235462e+00 
 1368       8.915843381488e+00 
 1369       8.918605890360e+00 
 1370       8.921366762893e+00 
 1371       8.924126002208e+00 
 1372       8.926883611894e+00 
 1373       8.929639595392e+00 
 1374       8.932393955993e+00 
 1375       8.935146696838e+00 
 1376       8.937897820922e+00 
 1377       8.940647331086e+00 
 1378       8.943395230020e+00 
 1379       8.946141520267e+00 
 1380       8.948886204213e+00 
 1381       8.951629284096e+00 
 1382       8.954370761998e+00 
 1383       8.957110639850e+00 
 1384       8.959848919429e+00 
 1385       8.962585602356e+00 
 1386       8.965320690100e+00 
 1387       8.968054183972e+00 
 1388       8.970786085130e+00 
 1389       8.973516394574e+00 
 1390       8.976245113149e+00 
 1391       8.978972241541e+00 
 1392       8.981697780279e+00 
 1393       8.984421729735e+00 
 1394       8.987144090705e+00 
 1395       8.989864866170e+00 
 1396       8.992584059555e+00 
 1397       8.995301674143e+00 
 1398       8.998017713078e+00 
 1399       9.000732179362e+00 
 1400       9.003445075858e+00 
 1401       9.006156405286e+00 
 1402       9.008866170222e+00 
 1403       9.011574373103e+00 
 1404       9.014281016220e+00 
 1405       9.016986101722e+00 
 1406       9.019689631614e+00 
 1407       9.022391607755e+00 
 1408       9.025092031861e+00 
 1409       9.027790905502e+00 
 1410       9.030488230102e+00 
 1411       9.033184006939e+00 
 1412       9.035878237144e+00 
 1413       9.038570921702e+00 
 1414       9.041262061448e+00 
 1415       9.043951657071e+00 
 1416       9.046639709111e+00 
 1417       9.049326217959e+00 
 1418       9.052011184405e+00 
 1419       9.054694611285e+00 
 1420       9.057376501852e+00 
 1421       9.060056859224e+00 
 1422       9.062735686388e+00 
 1423       9.065412986199e+00 
 1424       9.068088761377e+00 
 1425       9.070763014507e+00 
 1426       9.073435748043e+00 
 1427       9.076106964303e+00 
 1428       9.078776665467e+00 
 1429       9.081444853584e+00 
 1430       9.084111530564e+00 
 1431       9.086776698182e+00 
 1432       9.089440358076e+00 
 1433       9.092102511745e+00 
 1434       9.094763160554e+00 
 1435       9.097422305727e+00 
 1436       9.100079948350e+00 
 1437       9.102736089371e+00 
 1438       9.105390729598e+00 
 1439       9.108043869699e+00 
 1440       9.110695510202e+00 
 1441       9.113345651496e+00 
 1442       9.115994294347e+00 
 1443       9.118641441468e+00 
 1444       9.121287095965e+00 
 1445       9.123931260820e+00 
 1446       9.126573938890e+00 
 1447       9.129215132906e+00 
 1448       9.131854845472e+00 
 1449       9.134493079067e+00 
 1450       9.137129836042e+00 
 1451       9.139765118621e+00 
 1452       9.142398928902e+00 
 1453       9.145031268853e+00 
 1454       9.147662140313e+00 
 1455       9.150291544995e+00 
 1456       9.152919484480e+00 
 1457       9.155545960222e+00 
 1458       9.158170973542e+00 
 1459       9.160794525633e+00 
 1460       9.163416617557e+00 
 1461       9.166037250244e+00 
 1462       9.168656424493e+00 
 1463       9.171274140970e+00 
 1464       9.173890400210e+00 
 1465       9.176505202616e+00 
 1466       9.179118548937e+00 
 1467       9.181730441716e+00 
 1468       9.184340883861e+00 
 1469       9.186949878158e+00 
 1470       9.189557427276e+00 
 1471       9.192163533763e+00 
 1472       9.194768200050e+00 
 1473       9.197371428447e+00 
 1474       9.199973221142e+00 
 1475       9.202573580204e+00 
 1476       9.205172507581e+00 
 1477       9.207770005099e+00 
 1478       9.210366074464e+00 
 1479       9.212960717256e+00 
 1480       9.215553934937e+00 
 1481       9.218145728844e+00 
 1482       9.220736100189e+00 
 1483       9.223325050064e+00 
 1484       9.225912579436e+00 
 1485       9.228498689145e+00 
 1486       9.231083379909e+00 
 1487       9.233666652322e+00 
 1488       9.236248506849e+00 
 1489       9.238828943833e+00 
 1490       9.241407963959e+00 
 1491       9.243985569682e+00 
 1492       9.246561763814e+00 
 1493       9.249136549054e+00 
 1494       9.251709927990e+00 
 1495       9.254281903098e+00 
 1496       9.256852476740e+00 
 1497       9.259421651165e+00 
 1498       9.261989428508e+00 
 1499       9.264555810791e+00 
 1500       9.267120799919e+00 
 1501       9.269684397687e+00 
 1502       9.272246605770e+00 
 1503       9.274807425731e+00 
 1504       9.277366859015e+00 
 1505       9.279924906954e+00 
 1506       9.282481570761e+00 
 1507       9.285036851532e+00 
 1508       9.287590750249e+00 
 1509       9.290143267774e+00 
 1510       9.292694404852e+00 
 1511       9.295244162109e+00 
 1512       9.297792540055e+00 
 1513       9.300339539079e+00 
 1514       9.302885159930e+00 
 1515       9.305429405148e+00 
 1516       9.307972277646e+00 
 1517       9.310513780231e+00 
 1518       9.313053915607e+00 
 1519       9.315592686370e+00 
 1520       9.318130095012e+00 
 1521       9.320666143916e+00 
 1522       9.323200835362e+00 
 1523       9.325734171521e+00 
 1524       9.328266154458e+00 
 1525       9.330796786129e+00 
 1526       9.333326068385e+00 
 1527       9.335854002965e+00 
 1528       9.338380591504e+00 
 1529       9.340905835525e+00 
 1530       9.343429736444e+00 
 1531       9.345952295566e+00 
 1532       9.348473514089e+00 
 1533       9.350993393098e+00 
 1534       9.353511933569e+00 
 1535       9.356029136369e+00 
 1536       9.358545002252e+00 
 1537       9.361059531861e+00 
 1538       9.363572726065e+00 
 1539       9.366084586971e+00 
 1540       9.368595116918e+00 
 1541       9.371104318144e+00 
 1542       9.373612192785e+00 
 1543       9.376118742875e+00 
 1544       9.378623970343e+00 
 1545       9.381127877019e+00 
 1546       9.383630464625e+00 
 1547       9.386131734782e+00 
 1548       9.388631689007e+00 
 1549       9.391130328711e+00 
 1550       9.393627655204e+00 
 1551       9.396123669686e+00 
 1552       9.398618373256e+00 
 1553       9.401111766906e+00 
 1554       9.403603851523e+00 
 1555       9.406094627886e+00 
 1556       9.408584096670e+00 
 1557       9.411072258442e+00 
 1558       9.413559113662e+00 
 1559       9.416044662685e+00 
 1560       9.418528905755e+00 
 1561       9.421011843010e+00 
 1562       9.423493474905e+00 
 1563       9.425973803491e+00 
 1564       9.428452831148e+00 
 1565       9.430930560160e+00 
 1566       9.433406992713e+00 
 1567       9.435882130899e+00 
 1568       9.438355976711e+00 
 1569       9.440828532048e+00 
 1570       9.443299798709e+00 
 1571       9.445769778396e+00 
 1572       9.448238472713e+00 
 1573       9.450705883168e+00 
 1574       9.453172011168e+00 
 1575       9.455636858022e+00 
 1576       9.458100424941e+00 
 1577       9.460562713036e+00 
 1578       9.463023723319e+00 
 1579       9.465483456702e+00 
 1580       9.467941913996e+00 
 1581       9.470399095913e+00 
 1582       9.472855003065e+00 
 1583       9.475309635960e+00 
 1584       9.477762995009e+00 
 1585       9.480215080519e+00 
 1586       9.482665893065e+00 
 1587       9.485115434608e+00 
 1588       9.487563707384e+00 
 1589       9.490010713541e+00 
 1590       9.492456455131e+00 
 1591       9.494900934119e+00 
 1592       9.497344152374e+00 
 1593       9.499786111676e+00 
 1594       9.502226813710e+00 
 1595       9.504666260070e+00 
 1596       9.507104452255e+00 
 1597       9.509541391672e+00 
 1598       9.511977079634e+00 
 1599       9.514411517361e+00 
 1600       9.516844705977e+00 
 1601       9.519276646513e+00 
 1602       9.521707339905e+00 
 1603       9.524136786994e+00 
 1604       9.526564988528e+00 
 1605       9.528991945155e+00 
 1606       9.531417657431e+00 
 1607       9.533842125816e+00 
 1608       9.536265350672e+00 
 1609       9.538687332266e+00 
 1610       9.541108071132e+00 
 1611       9.543527569165e+00 
 1612       9.545945828540e+00 
 1613       9.548362851344e+00 
 1614       9.550778639575e+00 
 1615       9.553193195147e+00 
 1616       9.555606519885e+00 
 1617       9.558018615528e+00 
 1618       9.560429483725e+00 
 1619       9.562839126039e+00 
 1620       9.565247543944e+00 
 1621       9.567654738825e+00 
 1622       9.570060711978e+00 
 1623       9.572465464611e+00 
 1624       9.574868997844e+00 
 1625       9.577271312704e+00 
 1626       9.579672410131e+00 
 1627       9.582072290975e+00 
 1628       9.584470955994e+00 
 1629       9.586868405858e+00 
 1630       9.589264641144e+00 
 1631       9.591659662339e+00 
 1632       9.594053469840e+00 
 1633       9.596446063951e+00 
 1634       9.598837445231e+00 
 1635       9.601227615533e+00 
 1636       9.603616576975e+00 
 1637       9.606004331592e+00 
 1638       9.608390881334e+00 
 1639       9.610776228073e+00 
 1640       9.613160373594e+00 
 1641       9.615543319602e+00 
 1642       9.617925067718e+00 
 1643       9.620305619477e+00 
 1644       9.622684976333e+00 
 1645       9.625063139655e+00 
 1646       9.627440110729e+00 
 1647       9.629815890755e+00 
 1648       9.632190480848e+00 
 1649       9.634563882040e+00 
 1650       9.636936095278e+00 
 1651       9.639307121421e+00 
 1652       9.641676961244e+00 
 1653       9.644045615438e+00 
 1654       9.646413084605e+00 
 1655       9.648779369262e+00 
 1656       9.651144469841e+00 
 1657       9.653508386685e+00 
 1658       9.655871120380e+00 
 1659       9.658232672745e+00 
 1660       9.660593045848e+00 
 1661       9.662952241679e+00 
 1662       9.665310262150e+00 
 1663       9.667667109095e+00 
 1664       9.670022784269e+00 
 1665       9.672377289348e+00 
 1666       9.674730625929e+00 
 1667       9.677082795530e+00 
 1668       9.679433799590e+00 
 1669       9.681783639467e+00 
 1670       9.684132316439e+00 
 1671       9.686479831705e+00 
 1672       9.688826186384e+00 
 1673       9.691171381513e+00 
 1674       9.693515418049e+00 
 1675       9.695858296867e+00 
 1676       9.698200018763e+00 
 1677       9.700540584450e+00 
 1678       9.702879994559e+00 
 1679       9.705218249641e+00 
 1680       9.707555350164e+00 
 1681       9.709891296512e+00 
 1682       9.712226089297e+00 
 1683       9.714559730275e+00 
 1684       9.716892221435e+00 
 1685       9.719223564691e+00 
 1686       9.721553761884e+00 
 1687       9.723882814780e+00 
 1688       9.726210725068e+00 
 1689       9.728537494365e+00 
 1690       9.730863124209e+00 
 1691       9.733187616067e+00 
 1692       9.735510971327e+00 
 1693       9.737833191301e+00 
 1694       9.740154277228e+00 
 1695       9.742474230267e+00 
 1696       9.744793051503e+00 
 1697       9.747110741943e+00 
 1698       9.749427302518e+00 
 1699       9.751742734082e+00 
 1700       9.754057037411e+00 
 1701       9.756370213204e+00 
 1702       9.758682262082e+00 
 1703       9.760993184588e+00 
 1704       9.763302981188e+00 
 1705       9.765611652269e+00 
 1706       9.767919198426e+00 
 1707       9.770225621331e+00 
 1708       9.772530922870e+00 
 1709       9.774835104860e+00 
 1710       9.777138169046e+00 
 1711       9.779440117101e+00 
 1712       9.781740950628e+00 
 1713       9.784040671156e+00 
 1714       9.786339280144e+00 
 1715       9.788636778980e+00 
 1716       9.790933168976e+00 
 1717       9.793228451376e+00 
 1718       9.795522627348e+00 
 1719       9.797815697989e+00 
 1720       9.800107664322e+00 
 1721       9.802398527298e+00 
 1722       9.804688287793e+00 
 1723       9.806976946611e+00 
 1724       9.809264504482e+00 
 1725       9.811550962062e+00 
 1726       9.813836319931e+00 
 1727       9.816120578598e+00 
 1728       9.818403738496e+00 
 1729       9.820685799982e+00 
 1730       9.822966763620e+00 
 1731       9.825246631021e+00 
 1732       9.827525404007e+00 
 1733       9.829803084331e+00 
 1734       9.832079673680e+00 
 1735       9.834355173674e+00 
 1736       9.836629585863e+00 
 1737       9.838902911729e+00 
 1738       9.841175152686e+00 
 1739       9.843446310078e+00 
 1740       9.845716385183e+00 
 1741       9.847985379207e+00 
 1742       9.850253293288e+00 
 1743       9.852520128496e+00 
 1744       9.854785885829e+00 
 1745       9.857050566217e+00 
 1746       9.859314170519e+00 
 1747       9.861576699525e+00 
 1748       9.863838153954e+00 
 1749       9.866098534455e+00 
 1750       9.868357841607e+00 
 1751       9.870616075916e+00 
 1752       9.872873237820e+00 
 1753       9.875129327684e+00 
 1754       9.877384346074e+00 
 1755       9.879638294581e+00 
 1756       9.881891175002e+00 
 1757       9.884142989070e+00 
 1758       9.886393738453e+00 
 1759       9.888643424756e+00 
 1760       9.890892049518e+00 
 1761       9.893139614212e+00 
 1762       9.895386120249e+00 
 1763       9.897631568971e+00 
 1764       9.899875961657e+00 
 1765       9.902119299519e+00 
 1766       9.904361583705e+00 
 1767       9.906602815295e+00 
 1768       9.908842995305e+00 
 1769       9.911082124681e+00 
 1770       9.913320204308e+00 
 1771       9.915557234999e+00 
 1772       9.917793217504e+00 
 1773       9.920028152504e+00 
 1774       9.922262040613e+00 
 1775       9.924494882380e+00 
 1776       9.926726678284e+00 
 1777       9.928957428737e+00 
 1778       9.931187134338e+00 
 1779       9.933415796639e+00 
 1780       9.935643417385e+00 
 1781       9.937869998260e+00 
 1782       9.940095540884e+00 
 1783       9.942320046818e+00 
 1784       9.944543517561e+00 
 1785       9.946765954548e+00 
 1786       9.948987359154e+00 
 1787       9.951207732691e+00 
 1788       9.953427076408e+00 
 1789       9.955645391492e+00 
 1790       9.957862679067e+00 
 1791       9.960078940195e+00 
 1792       9.962294175872e+00 
 1793       9.964508387035e+00 
 1794       9.966721574554e+00 
 1795       9.968933739238e+00 
 1796       9.971144881831e+00 
 1797       9.973355003014e+00 
 1798       9.975564103402e+00 
 1799       9.977772183549e+00 
 1800       9.979979243941e+00 
 1801       9.982185285004e+00 
 1802       9.984390307328e+00 
 1803       9.986594312374e+00 
 1804       9.988797301777e+00 
 1805       9.990999277113e+00 
 1806       9.993200239897e+00 
 1807       9.995400191587e+00 
 1808       9.997599133581e+00 
 1809       9.999797067219e+00 
 1810       1.000199399378e+01 
 1811       1.000418991448e+01 
 1812       1.000638483048e+01 
 1813       1.000857874288e+01 
 1814       1.001077165272e+01 
 1815       1.001296356098e+01 
 1816       1.001515446857e+01 
 1817       1.001734437636e+01 
 1818       1.001953328514e+01 
 1819       1.002172119565e+01 
 1820       1.002390810857e+01 
 1821       1.002609402450e+01 
 1822       1.002827894400e+01 
 1823       1.003046286756e+01 
 1824       1.003264579561e+01 
 1825       1.003482772852e+01 
 1826       1.003700866682e+01 
 1827       1.003918861188e+01 
 1828       1.004136756524e+01 
 1829       1.004354552838e+01 
 1830       1.004572250272e+01 
 1831       1.004789848964e+01 
 1832       1.005007349044e+01 
 1833       1.005224750638e+01 
 1834       1.005442053866e+01 
 1835       1.005659258842e+01 
 1836       1.005876365674e+01 
 1837       1.006093374464e+01 
 1838       1.006310285310e+01 
 1839       1.006527098302e+01 
 1840       1.006743813526e+01 
 1841       1.006960431061e+01 
 1842       1.007176950980e+01 
 1843       1.007393373352e+01 
 1844       1.007609698238e+01 
 1845       1.007825925694e+01 
 1846       1.008042055771e+01 
 1847       1.008258088512e+01 
 1848       1.008474023956e+01 
 1849       1.008689862136e+01 
 1850       1.008905603100e+01 
 1851       1.009121246982e+01 
 1852       1.009336793934e+01 
 1853       1.009552244100e+01 
 1854       1.009767597620e+01 
 1855       1.009982854629e+01 
 1856       1.010198015257e+01 
 1857       1.010413079627e+01 
 1858       1.010628047857e+01 
 1859       1.010842920060e+01 
 1860       1.011057696344e+01 
 1861       1.011272376810e+01 
 1862       1.011486961555e+01 
 1863       1.011701450670e+01 
 1864       1.011915844240e+01 
 1865       1.012130142345e+01 
 1866       1.012344345058e+01 
 1867       1.012558452450e+01 
 1868       1.012772464582e+01 
 1869       1.012986381512e+01 
 1870       1.013200203293e+01 
 1871       1.013413929970e+01 
 1872       1.013627561585e+01 
 1873       1.013841098171e+01 
 1874       1.014054539780e+01 
 1875       1.014267886543e+01 
 1876       1.014481138608e+01 
 1877       1.014694296115e+01 
 1878       1.014907359202e+01 
 1879       1.015120328001e+01 
 1880       1.015333202639e+01 
 1881       1.015545983236e+01 
 1882       1.015758669909e+01 
 1883       1.015971262768e+01 
 1884       1.016183761920e+01 
 1885       1.016396167465e+01 
 1886       1.016608479498e+01 
 1887       1.016820698109e+01 
 1888       1.017032823383e+01 
 1889       1.017244855399e+01 
 1890       1.017456794230e+01 
 1891       1.017668639947e+01 
 1892       1.017880392611e+01 
 1893       1.018092052282e+01 
 1894       1.018303619012e+01 
 1895       1.018515092848e+01 
 1896       1.018726473832e+01 
 1897       1.018937762001e+01 
 1898       1.019148957403e+01 
 1899       1.019360060157e+01 
 1900       1.019571070390e+01 
 1901       1.019781988228e+01 
 1902       1.019992813789e+01 
 1903       1.020203547190e+01 
 1904       1.020414188539e+01 
 1905       1.020624737941e+01 
 1906       1.020835195494e+01 
 1907       1.021045561295e+01 
 1908       1.021255835432e+01 
 1909       1.021466017989e+01 
 1910       1.021676109045e+01 
 1911       1.021886108676e+01 
 1912       1.022096016949e+01 
 1913       1.022305833928e+01 
 1914       1.022515559673e+01 
 1915       1.022725194237e+01 
 1916       1.022934737668e+01 
 1917       1.023144190010e+01 
 1918       1.023353551300e+01 
 1919       1.023562821573e+01 
 1920       1.023772000854e+01 
 1921       1.023981089168e+01 
 1922       1.024190086549e+01 
 1923       1.024398993102e+01 
 1924       1.024607808946e+01 
 1925       1.024816534194e+01 
 1926       1.025025168954e+01 
 1927       1.025233713331e+01 
 1928       1.025442167424e+01 
 1929       1.025650531326e+01 
 1930       1.025858805128e+01 
 1931       1.026066988913e+01 
 1932       1.026275082761e+01 
 1933       1.026483086747e+01 
 1934       1.026691000941e+01 
 1935       1.026898825407e+01 
 1936       1.027106560205e+01 
 1937       1.027314205392e+01 
 1938       1.027521761016e+01 
 1939       1.027729227122e+01 
 1940       1.027936603752e+01 
 1941       1.028143890940e+01 
 1942       1.028351088717e+01 
 1943       1.028558197107e+01 
 1944       1.028765216131e+01 
 1945       1.028972145804e+01 
 1946       1.029178986157e+01 
 1947       1.029385737294e+01 
 1948       1.029592399335e+01 
 1949       1.029798972396e+01 
 1950       1.030005456589e+01 
 1951       1.030211852019e+01 
 1952       1.030418158789e+01 
 1953       1.030624376997e+01 
 1954       1.030830506734e+01 
 1955       1.031036548088e+01 
 1956       1.031242501145e+01 
 1957       1.031448365981e+01 
 1958       1.031654142671e+01 
 1959       1.031859831285e+01 
 1960       1.032065431887e+01 
 1961       1.032270944537e+01 
 1962       1.032476369292e+01 
 1963       1.032681706200e+01 
 1964       1.032886955309e+01 
 1965       1.033092116659e+01 
 1966       1.033297190287e+01 
 1967       1.033502176224e+01 
 1968       1.033707074498e+01 
 1969       1.033911885130e+01 
 1970       1.034116608157e+01 
 1971       1.034321243688e+01 
 1972       1.034525791846e+01 
 1973       1.034730252751e+01 
 1974       1.034934626516e+01 
 1975       1.035138913254e+01 
 1976       1.035343113069e+01 
 1977       1.035547226064e+01 
 1978       1.035751252335e+01 
 1979       1.035955191976e+01 
 1980       1.036159045074e+01 
 1981       1.036362811715e+01 
 1982       1.036566491978e+01 
 1983       1.036770085937e+01 
 1984       1.036973593664e+01 
 1985       1.037177015224e+01 
 1986       1.037380350679e+01 
 1987       1.037583600087e+01 
 1988       1.037786763501e+01 
 1989       1.037989840967e+01 
 1990       1.038192832532e+01 
 1991       1.038395738232e+01 
 1992       1.038598558104e+01 
 1993       1.038801292176e+01 
 1994       1.039003940492e+01 
 1995       1.039206503154e+01 
 1996       1.039408980277e+01 
 1997       1.039611371972e+01 
 1998       1.039813678347e+01 
 1999       1.040015899503e+01 
 2000       1.040218035539e+01 
 2001       1.040420086549e+01 
 2002       1.040622052623e+01 
 2003       1.040823933846e+01 
 2004       1.041025730301e+01 
 2005       1.041227442064e+01 
 2006       1.041429069208e+01 
 2007       1.041630611801e+01 
 2008       1.041832069908e+01 
 2009       1.042033443589e+01 
 2010       1.042234732899e+01 
 2011       1.042435937890e+01 
 2012       1.042637058609e+01 
 2013       1.042838095098e+01 
 2014       1.043039047396e+01 
 2015       1.043239915537e+01 
 2016       1.043440699550e+01 
 2017       1.043641399460e+01 
 2018       1.043842015304e+01 
 2019       1.044042547175e+01 
 2020       1.044242995179e+01 
 2021       1.044443359415e+01 
 2022       1.044643639982e+01 
 2023       1.044843836972e+01 
 2024       1.045043950473e+01 
 2025       1.045243980571e+01 
 2026       1.045443927345e+01 
 2027       1.045643790873e+01 
 2028       1.045843571226e+01 
 2029       1.046043268473e+01 
 2030       1.046242882678e+01 
 2031       1.046442413901e+01 
 2032       1.046641862197e+01 
 2033       1.046841227619e+01 
 2034       1.047040510214e+01 
 2035       1.047239710025e+01 
 2036       1.047438827091e+01 
 2037       1.047637861447e+01 
 2038       1.047836813125e+01 
 2039       1.048035682150e+01 
 2040       1.048234468545e+01 
 2041       1.048433172328e+01 
 2042       1.048631793531e+01 
 2043       1.048830332248e+01 
 2044       1.049028788589e+01 
 2045       1.049227162658e+01 
 2046       1.049425454557e+01 
 2047       1.049623664384e+01 
 2048       1.049821792231e+01 
 2049       1.050019838188e+01 
 2050       1.050217802341e+01 
 2051       1.050415684772e+01 
 2052       1.050613485558e+01 
 2053       1.050811204774e+01 
 2054       1.051008842488e+01 
 2055       1.051206398769e+01 
 2056       1.051403873676e+01 
 2057       1.051601267269e+01 
 2058       1.051798579602e+01 
 2059       1.051995810724e+01 
 2060       1.052192960683e+01 
 2061       1.052390029520e+01 
 2062       1.052587017274e+01 
 2063       1.052783923978e+01 
 2064       1.052980749664e+01 
 2065       1.053177494357e+01 
 2066       1.053374158095e+01 
 2067       1.053570740980e+01 
 2068       1.053767243126e+01 
 2069       1.053963664642e+01 
 2070       1.054160005635e+01 
 2071       1.054356266207e+01 
 2072       1.054552446457e+01 
 2073       1.054748546481e+01 
 2074       1.054944566370e+01 
 2075       1.055140506211e+01 
 2076       1.055336366090e+01 
 2077       1.055532146086e+01 
 2078       1.055727846275e+01 
 2079       1.055923466731e+01 
 2080       1.056119007523e+01 
 2081       1.056314468716e+01 
 2082       1.056509850372e+01 
 2083       1.056705152548e+01 
 2084       1.056900375299e+01 
 2085       1.057095518674e+01 
 2086       1.057290582720e+01 
 2087       1.057485567479e+01 
 2088       1.057680472990e+01 
 2089       1.057875299289e+01 
 2090       1.058070046419e+01 
 2091       1.058264714473e+01 
 2092       1.058459303551e+01 
 2093       1.058653813754e+01 
 2094       1.058848245175e+01 
 2095       1.059042597906e+01 
 2096       1.059236872034e+01 
 2097       1.059431067643e+01 
 2098       1.059625184813e+01 
 2099       1.059819223622e+01 
 2100       1.060013184142e+01 
 2101       1.060207066443e+01 
 2102       1.060400870591e+01 
 2103       1.060594596647e+01 
 2104       1.060788244672e+01 
 2105       1.060981814719e+01 
 2106       1.061175306839e+01 
 2107       1.061368721082e+01 
 2108       1.061562057490e+01 
 2109       1.061755316103e+01 
 2110       1.061948496959e+01 
 2111       1.062141600090e+01 
 2112       1.062334625526e+01 
 2113       1.062527573291e+01 
 2114       1.062720443421e+01 
 2115       1.062913235999e+01 
 2116       1.063105951116e+01 
 2117       1.063298588862e+01 
 2118       1.063491149322e+01 
 2119       1.063683632578e+01 
 2120       1.063876038708e+01 
 2121       1.064068367788e+01 
 2122       1.064260619889e+01 
 2123       1.064452795079e+01 
 2124       1.064644893423e+01 
 2125       1.064836914981e+01 
 2126       1.065028859812e+01 
 2127       1.065220727968e+01 
 2128       1.065412519502e+01 
 2129       1.065604234459e+01 
 2130       1.065795872883e+01 
 2131       1.065987434814e+01 
 2132       1.066178920288e+01 
 2133       1.066370329338e+01 
 2134       1.066561661993e+01 
 2135       1.066752918279e+01 
 2136       1.066944098217e+01 
 2137       1.067135201827e+01 
 2138       1.067326229138e+01 
 2139       1.067517180240e+01 
 2140       1.067708055234e+01 
 2141       1.067898854219e+01 
 2142       1.068089577291e+01 
 2143       1.068280224541e+01 
 2144       1.068470796057e+01 
 2145       1.068661291926e+01 
 2146       1.068851712228e+01 
 2147       1.069042057044e+01 
 2148       1.069232326447e+01 
 2149       1.069422520510e+01 
 2150       1.069612639302e+01 
 2151       1.069802682889e+01 
 2152       1.069992651331e+01 
 2153       1.070182544689e+01 
 2154       1.070372363016e+01 
 2155       1.070562106366e+01 
 2156       1.070751774787e+01 
 2157       1.070941368324e+01 
 2158       1.071130887018e+01 
 2159       1.071320330909e+01 
 2160       1.071509700031e+01 
 2161       1.071698994416e+01 
 2162       1.071888214106e+01 
 2163       1.072077359194e+01 
 2164       1.072266429782e+01 
 2165       1.072455425972e+01 
 2166       1.072644347859e+01 
 2167       1.072833195539e+01 
 2168       1.073021969101e+01 
 2169       1.073210668633e+01 
 2170       1.073399294221e+01 
 2171       1.073587845944e+01 
 2172       1.073776323881e+01 
 2173       1.073964728107e+01 
 2174       1.074153058694e+01 
 2175       1.074341315710e+01 
 2176       1.074529499221e+01 
 2177       1.074717609288e+01 
 2178       1.074905645970e+01 
 2179       1.075093609324e+01 
 2180       1.075281499401e+01 
 2181       1.075469316251e+01 
 2182       1.075657059920e+01 
 2183       1.075844730450e+01 
 2184       1.076032327881e+01 
 2185       1.076219852250e+01 
 2186       1.076407303598e+01 
 2187       1.076594682006e+01 
 2188       1.076781987558e+01 
 2189       1.076969220337e+01 
 2190       1.077156380424e+01 
 2191       1.077343467895e+01 
 2192       1.077530482822e+01 
 2193       1.077717425278e+01 
 2194       1.077904295328e+01 
 2195       1.078091093038e+01 
 2196       1.078277818467e+01 
 2197       1.078464471675e+01 
 2198       1.078651052716e+01 
 2199       1.078837561642e+01 
 2200       1.079023998500e+01 
 2201       1.079210363338e+01 
 2202       1.079396656197e+01 
 2203       1.079582877115e+01 
 2204       1.079769026130e+01 
 2205       1.079955103274e+01 
 2206       1.080141108577e+01 
 2207       1.080327042064e+01 
 2208       1.080512903760e+01 
 2209       1.080698693684e+01 
 2210       1.080884411865e+01 
 2211       1.081070058378e+01 
 2212       1.081255633307e+01 
 2213       1.081441136733e+01 
 2214       1.081626568732e+01 
 2215       1.081811929381e+01 
 2216       1.081997218750e+01 
 2217       1.082182436910e+01 
 2218       1.082367583925e+01 
 2219       1.082552659859e+01 
 2220       1.082737664771e+01 
 2221       1.082922598719e+01 
 2222       1.083107461757e+01 
 2223       1.083292253935e+01 
 2224       1.083476975301e+01 
 2225       1.083661625901e+01 
 2226       1.083846205776e+01 
 2227       1.084030714964e+01 
 2228       1.084215153503e+01 
 2229       1.084399521423e+01 
 2230       1.084583818756e+01 
 2231       1.084768045528e+01 
 2232       1.084952201762e+01 
 2233       1.085136287479e+01 
 2234       1.085320302710e+01 
 2235       1.085504247542e+01 
 2236       1.085688122071e+01 
 2237       1.085871926391e+01 
 2238       1.086055660595e+01 
 2239       1.086239324772e+01 
 2240       1.086422919006e+01 
 2241       1.086606443382e+01 
 2242       1.086789897979e+01 
 2243       1.086973282876e+01 
 2244       1.087156598146e+01 
 2245       1.087339843862e+01 
 2246       1.087523020094e+01 
 2247       1.087706126906e+01 
 2248       1.087889164363e+01 
 2249       1.088072132525e+01 
 2250       1.088255031449e+01 
 2251       1.088437861191e+01 
 2252       1.088620621803e+01 
 2253       1.088803313332e+01 
 2254       1.088985935827e+01 
 2255       1.089168489329e+01 
 2256       1.089350973879e+01 
 2257       1.089533389515e+01 
 2258       1.089715736281e+01 
 2259       1.089898014259e+01 
 2260       1.090080223534e+01 
 2261       1.090262364194e+01 
 2262       1.090444436320e+01 
 2263       1.090626439991e+01 
 2264       1.090808375285e+01 
 2265       1.090990242277e+01 
 2266       1.091172041036e+01 
 2267       1.091353771633e+01 
 2268       1.091535434133e+01 
 2269       1.091717028599e+01 
 2270       1.091898555092e+01 
 2271       1.092080013670e+01 
 2272       1.092261404387e+01 
 2273       1.092442727296e+01 
 2274       1.092623982445e+01 
 2275       1.092805169883e+01 
 2276       1.092986289651e+01 
 2277       1.093167341792e+01 
 2278       1.093348326344e+01 
 2279       1.093529243341e+01 
 2280       1.093710092818e+01 
 2281       1.093890874802e+01 
 2282       1.094071589330e+01 
 2283       1.094252236464e+01 
 2284       1.094432816275e+01 
 2285       1.094613328827e+01 
 2286       1.094793774185e+01 
 2287       1.094974152410e+01 
 2288       1.095154463559e+01 
 2289       1.095334707689e+01 
 2290       1.095514884851e+01 
 2291       1.095694995097e+01 
 2292       1.095875038473e+01 
 2293       1.096055015025e+01 
 2294       1.096234924793e+01 
 2295       1.096414767818e+01 
 2296       1.096594544136e+01 
 2297       1.096774253781e+01 
 2298       1.096953896783e+01 
 2299       1.097133473172e+01 
 2300       1.097312982972e+01 
 2301       1.097492426207e+01 
 2302       1.097671802896e+01 
 2303       1.097851113056e+01 
 2304       1.098030356703e+01 
 2305       1.098209533848e+01 
 2306       1.098388644514e+01 
 2307       1.098567688771e+01 
 2308       1.098746666704e+01 
 2309       1.098925578393e+01 
 2310       1.099104423916e+01 
 2311       1.099283203347e+01 
 2312       1.099461916761e+01 
 2313       1.099640564227e+01 
 2314       1.099819145814e+01 
 2315       1.099997661585e+01 
 2316       1.100176111605e+01 
 2317       1.100354495933e+01 
 2318       1.100532814626e+01 
 2319       1.100711067740e+01 
 2320       1.100889255328e+01 
 2321       1.101067377438e+01 
 2322       1.101245434118e+01 
 2323       1.101423425413e+01 
 2324       1.101601351365e+01 
 2325       1.101779212014e+01 
 2326       1.101957007395e+01 
 2327       1.102134737545e+01 
 2328       1.102312402493e+01 
 2329       1.102490002270e+01 
 2330       1.102667536912e+01 
 2331       1.102845006500e+01 
 2332       1.103022411120e+01 
 2333       1.103199750859e+01 
 2334       1.103377025800e+01 
 2335       1.103554236022e+01 
 2336       1.103731381606e+01 
 2337       1.103908462626e+01 
 2338       1.104085479155e+01 
 2339       1.104262431266e+01 
 2340       1.104439319026e+01 
 2341       1.104616142502e+01 
 2342       1.104792901756e+01 
 2343       1.104969596851e+01 
 2344       1.105146227846e+01 
 2345       1.105322794795e+01 
 2346       1.105499297754e+01 
 2347       1.105675736774e+01 
 2348       1.105852111903e+01 
 2349       1.106028423188e+01 
 2350       1.106204670673e+01 
 2351       1.106380854399e+01 
 2352       1.106556974405e+01 
 2353       1.106733030728e+01 
 2354       1.106909023407e+01 
 2355       1.107084952501e+01 
 2356       1.107260818070e+01 
 2357       1.107436620176e+01 
 2358       1.107612358874e+01 
 2359       1.107788034219e+01 
 2360       1.107963646262e+01 
 2361       1.108139195055e+01 
 2362       1.108314680643e+01 
 2363       1.108490103072e+01 
 2364       1.108665462384e+01 
 2365       1.108840758619e+01 
 2366       1.109015991814e+01 
 2367       1.109191162004e+01 
 2368       1.109366269222e+01 
 2369       1.109541313498e+01 
 2370       1.109716294860e+01 
 2371       1.109891213331e+01 
 2372       1.110066068937e+01 
 2373       1.110240861695e+01 
 2374       1.110415591625e+01 
 2375       1.110590258742e+01 
 2376       1.110764863057e+01 
 2377       1.110939404582e+01 
 2378       1.111113883333e+01 
 2379       1.111288299367e+01 
 2380       1.111462652744e+01 
 2381       1.111636943525e+01 
 2382       1.111811171768e+01 
 2383       1.111985337527e+01 
 2384       1.112159440857e+01 
 2385       1.112333481806e+01 
 2386       1.112507460424e+01 
 2387       1.112681376757e+01 
 2388       1.112855230847e+01 
 2389       1.113029022738e+01 
 2390       1.113202752466e+01 
 2391       1.113376420070e+01 
 2392       1.113550025582e+01 
 2393       1.113723569036e+01 
 2394       1.113897050460e+01 
 2395       1.114070469882e+01 
 2396       1.114243827325e+01 
 2397       1.114417122814e+01 
 2398       1.114590356367e+01 
 2399       1.114763528002e+01 
 2400       1.114936637734e+01 
 2401       1.115109685576e+01 
 2402       1.115282671551e+01 
 2403       1.115455595728e+01 
 2404       1.115628458187e+01 
 2405       1.115801259006e+01 
 2406       1.115973998259e+01 
 2407       1.116146676022e+01 
 2408       1.116319292363e+01 
 2409       1.116491847352e+01 
 2410       1.116664341057e+01 
 2411       1.116836773540e+01 
 2412       1.117009144865e+01 
 2413       1.117181455092e+01 
 2414       1.117353704279e+01 
 2415       1.117525892480e+01 
 2416       1.117698019751e+01 
 2417       1.117870086141e+01 
 2418       1.118042091700e+01 
 2419       1.118214036475e+01 
 2420       1.118385920510e+01 
 2421       1.118557743848e+01 
 2422       1.118729506529e+01 
 2423       1.118901208590e+01 
 2424       1.119072850067e+01 
 2425       1.119244430994e+01 
 2426       1.119415951406e+01 
 2427       1.119587411357e+01 
 2428       1.119758810903e+01 
 2429       1.119930150097e+01 
 2430       1.120101428992e+01 
 2431       1.120272647637e+01 
 2432       1.120443806078e+01 
 2433       1.120614904362e+01 
 2434       1.120785942531e+01 
 2435       1.120956920625e+01 
 2436       1.121127838684e+01 
 2437       1.121298696744e+01 
 2438       1.121469494839e+01 
 2439       1.121640233000e+01 
 2440       1.121810911258e+01 
 2441       1.121981529640e+01 
 2442       1.122152088171e+01 
 2443       1.122322586875e+01 
 2444       1.122493025772e+01 
 2445       1.122663404881e+01 
 2446       1.122833724217e+01 
 2447       1.123003983797e+01 
 2448       1.123174183630e+01 
 2449       1.123344323727e+01 
 2450       1.123514404103e+01 
 2451       1.123684424798e+01 
 2452       1.123854385861e+01 
 2453       1.124024287334e+01 
 2454       1.124194129262e+01 
 2455       1.124363911683e+01 
 2456       1.124533634637e+01 
 2457       1.124703298159e+01 
 2458       1.124872902284e+01 
 2459       1.125042447042e+01 
 2460       1.125211932464e+01 
 2461       1.125381358577e+01 
 2462       1.125550725407e+01 
 2463       1.125720032976e+01 
 2464       1.125889281306e+01 
 2465       1.126058470415e+01 
 2466       1.126227600321e+01 
 2467       1.126396671037e+01 
 2468       1.126565682577e+01 
 2469       1.126734634949e+01 
 2470       1.126903528163e+01 
 2471       1.127072362223e+01 
 2472       1.127241137134e+01 
 2473       1.127409852897e+01 
 2474       1.127578509524e+01 
 2475       1.127747107081e+01 
 2476       1.127915645642e+01 
 2477       1.128084125283e+01 
 2478       1.128252546076e+01 
 2479       1.128420908091e+01 
 2480       1.128589211395e+01 
 2481       1.128757456056e+01 
 2482       1.128925642138e+01 
 2483       1.129093769703e+01 
 2484       1.129261838811e+01 
 2485       1.129429849522e+01 
 2486       1.129597801890e+01 
 2487       1.129765695972e+01 
 2488       1.129933531820e+01 
 2489       1.130101309483e+01 
 2490       1.130269029010e+01 
 2491       1.130436690449e+01 
 2492       1.130604293843e+01 
 2493       1.130771839235e+01 
 2494       1.130939326665e+01 
 2495       1.131106756173e+01 
 2496       1.131274127794e+01 
 2497       1.131441441562e+01 
 2498       1.131608697517e+01 
 2499       1.131775895713e+01 
 2500       1.131943036210e+01 
 2501       1.132110119066e+01 
 2502       1.132277144337e+01 
 2503       1.132444112075e+01 
 2504       1.132611022334e+01 
 2505       1.132777875162e+01 
 2506       1.132944670608e+01 
 2507       1.133111408717e+01 
 2508       1.133278089534e+01 
 2509       1.133444713099e+01 
 2510       1.133611279455e+01 
 2511       1.133777788637e+01 
 2512       1.133944240683e+01 
 2513       1.134110635627e+01 
 2514       1.134276973501e+01 
 2515       1.134443254334e+01 
 2516       1.134609478156e+01 
 2517       1.134775644991e+01 
 2518       1.134941754865e+01 
 2519       1.135107807800e+01 
 2520       1.135273803816e+01 
 2521       1.135439742931e+01 
 2522       1.135605625165e+01 
 2523       1.135771450554e+01 
 2524       1.135937219134e+01 
 2525       1.136102930942e+01 
 2526       1.136268586011e+01 
 2527       1.136434184371e+01 
 2528       1.136599726054e+01 
 2529       1.136765211086e+01 
 2530       1.136930639494e+01 
 2531       1.137096011300e+01 
 2532       1.137261326527e+01 
 2533       1.137426585194e+01 
 2534       1.137591787319e+01 
 2535       1.137756932919e+01 
 2536       1.137922022007e+01 
 2537       1.138087054595e+01 
 2538       1.138252030693e+01 
 2539       1.138416950308e+01 
 2540       1.138581813448e+01 
 2541       1.138746620116e+01 
 2542       1.138911370314e+01 
 2543       1.139076064041e+01 
 2544       1.139240701297e+01 
 2545       1.139405282077e+01 
 2546       1.139569806388e+01 
 2547       1.139734274291e+01 
 2548       1.139898685858e+01 
 2549       1.140063041159e+01 
 2550       1.140227340262e+01 
 2551       1.140391583234e+01 
 2552       1.140555770140e+01 
 2553       1.140719901043e+01 
 2554       1.140883976004e+01 
 2555       1.141047995084e+01 
 2556       1.141211958339e+01 
 2557       1.141375865826e+01 
 2558       1.141539717599e+01 
 2559       1.141703513710e+01 
 2560       1.141867254211e+01 
 2561       1.142030939149e+01 
 2562       1.142194568573e+01 
 2563       1.142358142527e+01 
 2564       1.142521661055e+01 
 2565       1.142685124199e+01 
 2566       1.142848531997e+01 
 2567       1.143011884489e+01 
 2568       1.143175181711e+01 
 2569       1.143338423697e+01 
 2570       1.143501610484e+01 
 2571       1.143664742131e+01 
 2572       1.143827818699e+01 
 2573       1.143990840247e+01 
 2574       1.144153806832e+01 
 2575       1.144316718511e+01 
 2576       1.144479575338e+01 
 2577       1.144642377364e+01 
 2578       1.144805124642e+01 
 2579       1.144967817220e+01 
 2580       1.145130455144e+01 
 2581       1.145293038462e+01 
 2582       1.145455567215e+01 
 2583       1.145618041446e+01 
 2584       1.145780461196e+01 
 2585       1.145942826503e+01 
 2586       1.146105137402e+01 
 2587       1.146267393930e+01 
 2588       1.146429596119e+01 
 2589       1.146591744001e+01 
 2590       1.146753837605e+01 
 2591       1.146915876959e+01 
 2592       1.147077862088e+01 
 2593       1.147239793018e+01 
 2594       1.147401669771e+01 
 2595       1.147563492379e+01 
 2596       1.147725260870e+01 
 2597       1.147886975273e+01 
 2598       1.148048635614e+01 
 2599       1.148210241917e+01 
 2600       1.148371794206e+01 
 2601       1.148533292501e+01 
 2602       1.148694736821e+01 
 2603       1.148856127184e+01 
 2604       1.149017463606e+01 
 2605       1.149178746099e+01 
 2606       1.149339974677e+01 
 2607       1.149501149349e+01 
 2608       1.149662270124e+01 
 2609       1.149823337008e+01 
 2610       1.149984350006e+01 
 2611       1.150145309122e+01 
 2612       1.150306214356e+01 
 2613       1.150467065707e+01 
 2614       1.150627863174e+01 
 2615       1.150788606752e+01 
 2616       1.150949296434e+01 
 2617       1.151109932214e+01 
 2618       1.151270514094e+01 
 2619       1.151431042133e+01 
 2620       1.151591516399e+01 
 2621       1.151751936962e+01 
 2622       1.151912303887e+01 
 2623       1.152072617238e+01 
 2624       1.152232877080e+01 
 2625       1.152393083474e+01 
 2626       1.152553236479e+01 
 2627       1.152713336154e+01 
 2628       1.152873382557e+01 
 2629       1.153033375741e+01 
 2630       1.153193315761e+01 
 2631       1.153353202669e+01 
 2632       1.153513036515e+01 
 2633       1.153672817348e+01 
 2634       1.153832545214e+01 
 2635       1.153992220159e+01 
 2636       1.154151842228e+01 
 2637       1.154311411462e+01 
 2638       1.154470927902e+01 
 2639       1.154630391587e+01 
 2640       1.154789802555e+01 
 2641       1.154949160840e+01 
 2642       1.155108466482e+01 
 2643       1.155267719537e+01 
 2644       1.155426920066e+01 
 2645       1.155586068126e+01 
 2646       1.155745163774e+01 
 2647       1.155904207065e+01 
 2648       1.156063198053e+01 
 2649       1.156222136790e+01 
 2650       1.156381023326e+01 
 2651       1.156539857710e+01 
 2652       1.156698639989e+01 
 2653       1.156857370208e+01 
 2654       1.157016048413e+01 
 2655       1.157174674645e+01 
 2656       1.157333248945e+01 
 2657       1.157491771353e+01 
 2658       1.157650241906e+01 
 2659       1.157808660640e+01 
 2660       1.157967027590e+01 
 2661       1.158125342789e+01 
 2662       1.158283606268e+01 
 2663       1.158441818056e+01 
 2664       1.158599978183e+01 
 2665       1.158758086673e+01 
 2666       1.158916143553e+01 
 2667       1.159074148846e+01 
 2668       1.159232102577e+01 
 2669       1.159390004765e+01 
 2670       1.159547855431e+01 
 2671       1.159705654594e+01 
 2672       1.159863402269e+01 
 2673       1.160021098472e+01 
 2674       1.160178743216e+01 
 2675       1.160336336512e+01 
 2676       1.160493878371e+01 
 2677       1.160651368801e+01 
 2678       1.160808807809e+01 
 2679       1.160966195399e+01 
 2680       1.161123531576e+01 
 2681       1.161280816341e+01 
 2682       1.161438049694e+01 
 2683       1.161595231633e+01 
 2684       1.161752362156e+01 
 2685       1.161909441257e+01 
 2686       1.162066468931e+01 
 2687       1.162223445168e+01 
 2688       1.162380369959e+01 
 2689       1.162537243293e+01 
 2690       1.162694065171e+01 
 2691       1.162850835649e+01 
 2692       1.163007554800e+01 
 2693       1.163164222691e+01 
 2694       1.163320839391e+01 
 2695       1.163477404966e+01 
 2696       1.163633919480e+01 
 2697       1.163790382997e+01 
 2698       1.163946795579e+01 
 2699       1.164103157287e+01 
 2700       1.164259468179e+01 
 2701       1.164415728313e+01 
 2702       1.164571937745e+01 
 2703       1.164728096530e+01 
 2704       1.164884204722e+01 
 2705       1.165040262371e+01 
 2706       1.165196269529e+01 
 2707       1.165352226244e+01 
 2708       1.165508132564e+01 
 2709       1.165663988535e+01 
 2710       1.165819794201e+01 
 2711       1.165975549605e+01 
 2712       1.166131254789e+01 
 2713       1.166286909794e+01 
 2714       1.166442514659e+01 
 2715       1.166598069439e+01 
 2716       1.166753574187e+01 
 2717       1.166909028955e+01 
 2718       1.167064433796e+01 
 2719       1.167219788757e+01 
 2720       1.167375093888e+01 
 2721       1.167530349235e+01 
 2722       1.167685554845e+01 
 2723       1.167840710759e+01 
 2724       1.167995817023e+01 
 2725       1.168150873675e+01 
 2726       1.168305880756e+01 
 2727       1.168460838304e+01 
 2728       1.168615746356e+01 
 2729       1.168770604947e+01 
 2730       1.168925414110e+01 
 2731       1.169080173878e+01 
 2732       1.169234884283e+01 
 2733       1.169389545352e+01 
 2734       1.169544157114e+01 
 2735       1.169698719597e+01 
 2736       1.169853232823e+01 
 2737       1.170007696818e+01 
 2738       1.170162111603e+01 
 2739       1.170316477197e+01 
 2740       1.170470793619e+01 
 2741       1.170625060885e+01 
 2742       1.170779279010e+01 
 2743       1.170933448008e+01 
 2744       1.171087567891e+01 
 2745       1.171241638669e+01 
 2746       1.171395660352e+01 
 2747       1.171549632946e+01 
 2748       1.171703556459e+01 
 2749       1.171857430895e+01 
 2750       1.172011256256e+01 
 2751       1.172165032544e+01 
 2752       1.172318759760e+01 
 2753       1.172472437901e+01 
 2754       1.172626066965e+01 
 2755       1.172779646948e+01 
 2756       1.172933177842e+01 
 2757       1.173086659641e+01 
 2758       1.173240092336e+01 
 2759       1.173393475916e+01 
 2760       1.173546810369e+01 
 2761       1.173700095680e+01 
 2762       1.173853331852e+01 
 2763       1.174006518943e+01 
 2764       1.174159657031e+01 
 2765       1.174312746188e+01 
 2766       1.174465786488e+01 
 2767       1.174618778003e+01 
 2768       1.174771720802e+01 
 2769       1.174924614954e+01 
 2770       1.175077460527e+01 
 2771       1.175230257587e+01 
 2772       1.175383006200e+01 
 2773       1.175535706430e+01 
 2774       1.175688358338e+01 
 2775       1.175840961986e+01 
 2776       1.175993517435e+01 
 2777       1.176146024742e+01 
 2778       1.176298483964e+01 
 2779       1.176450895159e+01 
 2780       1.176603258381e+01 
 2781       1.176755573683e+01 
 2782       1.176907841117e+01 
 2783       1.177060060734e+01 
 2784       1.177212232584e+01 
 2785       1.177364356714e+01 
 2786       1.177516433172e+01 
 2787       1.177668461999e+01 
 2788       1.177820443237e+01 
 2789       1.177972376926e+01 
 2790       1.178124263104e+01 
 2791       1.178276101807e+01 
 2792       1.178427893072e+01 
 2793       1.178579636932e+01 
 2794       1.178731333420e+01 
 2795       1.178882982569e+01 
 2796       1.179034584408e+01 
 2797       1.179186138966e+01 
 2798       1.179337646271e+01 
 2799       1.179489106349e+01 
 2800       1.179640519225e+01 
 2801       1.179791884922e+01 
 2802       1.179943203462e+01 
 2803       1.180094474866e+01 
 2804       1.180245699154e+01 
 2805       1.180396876343e+01 
 2806       1.180548006451e+01 
 2807       1.180699089492e+01 
 2808       1.180850125481e+01 
 2809       1.181001114429e+01 
 2810       1.181152056351e+01 
 2811       1.181302951263e+01 
 2812       1.181453799184e+01 
 2813       1.181604600132e+01 
 2814       1.181755354121e+01 
 2815       1.181906061166e+01 
 2816       1.182056721280e+01 
 2817       1.182207334475e+01 
 2818       1.182357900760e+01 
 2819       1.182508420145e+01 
 2820       1.182658892636e+01 
 2821       1.182809318241e+01 
 2822       1.182959696963e+01 
 2823       1.183110028806e+01 
 2824       1.183260313771e+01 
 2825       1.183410551861e+01 
 2826       1.183560743073e+01 
 2827       1.183710887405e+01 
 2828       1.183860984854e+01 
 2829       1.184011035416e+01 
 2830       1.184161039082e+01 
 2831       1.184310995847e+01 
 2832       1.184460905700e+01 
 2833       1.184610768632e+01 
 2834       1.184760584646e+01 
 2835       1.184910353808e+01 
 2836       1.185060076201e+01 
 2837       1.185209751904e+01 
 2838       1.185359380996e+01 
 2839       1.185508963555e+01 
 2840       1.185658499657e+01 
 2841       1.185807989380e+01 
 2842       1.185957432796e+01 
 2843       1.186106829980e+01 
 2844       1.186256181003e+01 
 2845       1.186405485936e+01 
 2846       1.186554744850e+01 
 2847       1.186703957814e+01 
 2848       1.186853124893e+01 
 2849       1.187002246157e+01 
 2850       1.187151321668e+01 
 2851       1.187300351492e+01 
 2852       1.187449335692e+01 
 2853       1.187598274329e+01 
 2854       1.187747167464e+01 
 2855       1.187896015156e+01 
 2856       1.188044817465e+01 
 2857       1.188193574446e+01 
 2858       1.188342286150e+01 
 2859       1.188490952603e+01 
 2860       1.188639573823e+01 
 2861       1.188788149828e+01 
 2862       1.188936680632e+01 
 2863       1.189085166251e+01 
 2864       1.189233606699e+01 
 2865       1.189382001987e+01 
 2866       1.189530352126e+01 
 2867       1.189678657126e+01 
 2868       1.189826916994e+01 
 2869       1.189975131739e+01 
 2870       1.190123301364e+01 
 2871       1.190271425876e+01 
 2872       1.190419505276e+01 
 2873       1.190567539567e+01 
 2874       1.190715528749e+01 
 2875       1.190863472821e+01 
 2876       1.191011371782e+01 
 2877       1.191159225627e+01 
 2878       1.191307034352e+01 
 2879       1.191454797950e+01 
 2880       1.191602516416e+01 
 2881       1.191750189739e+01 
 2882       1.191897817917e+01 
 2883       1.192045400980e+01 
 2884       1.192192938962e+01 
 2885       1.192340431897e+01 
 2886       1.192487879818e+01 
 2887       1.192635282757e+01 
 2888       1.192782640744e+01 
 2889       1.192929953807e+01 
 2890       1.193077221976e+01 
 2891       1.193224445276e+01 
 2892       1.193371623734e+01 
 2893       1.193518757373e+01 
 2894       1.193665846218e+01 
 2895       1.193812890289e+01 
 2896       1.193959889608e+01 
 2897       1.194106844194e+01 
 2898       1.194253754066e+01 
 2899       1.194400619240e+01 
 2900       1.194547439733e+01 
 2901       1.194694215559e+01 
 2902       1.194840946732e+01 
 2903       1.194987633264e+01 
 2904       1.195134275166e+01 
 2905       1.195280872448e+01 
 2906       1.195427425128e+01 
 2907       1.195573933258e+01 
 2908       1.195720396900e+01 
 2909       1.195866816115e+01 
 2910       1.196013190960e+01 
 2911       1.196159521494e+01 
 2912       1.196305807774e+01 
 2913       1.196452049855e+01 
 2914       1.196598247793e+01 
 2915       1.196744401640e+01 
 2916       1.196890511449e+01 
 2917       1.197036577272e+01 
 2918       1.197182599159e+01 
 2919       1.197328577159e+01 
 2920       1.197474511320e+01 
 2921       1.197620401689e+01 
 2922       1.197766248312e+01 
 2923       1.197912051235e+01 
 2924       1.198057810499e+01 
 2925       1.198203526149e+01 
 2926       1.198349198226e+01 
 2927       1.198494826770e+01 
 2928       1.198640411820e+01 
 2929       1.198785953414e+01 
 2930       1.198931451594e+01 
 2931       1.199076906415e+01 
 2932       1.199222317936e+01 
 2933       1.199367686216e+01 
 2934       1.199513011311e+01 
 2935       1.199658293277e+01 
 2936       1.199803532168e+01 
 2937       1.199948728038e+01 
 2938       1.200093880940e+01 
 2939       1.200238990925e+01 
 2940       1.200384058044e+01 
 2941       1.200529082346e+01 
 2942       1.200674063879e+01 
 2943       1.200819002691e+01 
 2944       1.200963898828e+01 
 2945       1.201108752334e+01 
 2946       1.201253563255e+01 
 2947       1.201398331632e+01 
 2948       1.201543057508e+01 
 2949       1.201687740924e+01 
 2950       1.201832381918e+01 
 2951       1.201976980531e+01 
 2952       1.202121536799e+01 
 2953       1.202266050759e+01 
 2954       1.202410522411e+01 
 2955       1.202554951611e+01 
 2956       1.202699338180e+01 
 2957       1.202843681935e+01 
 2958       1.202987982693e+01 
 2959       1.203132240268e+01 
 2960       1.203276454474e+01 
 2961       1.203420625122e+01 
 2962       1.203564752021e+01 
 2963       1.203708834979e+01 
 2964       1.203852873804e+01 
 2965       1.203996868298e+01 
 2966       1.204140818266e+01 
 2967       1.204284723509e+01 
 2968       1.204428583826e+01 
 2969       1.204572399015e+01 
 2970       1.204716168872e+01 
 2971       1.204859893192e+01 
 2972       1.205003571767e+01 
 2973       1.205147204388e+01 
 2974       1.205290790846e+01 
 2975       1.205434330927e+01 
 2976       1.205577824417e+01 
 2977       1.205721271101e+01 
 2978       1.205864670970e+01 
 2979       1.206008024855e+01 
 2980       1.206151333795e+01 
 2981       1.206294598833e+01 
 2982       1.206437821011e+01 
 2983       1.206581001376e+01 
 2984       1.206724140974e+01 
 2985       1.206867240854e+01 
 2986       1.207010302067e+01 
 2987       1.207153325663e+01 
 2988       1.207296312697e+01 
 2989       1.207439264225e+01 
 2990       1.207582181302e+01 
 2991       1.207725064988e+01 
 2992       1.207867916343e+01 
 2993       1.208010736429e+01 
 2994       1.208153526310e+01 
 2995       1.208296287051e+01 
 2996       1.208439019718e+01 
 2997       1.208581725381e+01 
 2998       1.208724405110e+01 
 2999       1.208867059977e+01 
 3000       1.209009691056e+01 
