#--- z=1.000, D(z)=0.6146, f(z)=0.8651  ---#
#-------------------------------------------------------------------------------------------------------------------------------------------------------------------------------------------------------------------------------------------------------------------------------------------------------------------------------------------#
#   r [Mpc/h]            xi_Zel               xi_A                 xi_W                 xi_ct0               xi_d                 xi_dd                xi_d^2               xi_dd^2              xi_d^2d^2            xi_s^2               xi_ds^2              xi_d^2s^2            xi_s^2s^2            xi_D2d               xi_dD2d      #
#-------------------------------------------------------------------------------------------------------------------------------------------------------------------------------------------------------------------------------------------------------------------------------------------------------------------------------------------#
 2.500000000E-01      3.950029257E+00     -2.620014823E+00     -8.880984130E-01     -8.565598768E+00      9.382862672E+00      1.474209102E+01      5.546013879E+00      1.827356314E+01      5.073428876E+01     -5.123020009E+00     -1.207954826E+00      2.768886404E+00      5.322086572E+00     -6.557617824E+00     -8.142842591E+00
 5.000000000E-01      3.207861357E+00     -1.139582272E+00     -4.218410964E-01     -2.583802472E+00      9.066933140E+00      1.019410860E+01      4.120545013E+00      1.018254556E+01      2.372148528E+01     -2.706746366E+00     -7.462862268E-01      1.661379276E+00      2.606635280E+00     -1.539142896E+00     -1.939051191E+00
 7.500000000E-01      2.629827299E+00     -4.742832069E-01     -1.587348595E-01     -1.130654157E+00      7.963701443E+00      7.415399994E+00      3.077611579E+00      6.383503518E+00      1.319609312E+01     -1.613320189E+00     -4.997405599E-01      1.107478024E+00      1.510583055E+00     -6.380160138E-01     -6.493669854E-01
 1.000000000E+00      2.179624689E+00     -1.435865379E-01     -1.102574363E-02     -5.496249016E-01      6.787156114E+00      5.566369156E+00      2.302082027E+00      4.232541007E+00      8.235957068E+00     -1.018451151E+00     -3.485458540E-01      7.919287485E-01      9.767668278E-01     -3.246489709E-01     -2.820919590E-01
 1.250000000E+00      1.825870323E+00      2.057646975E-02      6.603135204E-02     -2.775999779E-01      5.719628459E+00      4.275673208E+00      1.726944168E+00      2.910619260E+00      5.534000198E+00     -6.689393520E-01     -2.500366264E-01      5.939684298E-01      6.775528375E-01     -1.819780093E-01     -1.429380174E-01
 1.500000000E+00      1.545961227E+00      9.693560845E-02      1.006105093E-01     -1.411586441E-01      4.806892759E+00      3.348909010E+00      1.300653628E+00      2.058680491E+00      3.919538430E+00     -4.539246966E-01     -1.835058069E-01      4.617691136E-01      4.942047292E-01     -1.086183802E-01     -8.002814857E-02
 1.750000000E+00      1.322924546E+00      1.265757011E-01      1.105695907E-01     -7.044319750E-02      4.048075679E+00      2.670063251E+00      9.845207368E-01      1.490733740E+00      2.889491473E+00     -3.171197939E-01     -1.373712455E-01      3.693566739E-01      3.745505016E-01     -6.784245959E-02     -4.804640757E-02
 2.000000000E+00      1.143841937E+00      1.318785795E-01      1.070976700E-01     -3.338164094E-02      3.426034426E+00      2.164677978E+00      7.496877998E-01      1.101852868E+00      2.198554426E+00     -2.276112887E-01     -1.046818512E-01      3.023745598E-01      2.926169373E-01     -4.389313262E-02     -3.035491133E-02
 2.250000000E+00      9.988442392E-01      1.252069002E-01      9.704223823E-02     -1.406956497E-02      2.919369207E+00      1.782903480E+00      5.747548459E-01      8.294790116E-01      1.716142919E+00     -1.675517697E-01     -8.107587012E-02      2.523411875E-01      2.343091725E-01     -2.922128102E-02     -1.991268579E-02
 2.500000000E+00      8.803846417E-01      1.133483666E-01      8.444880434E-02     -4.242181433E-03      2.507332469E+00      1.490471107E+00      4.439264363E-01      6.348287294E-01      1.368028402E+00     -1.262734921E-01     -6.373047244E-02      2.139949956E-01      1.914725473E-01     -1.992541458E-02     -1.345211024E-02
 2.750000000E+00      7.826891763E-01      9.993775972E-02      7.158663173E-02      5.155249274E-04      2.171668595E+00      1.263396778E+00      3.455886916E-01      4.931406053E-01      1.109775468E+00     -9.723167521E-02     -5.077587996E-02      1.839441301E-01      1.591458972E-01     -1.386606249E-02     -9.284860016E-03
 3.000000000E+00      7.013356749E-01      8.682490627E-02      5.962617294E-02      2.595832256E-03      1.897091144E+00      1.084671578E+00      2.712247950E-01      3.882291224E-01      9.136315094E-01     -7.632534064E-02     -4.095016717E-02      1.599312128E-01      1.341851146E-01     -9.817446681E-03     -6.506602160E-03
 3.250000000E+00      6.329310185E-01      7.486075354E-02      4.908040491E-02      3.299960046E-03      1.671162427E+00      9.421053195E-01      2.145992810E-01      3.093019587E-01      7.616307187E-01     -6.093713898E-02     -3.338792584E-02      1.404138722E-01      1.145277315E-01     -7.052800756E-03     -4.605060241E-03
 3.500000000E+00      5.748642217E-01      6.435178668E-02      4.008663876E-02      3.331606639E-03      1.483939573E+00      8.268791199E-01      1.711492207E-01      2.490357010E-01      6.417760022E-01     -4.936789408E-02     -2.748698596E-02      1.243115316E-01      9.877987102E-02     -5.127469941E-03     -3.279775446E-03
 3.750000000E+00      5.251181381E-01      5.532123832E-02      3.258208099E-02      3.065249173E-03      1.327560664E+00      7.325574842E-01      1.375338647E-01      2.023801416E-01      5.458353491E-01     -4.049533928E-02     -2.282271284E-02      1.108512925E-01      8.597440845E-02     -3.762967234E-03     -2.335834836E-03
 4.000000000E+00      4.821270376E-01      4.765697969E-02      2.640980531E-02      2.694476731E-03      1.195848077E+00      6.544022333E-01      1.113030363E-01      1.657996248E-01      4.680216792E-01     -3.356660962E-02     -1.909167498E-02      9.946941868E-02      7.542479828E-02     -2.779991353E-03     -1.652743610E-03
 4.250000000E+00      4.446680019E-01      4.119341547E-02      2.138008788E-02      2.314028036E-03      1.083962703E+00      5.888943278E-01      9.065489412E-02      1.367828370E-01      4.041788131E-01     -2.806686511E-02     -1.607421905E-02      8.974676506E-02      6.663318780E-02     -2.061599192E-03     -1.153467088E-03
 4.500000000E+00      4.117809241E-01      3.575450254E-02      1.730378292E-02      1.966071656E-03      9.881154291E-01      5.333958400E-01      7.425905028E-02      1.135211057E-01      3.512638459E-01     -2.363813982E-02     -1.360933218E-02      8.136671753E-02      5.923175473E-02     -1.529708528E-03     -7.833282543E-04
 4.750000000E+00      3.827050425E-01      3.117490410E-02      1.400873133E-02      1.665470849E-03      9.053344941E-01      4.859103584E-01      6.112882758E-02      9.469384885E-02      3.070091937E-01     -2.002680054E-02     -1.157748806E-02      7.408638233E-02      5.294419325E-02     -1.131393218E-03     -5.109392269E-04
 5.000000000E+00      3.568336824E-01      2.730881334E-02      1.134624570E-02      1.413722046E-03      8.332815102E-01      4.449110739E-01      5.052772803E-02      7.932393643E-02      2.696987548E-01     -1.704981656E-02     -9.888907754E-03      6.771666313E-02      4.755958926E-02     -8.301699274E-04     -3.055545867E-04
 5.250000000E+00      3.336790247E-01      2.403226747E-02      9.192124928E-03      1.206412555E-03      7.701077313E-01      4.092188227E-01      4.190270173E-02      6.667932229E-02      2.380153235E-01     -1.457273602E-02     -8.475293691E-03      6.210841279E-02      4.291476323E-02     -6.003965084E-04     -1.520261426E-04
 5.500000000E+00      3.128455490E-01      2.124216738E-02      7.444911306E-03      1.037066514E-03      7.143430718E-01      3.779133729E-01      3.483527824E-02      5.620496737E-02      2.109347903E-01     -1.249493406E-02     -7.284089690E-03      5.714258483E-02      3.888170932E-02     -4.238520027E-04     -3.691376399E-05
 5.750000000E+00      2.940100358E-01      1.885393171E-02      6.022946568E-03      8.990309729E-04      6.648107831E-01      3.502689536E-01      2.900615613E-02      4.747476940E-02      1.876516073E-01     -1.073994896E-02     -6.274413571E-03      5.272314647E-02      3.535910303E-02     -2.873841986E-04      5.079691081E-05
 6.000000000E+00      2.769057626E-01      1.679867367E-02      4.861150466E-03      7.862897917E-04      6.205621926E-01      3.257074539E-01      2.416985531E-02      4.015858948E-02      1.675256109E-01     -9.248756817E-03     -5.414110089E-03      4.877172948E-02      3.226560367E-02     -1.813776957E-04      1.153785907E-04
 6.250000000E+00      2.613115534E-01      1.502048933E-02      3.907956058E-03      6.937494792E-04      5.808266294E-01      3.037635130E-01      2.013583774E-02      3.399744451E-02      1.500430795E-01     -7.975041861E-03     -4.677656933E-03      4.522397938E-02      2.953553064E-02     -9.894928150E-05      1.629179988E-04
 6.500000000E+00      2.470420683E-01      1.347403756E-02      3.122625557E-03      6.172830952E-04      5.449730978E-01      2.840592137E-01      1.675519916E-02      2.878654703E-02      1.347881107E-01     -6.882179396E-03     -4.044597707E-03      4.202630380E-02      2.711514330E-02     -3.470694423E-05      1.983819330E-04
 6.750000000E+00      2.339412231E-01      1.212246637E-02      2.472987048E-03      5.535588166E-04      5.124810903E-01      2.662844423E-01      1.391027237E-02      2.436233366E-02      1.214214575E-01     -5.940765933E-03     -3.498379769E-03      3.913407143E-02      2.496034816E-02      1.535367410E-05      2.238623597E-04
 7.000000000E+00      2.218763021E-01      1.093574000E-02      1.933598017E-03      4.999778342E-04      4.829180374E-01      2.501831644E-01      1.150748843E-02      2.059334324E-02      1.096641911E-01     -5.126942259E-03     -3.025530628E-03      3.650955710E-02      2.303452728E-02      5.430089635E-05      2.415409998E-04
 7.250000000E+00      2.107340461E-01      9.889232543E-03      1.484274775E-03      4.545121862E-04      4.559212520E-01      2.355417759E-01      9.471766996E-03      1.737303101E-02      9.928551283E-02     -4.421244843E-03     -2.614975193E-03      3.412084599E-02      2.130712185E-02      8.445938738E-05      2.531174080E-04
 7.500000000E+00      2.004170219E-01      8.962704706E-03      1.108935520E-03      4.155717160E-04      4.311852929E-01      2.221808616E-01      7.742531774E-03      1.461425171E-02      9.009322357E-02     -3.807641637E-03     -2.257540527E-03      3.194071174E-02      1.975251637E-02      1.076243706E-04      2.597598752E-04
 7.750000000E+00      1.908410796E-01      8.139369527E-03      7.947061884E-04      3.819160028E-04      4.084506859E-01      2.099486482E-01      6.270363795E-03      1.224539703E-02      8.192632804E-02     -3.272797438E-03     -1.945644256E-03      2.994575440E-02      1.834897503E-02      1.252339289E-04      2.635535165E-04
 8.000000000E+00      1.819330439E-01      7.405252952E-03      5.312182930E-04      3.525964695E-04      3.875412549E-01      1.987160509E-01      5.014780002E-03      1.020744426E-02      7.464929685E-02     -2.805623565E-03     -1.672913972E-03      2.811588511E-02      1.707813881E-02      1.384203527E-04      2.635700507E-04
 8.250000000E+00      1.736290367E-01      6.748741559E-03      3.100713380E-04      3.268410458E-04      3.681302412E-01      1.883725027E-01      3.942538626E-03      8.451227301E-03      6.814741514E-02     -2.396783219E-03     -1.433990062E-03      2.643362390E-02      1.592426894E-02      1.480333354E-04      2.622125719E-04
 8.500000000E+00      1.658730103E-01      6.159961694E-03      1.244174229E-04      3.040563006E-04      3.501888393E-01      1.788227982E-01      3.025933607E-03      6.935714532E-03      6.232318605E-02     -2.038398957E-03     -1.224340704E-03      2.488379433E-02      1.487386806E-02      1.548195149E-04      2.591775708E-04
 8.750000000E+00      1.586155844E-01      5.630087528E-03     -3.135898976E-05      2.837624038E-04      3.335297354E-01      1.699847452E-01      2.241988604E-03      5.626530288E-03      5.709333592E-02     -1.723811739E-03     -1.040127966E-03      2.345314344E-02      1.391534419E-02      1.593257763E-04      2.545372472E-04
 9.000000000E+00      1.518130990E-01      5.152531634E-03     -1.618889643E-04      2.656245054E-04      3.180277753E-01      1.617865481E-01      1.571309966E-03      4.494641141E-03      5.238643399E-02     -1.447331125E-03     -8.780730808E-04      2.213002501E-02      1.303860947E-02      1.620009799E-04      2.493153907E-04
 9.250000000E+00      1.454267837E-01      4.720766251E-03     -2.710187781E-04      2.493000408E-04      3.035736834E-01      1.541656579E-01      9.977388562E-04      3.515680685E-03      4.814095688E-02     -1.204098697E-03     -7.353760884E-04      2.090421572E-02      1.223494789E-02      1.631806938E-04      2.434499656E-04
 9.500000000E+00      1.394221036E-01      4.329951677E-03     -3.619518168E-04      2.343667532E-04      2.900712792E-01      1.470672373E-01      5.076144530E-04      2.668447170E-03      4.430381926E-02     -9.899473858E-04     -6.096170924E-04      1.976667221E-02      1.149674364E-02      1.631962954E-04      2.368827871E-04
 9.750000000E+00      1.337681809E-01      3.975350090E-03     -4.373752891E-04      2.208688707E-04      2.774356374E-01      1.404429569E-01      8.927045324E-05      1.935410035E-03      4.082898203E-02     -8.012921696E-04     -4.987300533E-04      1.870934727E-02      1.081732371E-02      1.622885213E-04      2.302895637E-04
 1.000000000E+01      1.284373461E-01      3.653015714E-03     -4.995553440E-04      2.085461960E-04      2.655913154E-01      1.342501647E-01     -2.671951757E-04      1.301492225E-03      3.767641118E-02     -6.350377068E-04     -4.009154085E-04      1.772510818E-02      1.019083724E-02      1.606330390E-04      2.239207159E-04
 1.025000000E+01      1.234047131E-01      3.359508053E-03     -5.503919278E-04      1.972454091E-04      2.544714108E-01      1.284509829E-01     -5.701911979E-04      7.536509407E-04      3.481117053E-02     -4.884947871E-04     -3.146167954E-04      1.680763374E-02      9.612145751E-03      1.584002125E-04      2.167686372E-04
 1.050000000E+01      1.186478529E-01      3.091814351E-03     -5.915202731E-04      1.868498427E-04      2.440160672E-01      1.230117863E-01     -8.269127448E-04      2.806976898E-04      3.220269201E-02     -3.593350520E-04     -2.384826360E-04      1.595122530E-02      9.076694929E-03      1.557159076E-04      2.097220063E-04
 1.075000000E+01      1.141464351E-01      2.847302633E-03     -6.243172324E-04      1.772499323E-04      2.341717147E-01      1.179025149E-01     -1.043543885E-03     -1.269974137E-04      2.982413760E-02     -2.455196042E-04     -1.713322994E-04      1.515076196E-02      8.580429243E-03      1.526631032E-04      2.023761767E-04
 1.100000000E+01      1.098821341E-01      2.623647386E-03     -6.499638940E-04      1.683765601E-04      2.248902723E-01      1.130962100E-01     -1.225463104E-03     -4.777252056E-04      2.765190072E-02     -1.452915469E-04     -1.121309834E-04      1.440172252E-02      8.119799833E-03      1.493725112E-04      1.956804595E-04
 1.125000000E+01      1.058382512E-01      2.418795923E-03     -6.694706282E-04      1.601376956E-04      2.161284565E-01      1.085687636E-01     -1.377261058E-03     -7.787008920E-04      2.566518049E-02     -5.708898769E-05     -5.997509103E-05      1.369996926E-02      7.691605609E-03      1.458935572E-04      1.891777409E-04
 1.150000000E+01      1.019995322E-01      2.230933912E-03     -6.837073685E-04      1.524750241E-04      2.078471905E-01      1.042985224E-01     -1.502883431E-03     -1.036168324E-03      2.384556722E-02      2.044958593E-05     -1.407248403E-05      1.304173841E-02      7.292987169E-03      1.422774998E-04      1.823025118E-04
 1.175000000E+01      9.835219214E-02      2.058443060E-03     -6.934177941E-04      1.453282304E-04      2.000111486E-01      1.002658813E-01     -1.605732400E-03     -1.255553660E-03      2.217676232E-02      8.851711841E-05      2.627360420E-05      1.242372290E-02      6.921407275E-03      1.385689286E-04      1.757829611E-04
 1.200000000E+01      9.488349077E-02      1.899887822E-03     -6.992502169E-04      1.386569277E-04      1.925882703E-01      9.645313916E-02     -1.688845789E-03     -1.441592220E-03      2.064427535E-02      1.481702580E-04      6.168085986E-05      1.184286397E-02      6.574596990E-03      1.348143021E-04      1.695962296E-04
 1.225000000E+01      9.158184256E-02      1.753993963E-03     -7.017594322E-04      1.324103981E-04      1.855494202E-01      9.284425470E-02     -1.754833909E-03     -1.598401824E-03      1.923523721E-02      2.003329210E-04      9.269003810E-05      1.129635222E-02      6.250474517E-03      1.310440482E-04      1.634358469E-04
 1.250000000E+01      8.843656273E-02      1.619613484E-03     -7.014278307E-04      1.265526490E-04      1.788680750E-01      8.942467524E-02     -1.805929347E-03     -1.729598389E-03      1.793814108E-02      2.458316119E-04      1.197829838E-04      1.078169075E-02      5.947196358E-03      1.272799789E-04      1.573579173E-04
 1.275000000E+01      8.543819666E-02      1.495722235E-03     -6.986733547E-04      1.210517412E-04      1.725200244E-01      8.618111812E-02     -1.844074229E-03     -1.838336358E-03      1.674271308E-02      2.853913835E-04      1.433853311E-04      1.029661854E-02      5.663121390E-03      1.235456066E-04      1.517968991E-04
 1.300000000E+01      8.257687083E-02      1.381399365E-03     -6.938582378E-04      1.158773651E-04      1.664831349E-01      8.310150085E-02     -1.870977165E-03     -1.927382953E-03      1.563976285E-02      3.196544205E-04      1.638725748E-04      9.838997159E-03      5.396710690E-03      1.198572455E-04      1.462772973E-04
 1.325000000E+01      7.984508674E-02      1.275817729E-03     -6.872972955E-04      1.110029895E-04      1.607371273E-01      8.017480973E-02     -1.888183537E-03     -1.999164337E-03      1.462104851E-02      3.491948656E-04      1.815808264E-04      9.406905596E-03      5.146600409E-03      1.162246151E-04      1.408236504E-04
 1.350000000E+01      7.723491518E-02      1.178231215E-03     -6.792642037E-04      1.064054485E-04      1.552633918E-01      7.739090763E-02     -1.896986979E-03     -2.055821595E-03      1.367916740E-02      3.745227190E-04      1.968096506E-04      8.998613093E-03      4.911560364E-03      1.126583903E-04      1.358424128E-04
 1.375000000E+01      7.473926868E-02      1.087967065E-03     -6.699971435E-04      1.020632565E-04      1.500448334E-01      7.474055898E-02     -1.898539396E-03     -2.099224449E-03      1.280744988E-02      3.960876444E-04      2.098245785E-04      8.612516130E-03      4.690467518E-03      1.091726209E-04      1.308637895E-04
 1.400000000E+01      7.235154153E-02      1.004417634E-03     -6.597036088E-04      9.795749529E-05      1.450657005E-01      7.221525053E-02     -1.893832700E-03     -2.131028515E-03      1.199990128E-02      4.143047372E-04      2.208624875E-04      8.247105647E-03      4.482280675E-03      1.057663077E-04      1.261422993E-04
 1.425000000E+01      7.006564061E-02      9.270309079E-04     -6.485633610E-04      9.407095280E-05      1.403114775E-01      6.980716182E-02     -1.883729824E-03     -2.152688517E-03      1.125109837E-02      4.295186953E-04      2.301341826E-04      7.901024473E-03      4.286065303E-03      1.024431616E-04      1.215209649E-04
 1.450000000E+01      6.787589791E-02      8.553069918E-04     -6.367339965E-04      9.038851096E-05      1.357687625E-01      6.750909553E-02     -1.869043788E-03     -2.165488952E-03      1.055613866E-02      4.420599174E-04      2.378297430E-04      7.573044955E-03      4.100979338E-03      9.920811341E-05      1.171016835E-04
 1.475000000E+01      6.577704762E-02      7.887929517E-04     -6.243515483E-04      8.689525842E-05      1.314251481E-01      6.531435040E-02     -1.850455368E-03     -2.170576462E-03      9.910588812E-03      4.522127257E-04      2.441178226E-04      7.261995789E-03      3.926235614E-03      9.606542612E-05      1.129062810E-04
 1.500000000E+01      6.376418120E-02      7.270764906E-04     -6.115358005E-04      8.357867101E-05      1.272691528E-01      6.321685244E-02     -1.828550914E-03     -2.168933665E-03      9.310430623E-03      4.602386009E-04      2.491495438E-04      6.966801504E-03      3.761108590E-03      9.301342790E-05      1.088658325E-04
 1.525000000E+01      6.183272398E-02      6.697817874E-04     -5.983909842E-04      8.042728378E-05      1.232901378E-01      6.121093224E-02     -1.803821070E-03     -2.161457055E-03      8.752013576E-03      4.663668693E-04      2.530620230E-04      6.686484734E-03      3.604951930E-03      9.005261943E-05      1.049960934E-04
 1.550000000E+01      5.997841325E-02      6.165648031E-04     -5.850051404E-04      7.742997611E-05      1.194782047E-01      5.929121526E-02     -1.776727008E-03     -2.148926667E-03      8.232023154E-03      4.708047262E-04      2.559757283E-04      6.420137774E-03      3.457159442E-03      8.718366829E-05      1.013125617E-04
 1.575000000E+01      5.819725551E-02      5.671143629E-04     -5.714573604E-04      7.457723420E-05      1.158241720E-01      5.745292622E-02     -1.747704851E-03     -2.132038364E-03      7.747441204E-03      4.737359667E-04      2.580002107E-04      6.166910482E-03      3.317179994E-03      8.440226410E-05      9.766840075E-05
 1.600000000E+01      5.648552395E-02      5.211440558E-04     -5.578150623E-04      7.185980521E-05      1.123194762E-01      5.569150180E-02     -1.717113406E-03     -2.111402215E-03      7.295517954E-03      4.753275651E-04      2.592334376E-04      5.926002911E-03      3.184492357E-03      8.171060336E-05      9.428422269E-05
 1.625000000E+01      5.483973022E-02      4.783916933E-04     -5.441368775E-04      6.926956938E-05      1.089561439E-01      5.400271006E-02     -1.685243575E-03     -2.087560538E-03      6.873747952E-03      4.757321405E-04      2.597637006E-04      5.696701880E-03      3.058635363E-03      7.910876856E-05      9.084463613E-05
 1.650000000E+01      5.325660076E-02      4.386188095E-04     -5.304729340E-04      6.679862917E-05      1.057267412E-01      5.238261573E-02     -1.652362075E-03     -2.060991560E-03      6.479839479E-03      4.750814337E-04      2.596705615E-04      5.478331028E-03      2.939174666E-03      7.659278865E-05      8.771330655E-05
 1.675000000E+01      5.173306620E-02      4.016049716E-04     -5.168677230E-04      6.444016994E-05      1.026243294E-01      5.082753577E-02     -1.618697837E-03     -2.032121516E-03      6.111699455E-03      4.734983512E-04      2.590248166E-04      5.270251277E-03      2.825701375E-03      7.415816846E-05      8.462747901E-05
 1.700000000E+01      5.026624962E-02      3.671488957E-04     -5.033575839E-04      6.218765412E-05      9.964240545E-02      4.933410734E-02     -1.584464554E-03     -2.001326041E-03      5.767413062E-03      4.710894479E-04      2.578906085E-04      5.071883792E-03      2.717855203E-03      7.181150882E-05      8.163805742E-05
 1.725000000E+01      4.885343961E-02      3.350645875E-04     -4.899746228E-04      6.003524296E-05      9.677488213E-02      4.789912153E-02     -1.549868572E-03     -1.968932683E-03      5.445223900E-03      4.679535654E-04      2.563250584E-04      4.882674268E-03      2.615281816E-03      6.953753857E-05      7.888569289E-05
 1.750000000E+01      4.749209285E-02      3.051818220E-04     -4.767459058E-04      5.797634196E-05      9.401608519E-02      4.651959725E-02     -1.515063150E-03     -1.935240371E-03      5.143524033E-03      4.641791444E-04      2.543807516E-04      4.702111673E-03      2.517669716E-03      6.734585131E-05      7.620240867E-05
 1.775000000E+01      4.617981856E-02      2.773430354E-04     -4.636944994E-04      5.600695533E-05      9.136067138E-02      4.519273815E-02     -1.480175021E-03     -1.900502862E-03      4.860835589E-03      4.598444724E-04      2.521046845E-04      4.529723570E-03      2.424720746E-03      6.522804892E-05      7.361257040E-05
 1.800000000E+01      4.491434705E-02      2.514053597E-04     -4.508395219E-04      5.412143049E-05      8.880364238E-02      4.391593334E-02     -1.445307663E-03     -1.864948573E-03      4.595801596E-03      4.550227765E-04      2.495385751E-04      4.365061239E-03      2.336157167E-03      6.318114251E-05      7.123772424E-05
 1.825000000E+01      4.369355463E-02      2.272332104E-04     -4.381966939E-04      5.231639891E-05      8.634026331E-02      4.268671877E-02     -1.410580683E-03     -1.828786514E-03      4.347174388E-03      4.497782801E-04      2.467200392E-04      4.207709170E-03      2.251729566E-03      6.120588138E-05      6.877588837E-05
 1.850000000E+01      4.251541315E-02      2.047045493E-04     -4.257799452E-04      5.058572248E-05      8.396611902E-02      4.150280283E-02     -1.376072729E-03     -1.792188481E-03      4.113804474E-03      4.441662720E-04      2.436829737E-04      4.057278579E-03      2.171191127E-03      5.930023735E-05      6.643866609E-05
 1.875000000E+01      4.137806768E-02      1.836973472E-04     -4.135990374E-04      4.892675136E-05      8.167707667E-02      4.036202023E-02     -1.341895322E-03     -1.755316023E-03      3.894634008E-03      4.382420687E-04      2.404584075E-04      3.913403421E-03      2.094328194E-03      5.745930823E-05      6.419824684E-05
 1.900000000E+01      4.027970393E-02      1.641231436E-04     -4.016638162E-04      4.733538732E-05      7.946913981E-02      3.926233708E-02     -1.308085076E-03     -1.718299522E-03      3.688686821E-03      4.320500128E-04      2.370739365E-04      3.775738829E-03      2.020937064E-03      5.568253417E-05      6.207291004E-05
 1.925000000E+01      3.921862927E-02      1.458835774E-04     -3.899666345E-04      4.580843068E-05      7.733870086E-02      3.820183469E-02     -1.274704562E-03     -1.681261209E-03      3.495061637E-03      4.256322699E-04      2.335544258E-04      3.643958273E-03      1.950815182E-03      5.396814063E-05      6.000831850E-05
 1.950000000E+01      3.819324225E-02      1.288737957E-04     -3.785488094E-04      4.434258471E-05      7.528223161E-02      3.717871237E-02     -1.241794046E-03     -1.644307889E-03      3.312927961E-03      4.190277767E-04      2.299223630E-04      3.517769829E-03      1.883794366E-03      5.231417719E-05      5.806386567E-05
 1.975000000E+01      3.720202199E-02      1.130175027E-04     -3.673791203E-04      4.293465525E-05      7.329644573E-02      3.619128162E-02     -1.209389644E-03     -1.607528166E-03      3.141516921E-03      4.122718425E-04      2.261975992E-04      3.396886569E-03      1.819694255E-03      5.071674637E-05      5.618657705E-05
 2.000000000E+01      3.624352760E-02      9.823787881E-05     -3.564707591E-04      4.158193383E-05      7.137825295E-02      3.523793060E-02     -1.177539510E-03     -1.571003764E-03      2.980116790E-03      4.053947428E-04      2.223980166E-04      3.281039777E-03      1.758370362E-03      4.917429237E-05      5.439468956E-05
 2.025000000E+01      3.531640568E-02      8.446296505E-05     -3.458245787E-04      4.028174714E-05      6.952468482E-02      3.431715698E-02     -1.146278160E-03     -1.534803497E-03      2.828069666E-03      3.984216124E-04      2.185400617E-04      3.169986574E-03      1.699665959E-03      4.768434218E-05      5.263948477E-05
 2.050000000E+01      3.441935719E-02      7.162617521E-05     -3.354406248E-04      3.903158271E-05      6.773297740E-02      3.342751527E-02     -1.115606030E-03     -1.498986735E-03      2.684765765E-03      3.913779785E-04      2.146385633E-04      3.063474035E-03      1.643445381E-03      4.624601571E-05      5.095138703E-05
 2.075000000E+01      3.355115642E-02      5.966551042E-05     -3.253185959E-04      3.782900049E-05      6.600049796E-02      3.256766690E-02     -1.085553954E-03     -1.463605067E-03      2.549640311E-03      3.842871314E-04      2.107059867E-04      2.961293391E-03      1.589584689E-03      4.485781736E-05      4.927064698E-05
 2.100000000E+01      3.271063475E-02      4.852393908E-05     -3.154557734E-04      3.667184603E-05      6.432475502E-02      3.173637038E-02     -1.056119745E-03     -1.428700626E-03      2.422168625E-03      3.771679180E-04      2.067541619E-04      2.863236231E-03      1.537957201E-03      4.351788203E-05      4.776120717E-05
 2.125000000E+01      3.189668543E-02      3.814798587E-05     -3.058506723E-04      3.555824270E-05      6.270338483E-02      3.093229163E-02     -1.027324780E-03     -1.394310031E-03      2.301863557E-03      3.700390802E-04      2.027934840E-04      2.769089122E-03      1.488451722E-03      4.222297068E-05      4.623950863E-05
 2.150000000E+01      3.110825421E-02      2.848711805E-05     -2.965008356E-04      3.448545798E-05      6.113415232E-02      3.015441876E-02     -9.991663188E-04     -1.360464109E-03      2.188273842E-03      3.629150391E-04      1.988333232E-04      2.678687201E-03      1.440958247E-03      4.097209141E-05      4.480112326E-05
 2.175000000E+01      3.034434169E-02      1.949484791E-05     -2.874024250E-04      3.345288348E-05      5.961493377E-02      2.940161934E-02     -9.716547634E-04     -1.327189602E-03      2.080977051E-03      3.558106978E-04      1.948816659E-04      2.591842685E-03      1.395383191E-03      3.976344827E-05      4.341789450E-05
 2.200000000E+01      2.960398938E-02      1.112889540E-05     -2.785449829E-04      3.245689369E-05      5.814370227E-02      2.867285830E-02     -9.448018408E-04     -1.294505909E-03      1.979584886E-03      3.487378222E-04      1.909462260E-04      2.508380840E-03      1.351622414E-03      3.859722983E-05      4.209520164E-05
 2.225000000E+01      2.888629302E-02      3.350799751E-06     -2.699455907E-04      3.149787954E-05      5.671854407E-02      2.796715798E-02     -9.185873697E-04     -1.262430431E-03      1.883732255E-03      3.417080958E-04      1.870336251E-04      2.428155310E-03      1.309593138E-03      3.747054121E-05      4.078808941E-05
 2.250000000E+01      2.819039893E-02     -3.882410911E-06     -2.615801611E-04      3.057289496E-05      5.533763479E-02      2.728358850E-02     -8.930126528E-04     -1.230974502E-03      1.793080805E-03      3.347311088E-04      1.831488254E-04      2.351021046E-03      1.269216788E-03      3.638128153E-05      3.954748745E-05
 2.275000000E+01      2.751545605E-02     -1.059922334E-05     -2.534504828E-04      2.968105645E-05      5.399924795E-02      2.662129529E-02     -8.680756997E-04     -1.200148656E-03      1.707313884E-03      3.278160322E-04      1.792979204E-04      2.276833364E-03      1.230402521E-03      3.532813821E-05      3.835283155E-05
 2.300000000E+01      2.686068994E-02     -1.683657605E-05     -2.455519799E-04      2.882069159E-05      5.270172730E-02      2.597940754E-02     -8.437718716E-04     -1.169958397E-03      1.626137901E-03      3.209700351E-04      1.754850162E-04      2.205448283E-03      1.193085355E-03      3.430992067E-05      3.719130382E-05
 2.325000000E+01      2.622534736E-02     -2.262343111E-05     -2.378779469E-04      2.799051932E-05      5.144350392E-02      2.535714002E-02     -8.200913773E-04     -1.140411571E-03      1.549277589E-03      3.141981460E-04      1.717137032E-04      2.136756043E-03      1.157188462E-03      3.332635133E-05      3.608357494E-05
 2.350000000E+01      2.560871529E-02     -2.798825392E-05     -2.304247181E-04      2.718929513E-05      5.022307597E-02      2.475373498E-02     -7.970294168E-04     -1.111504870E-03      1.476478277E-03      3.075089835E-04      1.679877736E-04      2.070622233E-03      1.122650691E-03      3.237644691E-05      3.498551211E-05
 2.375000000E+01      2.501011445E-02     -3.295774336E-05     -2.231879297E-04      2.641577739E-05      4.903902150E-02      2.416846328E-02     -7.745736919E-04     -1.083242103E-03      1.407498819E-03      3.009072770E-04      1.643101283E-04      2.006945274E-03      1.089406163E-03      3.145792968E-05      3.392902339E-05
 2.400000000E+01      2.442888574E-02     -3.755695827E-05     -2.161632878E-04      2.566876053E-05      4.788998432E-02      2.360064861E-02     -7.527185418E-04     -1.055618381E-03      1.342115889E-03      2.943952633E-04      1.606828572E-04      1.945617229E-03      1.057397858E-03      3.056915744E-05      3.295353734E-05
 2.425000000E+01      2.386440621E-02     -4.180889564E-05     -2.093450218E-04      2.494719371E-05      4.677465976E-02      2.304962871E-02     -7.314427498E-04     -1.028630225E-03      1.280120649E-03      2.879766491E-04      1.571084936E-04      1.886529471E-03      1.026568851E-03      2.970713731E-05      3.199051908E-05
 2.450000000E+01      2.331607560E-02     -4.573570890E-05     -2.027283217E-04      2.425009452E-05      4.569181117E-02      2.251477032E-02     -7.107544747E-04     -1.002276550E-03      1.221317352E-03      2.816562914E-04      1.535890702E-04      1.829583668E-03      9.968636605E-04      2.887621726E-05      3.105552676E-05
 2.475000000E+01      2.278333409E-02     -4.935730944E-05     -1.963091314E-04      2.357647154E-05      4.464026740E-02      2.199548523E-02     -6.906234169E-04     -9.765477396E-04      1.165523021E-03      2.754355006E-04      1.501256439E-04      1.774693303E-03      9.682351300E-04      2.807165586E-05      3.013757538E-05
 2.500000000E+01      2.226561655E-02     -5.269466861E-05     -1.900788680E-04      2.292429798E-05      4.361887868E-02      2.149121979E-02     -6.710533398E-04     -9.514376280E-04      1.112566323E-03      2.693175038E-04      1.467195607E-04      1.721772642E-03      9.406365752E-04      2.729418698E-05      2.925599142E-05
 2.525000000E+01      2.176239007E-02     -5.576082356E-05     -1.840363886E-04      2.229573987E-05      4.262657419E-02      2.100138984E-02     -6.520130851E-04     -9.269382628E-04      1.062286319E-03      2.633022895E-04      1.433721293E-04      1.670735658E-03      9.140225272E-04      2.654106035E-05      2.842971226E-05
 2.550000000E+01      2.127318559E-02     -5.857726263E-05     -1.781755176E-04      2.168703850E-05      4.166233552E-02      2.052552013E-02     -6.335158223E-04     -9.030415628E-04      1.014532940E-03      2.573930652E-04      1.400834108E-04      1.621504066E-03      8.883495372E-04      2.581223400E-05      2.763894604E-05
 2.575000000E+01      2.079750732E-02     -6.115797858E-05     -1.724923208E-04      2.109816147E-05      4.072515142E-02      2.006308043E-02     -6.155258394E-04     -8.797382046E-04      9.691645225E-04      2.515891951E-04      1.368546157E-04      1.573999690E-03      8.635750460E-04      2.510645373E-05      2.687547706E-05
 2.600000000E+01      2.033489626E-02     -6.351734336E-05     -1.669802948E-04      2.052857141E-05      3.981407970E-02      1.961360682E-02     -5.980468199E-04     -8.570198317E-04      9.260493928E-04      2.458919974E-04      1.336857508E-04      1.528152967E-03      8.396632250E-04      2.442333838E-05      2.608854892E-05
 2.625000000E+01      1.988490792E-02     -6.566990277E-05     -1.616355568E-04      1.997725052E-05      3.892824463E-02      1.917664300E-02     -5.810690103E-04     -8.348745529E-04      8.850626645E-04      2.403010326E-04      1.305773126E-04      1.483897293E-03      8.165773776E-04      2.376241897E-05      2.534964381E-05
 2.650000000E+01      1.944711906E-02     -6.762781850E-05     -1.564526658E-04      1.944281203E-05      3.806674870E-02      1.875176878E-02     -5.645627606E-04     -8.132925857E-04      8.460881064E-04      2.348167285E-04      1.275289775E-04      1.441169818E-03      7.942822317E-04      2.312254786E-05      2.464365370E-05
 2.675000000E+01      1.902112876E-02     -6.940679405E-05     -1.514286959E-04      1.892626592E-05      3.722877854E-02      1.833855283E-02     -5.485294975E-04     -7.922620305E-04      8.090157913E-04      2.294393342E-04      1.245409104E-04      1.399902226E-03      7.727446549E-04      2.250220931E-05      2.395914310E-05
 2.700000000E+01      1.860654040E-02     -7.101768033E-05     -1.465607127E-04      1.842449400E-05      3.641351592E-02      1.793659744E-02     -5.329567586E-04     -7.717732563E-04      7.737430692E-04      2.241684293E-04      1.216130908E-04      1.360042985E-03      7.519353002E-04      2.190197978E-05      2.329560222E-05
 2.725000000E+01      1.820298594E-02     -7.246455951E-05     -1.418394743E-04      1.793965614E-05      3.562023564E-02      1.754552515E-02     -5.178317871E-04     -7.518149918E-04      7.401728661E-04      2.190031552E-04      1.187449989E-04      1.321530135E-03      7.318222742E-04      2.131882657E-05      2.267085303E-05
 2.750000000E+01      1.781010069E-02     -7.376627859E-05     -1.372618990E-04      1.747119987E-05      3.484825043E-02      1.716496945E-02     -5.031416157E-04     -7.323764908E-04      7.082143748E-04      2.139437031E-04      1.159361921E-04      1.284312950E-03      7.123781820E-04      2.075568305E-05      2.204190459E-05
 2.775000000E+01      1.742754336E-02     -7.492184981E-05     -1.328285807E-04      1.701623719E-05      3.409686231E-02      1.679457823E-02     -4.888721483E-04     -7.134457413E-04      6.777820615E-04      2.089888251E-04      1.131861861E-04      1.248337475E-03      6.935742344E-04      2.020888618E-05      2.143081319E-05
 2.800000000E+01      1.705498070E-02     -7.596854636E-05     -1.285297334E-04      1.657336248E-05      3.336496101E-02      1.643401466E-02     -4.750114290E-04     -6.950110357E-04      6.487947134E-04      2.041361850E-04      1.104948670E-04      1.213559537E-03      6.753882768E-04      1.967920597E-05      2.085862915E-05
 2.825000000E+01      1.669209093E-02     -7.682203704E-05     -1.243627376E-04      1.614198531E-05      3.265252441E-02      1.608295614E-02     -4.615501123E-04     -6.770616044E-04      6.211769399E-04      1.993881661E-04      1.078611045E-04      1.179930673E-03      6.577932136E-04      1.916760738E-05      2.030130034E-05
 2.850000000E+01      1.633857911E-02     -7.762455062E-05     -1.203258844E-04      1.572882363E-05      3.195865793E-02      1.574106033E-02     -4.484790868E-04     -6.595860696E-04      5.948569843E-04      1.947400190E-04      1.052845383E-04      1.147406053E-03      6.407666643E-04      1.866887481E-05      1.975160389E-05
 2.875000000E+01      1.599413424E-02     -7.830999418E-05     -1.164131227E-04      1.533255065E-05      3.128277453E-02      1.540811094E-02     -4.357902660E-04     -6.425735425E-04      5.697669850E-04      1.901911520E-04      1.027642557E-04      1.115943995E-03      6.242866358E-04      1.818723502E-05      1.923709340E-05
 2.900000000E+01      1.565847515E-02     -7.886390405E-05     -1.126215710E-04      1.493563333E-05      3.062430671E-02      1.508374390E-02     -4.234712177E-04     -6.260129945E-04      5.458442310E-04      1.857412904E-04      1.002996300E-04      1.085499870E-03      6.083311389E-04      1.771973652E-05      1.872504220E-05
 2.925000000E+01      1.533133563E-02     -7.934269914E-05     -1.089475081E-04      1.457767434E-05      2.998270992E-02      1.476775021E-02     -4.115108023E-04     -6.098929451E-04      5.230284050E-04      1.813889415E-04      9.788992685E-05      1.056044094E-03      5.928800297E-04      1.726530346E-05      1.822742299E-05
 2.950000000E+01      1.501245422E-02     -7.973324431E-05     -1.053882378E-04      1.420278395E-05      2.935744690E-02      1.445977593E-02     -3.998961479E-04     -5.942028605E-04      5.012630982E-04      1.771323771E-04      9.553426627E-05      1.027531279E-03      5.779140807E-04      1.682577948E-05      1.774079274E-05
 2.975000000E+01      1.470156926E-02     -8.003773634E-05     -1.019391266E-04      1.384819998E-05      2.874800587E-02      1.415965001E-02     -3.886156335E-04     -5.789313054E-04      4.804948177E-04      1.729702663E-04      9.323182671E-05      9.999290371E-04      5.634162066E-04      1.639911608E-05      1.728397003E-05
 3.000000000E+01      1.439844448E-02     -8.025873734E-05     -9.859669053E-05      1.350658006E-05      2.815391524E-02      1.386709842E-02     -3.776631231E-04     -5.640685480E-04      4.606731032E-04      1.689012398E-04      9.098158965E-05      9.732028178E-04      5.493676219E-04      1.598446445E-05      1.683341625E-05
 3.025000000E+01      1.410283878E-02     -8.041520476E-05     -9.535788040E-05      1.317254072E-05      2.757467809E-02      1.358188233E-02     -3.670348760E-04     -5.496044017E-04      4.417505732E-04      1.649228927E-04      8.878280210E-05      9.473195785E-04      5.357507459E-04      1.558177744E-05      1.639474361E-05
 3.050000000E+01      1.381453297E-02     -8.050411363E-05     -9.222072585E-05      1.284749032E-05      2.700985895E-02      1.330377932E-02     -3.567151550E-04     -5.355281143E-04      4.236822831E-04      1.610341503E-04      8.663477757E-05      9.222482387E-04      5.225499840E-04      1.519046819E-05      1.597367256E-05
 3.075000000E+01      1.353330095E-02     -8.052972770E-05     -8.918091721E-05      1.253219222E-05      2.645900357E-02      1.303257337E-02     -3.466947352E-04     -5.218299077E-04      4.064256831E-04      1.572323661E-04      8.453637033E-05      8.979618644E-04      5.097515137E-04      1.481301528E-05      1.556601710E-05
 3.100000000E+01      1.325893821E-02     -8.049707589E-05     -8.623638554E-05      1.222599429E-05      2.592169798E-02      1.276805470E-02     -3.369669018E-04     -5.084987050E-04      3.899407644E-04      1.535159123E-04      8.248647838E-05      8.744314858E-04      4.973398818E-04      1.444530211E-05      1.516631700E-05
 3.125000000E+01      1.299123843E-02     -8.040812129E-05     -8.338350777E-05      1.192851891E-05      2.539753659E-02      1.251002030E-02     -3.275222424E-04     -4.955269580E-04      3.741893899E-04      1.498888871E-04      8.048447181E-05      8.516258571E-04      4.852996271E-04      1.408819974E-05      1.477284123E-05
 3.150000000E+01      1.273000635E-02     -8.026863727E-05     -8.061899405E-05      1.163952526E-05      2.488612225E-02      1.225827483E-02     -3.183522359E-04     -4.829034946E-04      3.591356663E-04      1.463445730E-04      7.852928702E-05      8.295215231E-04      4.736167986E-04      1.374112579E-05      1.440442269E-05
 3.175000000E+01      1.247505612E-02     -8.008110753E-05     -7.794129100E-05      1.135873604E-05      2.438708475E-02      1.201262930E-02     -3.094515675E-04     -4.706202823E-04      3.447457088E-04      1.428803559E-04      7.662025370E-05      8.080921123E-04      4.622799483E-04      1.340262763E-05      1.404785422E-05
 3.200000000E+01      1.222619656E-02     -7.984919367E-05     -7.534698298E-05      1.108620185E-05      2.390005550E-02      1.177290052E-02     -3.008074694E-04     -4.586675085E-04      3.309873637E-04      1.394979075E-04      7.475625218E-05      7.873154349E-04      4.512793252E-04      1.307606286E-05      1.368696168E-05
 3.225000000E+01      1.198326594E-02     -7.957606184E-05     -7.283366082E-05      1.082096113E-05      2.342468141E-02      1.153892466E-02     -2.924157600E-04     -4.470363077E-04      3.178301881E-04      1.361924037E-04      7.293624373E-05      7.671695711E-04      4.406008091E-04      1.275852434E-05      1.335129763E-05
 3.250000000E+01      1.174607893E-02     -7.926407569E-05     -7.039891149E-05      1.056333681E-05      2.296062968E-02      1.131053100E-02     -2.842687760E-04     -4.357183856E-04      3.052452933E-04      1.329641992E-04      7.115945530E-05      7.476286715E-04      4.302328156E-04      1.244973317E-05      1.302926185E-05
 3.275000000E+01      1.151452157E-02     -7.891709904E-05     -6.804010517E-05      1.031280246E-05      2.250757008E-02      1.108755454E-02     -2.763578690E-04     -4.247045726E-04      2.932053450E-04      1.298131021E-04      6.942505956E-05      7.286747465E-04      4.201634152E-04      1.214974663E-05      1.269653658E-05
 3.300000000E+01      1.128831714E-02     -7.853683458E-05     -6.575504243E-05      1.006932696E-05      2.206518530E-02      1.086983629E-02     -2.686778841E-04     -4.139872981E-04      2.816844778E-04      1.267347213E-04      6.773207758E-05      7.102844702E-04      4.103831089E-04      1.185805003E-05      1.238258274E-05
 3.325000000E+01      1.106742472E-02     -7.812610330E-05     -6.354105643E-05      9.832586597E-06      2.163318322E-02      1.065722635E-02     -2.612209887E-04     -4.035580412E-04      2.706580817E-04      1.237287417E-04      6.607956447E-05      6.924392789E-04      4.008817546E-04      1.157380275E-05      1.208137175E-05
 3.350000000E+01      1.085165979E-02     -7.768838185E-05     -6.139663899E-05      9.601497902E-06      2.121124263E-02      1.044957932E-02     -2.539805762E-04     -3.934091825E-04      2.601029827E-04      1.207928474E-04      6.446683514E-05      6.751212510E-04      3.916502594E-04      1.129726232E-05      1.178767313E-05
 3.375000000E+01      1.064087692E-02     -7.722320530E-05     -5.931898650E-05      9.377581521E-06      2.079909701E-02      1.024675522E-02     -2.469502517E-04     -3.835333799E-04      2.499970124E-04      1.179261813E-04      6.289276523E-05      6.583128368E-04      3.826798587E-04      1.103126845E-05      1.149568953E-05
 3.400000000E+01      1.043494182E-02     -7.673437515E-05     -5.730654261E-05      9.159637826E-06      2.039646418E-02      1.004862005E-02     -2.401228979E-04     -3.739220007E-04      2.403193099E-04      1.151269011E-04      6.135661372E-05      6.419959888E-04      3.739606893E-04      1.076913893E-05      1.122195004E-05
 3.425000000E+01      1.023371649E-02     -7.622337631E-05     -5.535683820E-05      8.947742584E-06      2.000308900E-02      9.855039926E-03     -2.334951997E-04     -3.645693656E-04      2.310498412E-04      1.123938920E-04      5.985747197E-05      6.261530158E-04      3.654849239E-04      1.051589200E-05      1.094688435E-05
 3.450000000E+01      1.003707444E-02     -7.569214880E-05     -5.346807502E-05      8.741430119E-06      1.961870178E-02      9.665888048E-03     -2.270583965E-04     -3.554666607E-04      2.221701778E-04      1.097257034E-04      5.839468574E-05      6.107695003E-04      3.572442945E-04      1.026945163E-05      1.068946886E-05
 3.475000000E+01      9.844888438E-03     -7.514231451E-05     -5.163862070E-05      8.540776063E-06      1.924306088E-02      9.481042658E-03     -2.208062611E-04     -3.466081794E-04      2.136621587E-04      1.071207324E-04      5.696733890E-05      5.958288262E-04      3.492308660E-04      1.002946532E-05      1.043692137E-05
 3.500000000E+01      9.657043789E-03     -7.457553945E-05     -4.986618186E-05      8.345536206E-06      1.887590753E-02      9.300382134E-03     -2.147373594E-04     -3.379867364E-04      2.055076781E-04      1.045776695E-04      5.557459169E-05      5.813159870E-04      3.414366771E-04      9.795735906E-06      1.018847630E-05
 3.600000000E+01      8.946714482E-03     -7.217017240E-05     -4.331437240E-05      7.615398055E-06      1.748787699E-02      8.617378174E-03     -1.921546171E-04     -3.057427532E-04      1.761291184E-04      9.499648367E-05      5.033395394E-05      5.272764748E-04      3.123183392E-04      8.924193659E-06      9.256727880E-06
 3.700000000E+01      8.297019201E-03     -6.960077438E-05     -3.754312381E-05      6.958102110E-06      1.621865953E-02      7.992830766E-03     -1.720565097E-04     -2.767954164E-04      1.512653555E-04      8.629794143E-05      4.558575238E-05      4.790474636E-04      2.861858706E-04      8.141408253E-06      8.434022479E-06
 3.800000000E+01      7.701886934E-03     -6.693546542E-05     -3.246219560E-05      6.366919199E-06      1.505618757E-02      7.420801284E-03     -1.541569205E-04     -2.507932039E-04      1.301687146E-04      7.840220700E-05      4.128523824E-05      4.359166895E-04      2.626787234E-04      7.438395942E-06      7.688791821E-06
 3.900000000E+01      7.155855781E-03     -6.419559349E-05     -2.798865333E-05      5.836790521E-06      1.398985883E-02      6.896046180E-03     -1.382055519E-04     -2.274191685E-04      1.122239382E-04      7.123674799E-05      3.739043340E-05      3.972687085E-04      2.414862283E-04      6.805778070E-06      7.027296084E-06
 4.000000000E+01      6.654227574E-03     -6.149898205E-05     -2.405052813E-05      5.360555914E-06      1.301029199E-02      6.413959001E-03     -1.239792494E-04     -2.063936185E-04      9.692440582E-05      6.473281451E-05      3.386342838E-05      3.625739794E-04      2.223413268E-04      6.235661745E-06      6.423369046E-06
 4.100000000E+01      6.192753961E-03     -5.880234396E-05     -2.058439029E-05      4.916575116E-06      1.210917516E-02      5.970435295E-03     -1.112830060E-04     -1.874646592E-04      8.385087449E-05      5.883045437E-05      3.066948169E-05      3.313712904E-04      2.050112083E-04      5.720871244E-06      5.889150496E-06
 4.200000000E+01      5.767672659E-03     -5.615053407E-05     -1.753401718E-05      4.544629029E-06      1.127913215E-02      5.561876751E-03     -9.994114693E-05     -1.704097892E-04      7.265575200E-05      5.347298343E-05      2.777657484E-05      3.032619124E-04      1.892947436E-04      5.255621459E-06      5.397703436E-06
 4.300000000E+01      5.375637435E-03     -5.358571403E-05     -1.485110930E-05      4.197317361E-06      1.051358819E-02      5.184983175E-03     -8.980315132E-05     -1.550305566E-04      6.304965565E-05      4.860788115E-05      2.515620505E-05      2.778963719E-04      1.750153424E-04      4.834162579E-06      4.963848920E-06
 4.400000000E+01      5.013643756E-03     -5.104948756E-05     -1.249137417E-05      3.837843682E-06      9.806706559E-03      4.836945855E-03     -8.073582748E-05     -1.411509573E-04      5.479121937E-05      4.415274540E-05      2.278208683E-05      2.549708751E-04      1.620194052E-04      4.451820301E-06      4.563316685E-06
 4.500000000E+01      4.679032598E-03     -4.862131705E-05     -1.041719685E-05      3.541048024E-06      9.153225250E-03      4.515157794E-03     -7.261564124E-05     -1.286142182E-04      4.767824771E-05      4.017876917E-05      2.063057442E-05      2.342186840E-04      1.501727757E-04      4.104279226E-06      4.205755341E-06
 4.600000000E+01      4.369382959E-03     -4.628381969E-05     -8.594341042E-06      3.270302339E-06      8.548455041E-03      4.217315631E-03     -6.534456392E-05     -1.172811043E-04      4.154118758E-05      3.653300417E-05      1.868048018E-05      2.154054318E-04      1.393550655E-04      3.788372274E-06      3.873452968E-06
 4.700000000E+01      4.082555282E-03     -4.401154813E-05     -6.994975628E-06      3.032568598E-06      7.988182452E-03      3.941345980E-03     -5.882415923E-05     -1.070275181E-04      3.623723684E-05      3.321934445E-05      1.691228203E-05      1.983271669E-04      1.294637587E-04      3.499722171E-06      3.578878239E-06
 4.800000000E+01      3.816611063E-03     -4.186125825E-05     -5.590769347E-06      2.806951855E-06      7.468608394E-03      3.685387739E-03     -5.297600850E-05     -9.774315240E-05      3.164606421E-05      3.020691306E-05      1.530880844E-05      1.828010798E-04      1.204049538E-04      3.236535840E-06      3.304034105E-06
 4.900000000E+01      3.569721500E-03     -3.980634420E-05     -4.360832163E-06      2.600423450E-06      6.986289283E-03      3.447753114E-03     -4.772414760E-05     -8.933003516E-05      2.766578711E-05      2.746785432E-05      1.385419524E-05      1.686684902E-04      1.120979475E-04      2.995465188E-06      3.055555766E-06
 5.000000000E+01      3.340436763E-03     -3.784775129E-05     -3.283949767E-06      2.410408553E-06      6.538172407E-03      3.226925750E-03     -4.301225987E-05     -8.170077086E-05      2.421016342E-05      2.497521103E-05      1.253444173E-05      1.557860070E-04      1.044687853E-04      2.774914265E-06      2.826601194E-06
 5.100000000E+01      3.127212262E-03     -3.598212681E-05     -2.342767270E-06      2.236122487E-06      6.121419420E-03      3.021528469E-03     -3.877590346E-05     -7.477675794E-05      2.120574459E-05      2.270787670E-05      1.133677665E-05      1.440311504E-04      9.745464576E-05      2.572308846E-06      2.618996604E-06
 5.200000000E+01      2.928704179E-03     -3.420031630E-05     -1.520367305E-06      2.075321388E-06      5.733521109E-03      2.830317836E-03     -3.496787943E-05     -6.848867420E-05      1.859028696E-05      2.064399968E-05      1.024966964E-05      1.332902218E-04      9.099664924E-05      2.386210797E-06      2.427840749E-06
 5.300000000E+01      2.743897336E-03     -3.251460815E-05     -8.041623018E-07      1.930747086E-06      5.372150392E-03      2.652159001E-03     -3.153846029E-05     -6.277385558E-05      1.631051836E-05      1.876574763E-05      9.262707914E-06      1.234656900E-04      8.504418832E-05      2.214864872E-06      2.251829489E-06
 5.400000000E+01      2.571551869E-03     -3.091629501E-05     -1.814260422E-07      1.790896024E-06      5.035220296E-03      2.486025013E-03     -2.845605089E-05     -5.757670372E-05      1.432081406E-05      1.705478048E-05      8.366583875E-06      1.144684932E-04      7.955087097E-05      2.057030247E-06      2.089922762E-06
 5.500000000E+01      2.410859170E-03     -2.941050959E-05      3.591101834E-07      1.666468770E-06      4.720815232E-03      2.330973840E-03     -2.568596190E-05     -5.284727161E-05      1.258236405E-05      1.549671316E-05      7.552884788E-06      1.062207400E-04      7.447589394E-05      1.911363607E-06      1.940301497E-06
 5.600000000E+01      2.260705573E-03     -2.797642709E-05      8.267221275E-07      1.551574440E-06      4.427204147E-03      2.186155682E-03     -2.318813440E-05     -4.854065483E-05      1.106172035E-05      1.407792627E-05      6.813938657E-06      9.865143505E-05      6.978202371E-05      1.776557641E-06      1.802767494E-06
 5.700000000E+01      2.120463570E-03     -2.660388173E-05      1.229821944E-06      1.443889346E-06      4.152784978E-03      2.050786199E-03     -2.093816379E-05     -4.461672294E-05      9.730177464E-06      1.278551157E-05      6.142913854E-06      9.169834227E-05      6.543628941E-05      1.651684218E-06      1.674593810E-06
 5.800000000E+01      1.989415267E-03     -2.531990029E-05      1.576238620E-06      1.343303880E-06      3.896102027E-03      1.924140831E-03     -1.891158788E-05     -4.103993568E-05      8.563010807E-06      1.160816542E-05      5.533582710E-06      8.530471088E-05      6.140863206E-05      1.535691789E-06      1.556835526E-06
 5.900000000E+01      1.866682911E-03     -2.410800587E-05      1.872861145E-06      1.249568636E-06      3.655809827E-03      1.805570057E-03     -1.708607313E-05     -3.777763359E-05      7.538941472E-06      1.053572515E-05      4.980386963E-06      7.942027905E-05      5.767222732E-05      1.427631739E-06      1.446394455E-06
 6.000000000E+01      1.751599381E-03     -2.296842030E-05      2.125455463E-06      1.160987143E-06      3.430693525E-03      1.694473375E-03     -1.544153217E-05     -3.480115831E-05      6.639567887E-06      9.559280385E-06      4.478274934E-06      7.399913756E-05      5.420252577E-05      1.326859268E-06      1.343569557E-06
 6.100000000E+01      1.643822683E-03     -2.189353844E-05      2.341234518E-06      1.080029572E-06      3.219619276E-03      1.590281464E-03     -1.396051763E-05     -3.208415648E-05      5.848986516E-06      8.669470528E-06      4.022689537E-06      6.900073133E-05      5.097753569E-05      1.232542199E-06      1.247520010E-06
 6.200000000E+01      1.542719345E-03     -2.089076046E-05      2.523439537E-06      1.003425813E-06      3.021522251E-03      1.492493914E-03     -1.262732991E-05     -2.960366151E-05      5.153425946E-06      7.859386393E-06      3.609469967E-06      6.438830994E-05      4.797749770E-05      1.144453002E-06      1.157944273E-06
 6.300000000E+01      1.447783898E-03     -1.995105409E-05      2.670638463E-06      9.309512452E-07      2.835448876E-03      1.400610196E-03     -1.142739483E-05     -2.733824355E-05      4.540943946E-06      7.122768998E-06      3.234987981E-06      6.012821217E-05      4.518384143E-05      1.061939625E-06      1.074352043E-06
 6.400000000E+01      1.358569376E-03     -1.907912275E-05      2.800521733E-06      8.637846399E-07      2.660508612E-03      1.314204397E-03     -1.034778787E-05     -2.526860678E-05      4.001179433E-06      6.452564733E-06      2.895765374E-06      5.619094255E-05      4.258069981E-05      9.850405803E-07      9.960840740E-07
 6.500000000E+01      1.274655162E-03     -1.827344414E-05      2.911041730E-06      8.012918550E-07      2.495864015E-03      1.232848795E-03     -9.375900109E-06     -2.337698350E-05      3.525116757E-06      5.843074633E-06      2.588681905E-06      5.254867691E-05      4.015261809E-05      9.135840447E-07      9.232621762E-07
 6.600000000E+01      1.195657137E-03     -1.752847222E-05      3.004253595E-06      7.452948361E-07      2.340769585E-03      1.156196897E-03     -8.502594518E-06     -2.164709842E-05      3.104924881E-06      5.289191425E-06      2.310865373E-06      4.917724216E-05      3.788617317E-05      8.475239821E-07      8.561825057E-07
 6.700000000E+01      1.121219546E-03     -1.685564211E-05      3.084670910E-06      6.926486138E-07      2.194522810E-03      1.083888001E-03     -7.714203321E-06     -2.006394057E-05      2.733789071E-06      4.786236378E-06      2.059777142E-06      4.605435716E-05      3.576905306E-05      7.871862936E-07      7.946415253E-07
 6.800000000E+01      1.051019917E-03     -1.625066750E-05      3.151412545E-06      6.452337252E-07      2.056467461E-03      1.015601547E-03     -7.004850156E-06     -1.861331302E-05      2.405762574E-06      4.329074997E-06      1.832847864E-06      4.315917423E-05      3.378973285E-05      7.327939020E-07      7.399976186E-07
 6.900000000E+01      9.847646992E-04     -1.571453296E-05      3.212314657E-06      6.035104299E-07      1.926044578E-03      9.510519290E-04     -6.365538149E-06     -1.728200275E-05      2.115694492E-06      3.913853007E-06      1.627819438E-06      4.047365580E-05      3.193813764E-05      6.849184208E-07      6.914161505E-07
 7.000000000E+01      9.222082584E-04     -1.524793919E-05      3.267465646E-06      5.681876219E-07      1.802710861E-03      8.899708823E-04     -5.784421221E-06     -1.605737186E-05      1.859068420E-06      3.536016194E-06      1.442429522E-06      3.798047212E-05      3.020471040E-05      6.443624974E-07      6.495427483E-07
 7.100000000E+01      8.630786569E-04     -1.485120732E-05      3.321174117E-06      5.400706476E-07      1.686006247E-03      8.321278658E-04     -5.254488891E-06     -1.492747271E-05      1.631970856E-06      3.192285893E-06      1.274484922E-06      3.566423082E-05      2.858086819E-05      6.119570402E-07      6.167627548E-07
 7.200000000E+01      8.071947040E-04     -1.452434369E-05      3.373675754E-06      5.202737846E-07      1.575538595E-03      7.773201538E-04     -4.767333499E-06     -1.387979453E-05      1.430991714E-06      2.877604874E-06      1.122043217E-06      3.351067222E-05      2.705881523E-05      5.888759555E-07      5.932892597E-07
 7.300000000E+01      7.543837638E-04     -1.426664184E-05      3.425921538E-06      5.099369812E-07      1.470960065E-03      7.253811316E-04     -4.313452749E-06     -1.290333353E-05      1.253161317E-06      2.589042329E-06      9.827851275E-07      3.150651860E-05      2.563130839E-05      5.767668721E-07      5.803433428E-07
 7.400000000E+01      7.045116029E-04     -1.407557879E-05      3.483905238E-06      5.105640337E-07      1.372020994E-03      6.761786994E-04     -3.884870307E-06     -1.198620862E-05      1.095903902E-06      2.321800377E-06      8.547418822E-07      2.963958701E-05      2.429181524E-05      5.766731797E-07      5.800237401E-07
 7.500000000E+01      6.574990620E-04     -1.396141466E-05      3.547121614E-06      5.191044656E-07      1.278547149E-03      6.296228766E-04     -3.472528736E-06     -1.111675577E-05      9.569877843E-07      2.072539962E-06      7.356796842E-07      2.789852048E-05      2.303438676E-05      5.906260560E-07      5.933012519E-07
 7.600000000E+01      6.132418179E-04     -1.389274891E-05      3.616407090E-06      5.451315305E-07      1.190432178E-03      5.856672759E-04     -3.067126075E-06     -1.028334284E-05      8.344826166E-07      1.835862691E-06      6.233523929E-07      2.627260457E-05      2.185350788E-05      6.201119564E-07      6.220474103E-07
 7.700000000E+01      5.717103539E-04     -1.387342844E-05      3.692061911E-06      5.858733044E-07      1.107688811E-03      5.443163313E-04     -2.659598725E-06     -9.474403936E-06      7.267266214E-07      1.608856701E-06      5.155154071E-07      2.475194223E-05      2.074424347E-05      6.662088150E-07      6.677341729E-07
 7.800000000E+01      5.331648961E-04     -1.387686215E-05      3.773589776E-06      6.475453044E-07      1.030435387E-03      5.056253595E-04     -2.241058821E-06     -8.678461406E-06      6.322970869E-07      1.385852374E-06      4.097978287E-07      2.332705319E-05      1.970205531E-05      7.301342296E-07      7.309433747E-07
 7.900000000E+01      4.973200311E-04     -1.392026073E-05      3.859536379E-06      7.199906717E-07      9.588561631E-04      4.697093587E-04     -1.802710502E-06     -7.884763385E-06      5.499911731E-07      1.163736509E-06      3.039089323E-07      2.198904163E-05      1.872272700E-05      8.120064489E-07      8.127441703E-07
 8.000000000E+01      4.647818665E-04     -1.397154618E-05      3.947501857E-06      8.073204386E-07      8.933810608E-04      4.367337038E-04     -1.337007541E-06     -7.083336610E-06      4.787923247E-07      9.369837899E-07      1.956173412E-07      2.072953840E-05      1.780263148E-05      9.110656114E-07      9.113134583E-07
 8.100000000E+01      4.353142560E-04     -1.401067311E-05      4.034099733E-06      9.080300919E-07      8.342623692E-04      4.069256306E-04     -8.376235097E-07     -6.265673595E-06      4.178625441E-07      7.026992374E-07      8.283876123E-08      1.954062874E-05      1.693818660E-05      1.025340550E-06      1.025339682E-06
 8.200000000E+01      4.092753108E-04     -1.401498684E-05      4.114921384E-06      1.018763792E-06      7.817560839E-04      3.805510120E-04     -2.994079353E-07     -5.425001347E-06      3.665290231E-07      4.572958751E-07     -3.620153373E-08      1.841482734E-05      1.612624134E-05      1.151603200E-06      1.151287696E-06
 8.300000000E+01      3.869194118E-04     -1.395812765E-05      4.185077650E-06      1.135349661E-06      7.373261356E-04      3.579199650E-04      2.791819976E-07     -4.557350060E-06      3.242591552E-07      1.980431509E-07     -1.628611633E-07      1.734542188E-05      1.536392237E-05      1.284589637E-06      1.284273180E-06
 8.400000000E+01      3.684082742E-04     -1.383684889E-05      4.237398369E-06      1.249963018E-06      7.006720809E-04      3.393641339E-04      8.972542182E-07     -3.661783639E-06      2.906569339E-07     -7.608174992E-08     -2.979307132E-07      1.632597578E-05      1.464843032E-05      1.417551567E-06      1.417285868E-06
 8.500000000E+01      3.540038202E-04     -1.358331799E-05      4.265800131E-06      1.352020214E-06      6.726628115E-04      3.252146616E-04      1.550623530E-06     -2.741113410E-06      2.654396295E-07     -3.652328314E-07     -4.415048837E-07      1.535099929E-05      1.397714063E-05      1.542011649E-06      1.542001590E-06
 8.600000000E+01      3.439805014E-04     -1.319032430E-05      4.264860786E-06      1.443970759E-06      6.533337722E-04      3.157768672E-04      2.230538919E-06     -1.802404239E-06      2.484114106E-07     -6.677397448E-07     -5.928190016E-07      1.441575493E-05      1.334753765E-05      1.648230406E-06      1.648640404E-06
 8.700000000E+01      3.384132944E-04     -1.263655419E-05      4.227724877E-06      1.510891535E-06      6.439955580E-04      3.112996801E-04      2.924291280E-06     -8.572500495E-07      2.394364793E-07     -9.839065508E-07     -7.501747402E-07      1.351633134E-05      1.275710798E-05      1.725644510E-06      1.726583245E-06
 8.800000000E+01      3.376646612E-04     -1.200142374E-05      4.149235035E-06      1.513800835E-06      6.445029194E-04      3.119430298E-04      3.615255430E-06      7.853773464E-08      2.383997675E-07     -1.297710693E-06     -9.109614478E-07      1.264969308E-05      1.220329664E-05      1.763429027E-06      1.764749556E-06
 8.900000000E+01      3.414788486E-04     -1.105039250E-05      4.024962814E-06      1.517624990E-06      6.548779795E-04      3.177480556E-04      4.283226390E-06      9.854339335E-07      2.451585231E-07     -1.613072983E-06     -1.071656876E-06      1.181415265E-05      1.168353540E-05      1.752309723E-06      1.754827148E-06
 9.000000000E+01      3.497684039E-04     -9.931878605E-06      3.853796041E-06      1.455520298E-06      6.748667907E-04      3.286058827E-04      4.905001178E-06      1.840581895E-06      2.595075237E-07     -1.918557209E-06     -1.228051982E-06      1.100860341E-05      1.119515344E-05      1.683654126E-06      1.687061315E-06
 9.100000000E+01      3.622489749E-04     -8.588841884E-06      3.634407644E-06      1.358451541E-06      7.038699999E-04      3.442299415E-04      5.456439238E-06      2.619371393E-06      2.810487952E-07     -2.204045260E-06     -1.375286122E-06      1.023314038E-05      1.073530356E-05      1.552442446E-06      1.557015545E-06
 9.200000000E+01      3.784840669E-04     -7.140093385E-06      3.369604719E-06      1.184835637E-06      7.408575736E-04      3.641414906E-04      5.912773979E-06      3.296592787E-06      3.092551951E-07     -2.460805610E-06     -1.508321192E-06      9.488859493E-06      1.030107173E-05      1.356921853E-06      1.361963874E-06
 9.300000000E+01      3.978771967E-04     -5.550595841E-06      3.061991590E-06      9.412043544E-07      7.846661185E-04      3.876727587E-04      6.251011367E-06      3.848571824E-06      3.433094179E-07     -2.678915373E-06     -1.622103345E-06      8.777429383E-06      9.889490317E-06      1.099620491E-06      1.105706078E-06
 9.400000000E+01      4.197788337E-04     -3.917690612E-06      2.716708089E-06      6.628742136E-07      8.336415089E-04      4.139866899E-04      6.451637550E-06      4.254663973E-06      3.821407230E-07     -2.850007506E-06     -1.712254236E-06      8.101147170E-06      9.497508352E-06      7.875893268E-07      7.937820197E-07
 9.500000000E+01      4.431034913E-04     -2.144690639E-06      2.340531390E-06      3.476124321E-07      8.858874640E-04      4.420785983E-04      6.500863964E-06      4.499067218E-06      4.243884638E-07     -2.967489526E-06     -1.774867376E-06      7.462751466E-06      9.122126659E-06      4.319424047E-07      4.384521510E-07
 9.600000000E+01      4.670719869E-04     -3.507637550E-07      1.941703850E-06      1.247203234E-08      9.393743394E-04      4.708271320E-04      6.389529561E-06      4.572015551E-06      4.684210993E-07     -3.026685592E-06     -1.807512791E-06      6.864960705E-06      8.760439031E-06      4.743003556E-08      5.405737297E-08
 9.700000000E+01      4.906523223E-04      1.406119715E-06      1.528079898E-06     -3.371624418E-07      9.918031387E-04      4.990511498E-04      6.117010484E-06      4.470902196E-06      5.124073458E-07     -3.025633264E-06     -1.808756900E-06      6.310352599E-06      8.409801176E-06     -3.484859502E-07     -3.420065091E-07
 9.800000000E+01      5.128133012E-04      3.095726070E-06      1.110685935E-06     -6.772757683E-07      1.040985093E-03      5.255605381E-04      5.689703031E-06      4.200866508E-06      5.543839130E-07     -2.965085175E-06     -1.778712289E-06      5.801128677E-06      8.067837989E-06     -7.368966443E-07     -7.311339427E-07
 9.900000000E+01      5.325774950E-04      4.650017440E-06      6.967234842E-07     -9.969392123E-07      1.084795054E-03      5.492142200E-04      5.121416677E-06      3.774785568E-06      5.923690104E-07     -2.848558606E-06     -1.718964013E-06      5.338898239E-06      7.732578675E-06     -1.099275413E-06     -1.094251746E-06
 1.000000000E+02      5.490594594E-04      6.064034018E-06      2.950624942E-07     -1.270483192E-06      1.121399751E-03      5.689765363E-04      4.432550286E-06      3.211824366E-06      6.244813753E-07     -2.682164446E-06     -1.632286102E-06      4.924470373E-06      7.402539136E-06     -1.418538824E-06     -1.414478879E-06
 1.010000000E+02      5.615040583E-04      7.286668278E-06     -8.725296269E-08     -1.487596108E-06      1.148985059E-03      5.839744717E-04      3.649372177E-06      2.537664659E-06      6.490656502E-07     -2.473516975E-06     -1.522564523E-06      4.557820128E-06      7.076754440E-06     -1.680380036E-06     -1.677423492E-06
 1.020000000E+02      5.678850614E-04      8.242359785E-06     -4.419966048E-07     -1.656110836E-06      1.166378893E-03      5.935460676E-04      2.800973733E-06      1.781831242E-06      6.648295233E-07     -2.232336750E-06     -1.394470804E-06      4.238064963E-06      6.754779923E-06     -1.874452625E-06     -1.872841850E-06
 1.030000000E+02      5.705133181E-04      8.940828767E-06     -7.659885210E-07     -1.760757288E-06      1.172796095E-03      5.972319584E-04      1.917450616E-06      9.755612655E-07      6.708629828E-07     -1.967935585E-06     -1.252979709E-06      3.963403005E-06      6.436730828E-06     -1.994904632E-06     -1.994408346E-06
 1.040000000E+02      5.675182426E-04      9.372052442E-06     -1.049138878E-06     -1.802437226E-06      1.167769503E-03      5.948320797E-04      1.032595040E-06      1.510662374E-07      6.668107474E-07     -1.691900729E-06     -1.103243823E-06      3.731351367E-06      6.123147629E-06     -2.040266076E-06     -2.041049412E-06
 1.050000000E+02      5.596297212E-04      9.560178670E-06     -1.293219791E-06     -1.773300439E-06      1.151292194E-03      5.863852107E-04      1.740126434E-07     -6.606887642E-07      6.527901760E-07     -1.413135929E-06     -9.502337098E-07      3.538653033E-06      5.814988824E-06     -2.013862938E-06     -2.015727019E-06
 1.060000000E+02      5.471190524E-04      9.492922473E-06     -1.493494849E-06     -1.687971750E-06      1.124021117E-03      5.721302906E-04     -6.316682403E-07     -1.432503653E-06      6.294116305E-07     -1.136863568E-06     -7.983607798E-07      3.381525273E-06      5.513492002E-06     -1.922533863E-06     -1.925222579E-06
 1.070000000E+02      5.293908764E-04      9.151932482E-06     -1.647041610E-06     -1.564424106E-06      1.086221719E-03      5.525084806E-04     -1.362830756E-06     -2.140897855E-06      5.977169173E-07     -8.705053931E-07     -6.514021599E-07      3.255945582E-06      5.220086268E-06     -1.776101236E-06     -1.779630961E-06
 1.080000000E+02      5.073853657E-04      8.654637473E-06     -1.753476981E-06     -1.389710880E-06      1.039423199E-03      5.281115476E-04     -2.002807911E-06     -2.767444139E-06      5.590806982E-07     -6.237366518E-07     -5.124290275E-07      3.157589923E-06      4.936174933E-06     -1.586457535E-06     -1.590512744E-06
 1.090000000E+02      4.816523123E-04      7.949760651E-06     -1.813585943E-06     -1.198153294E-06      9.847687868E-04      4.996406491E-04     -2.540608811E-06     -3.299477741E-06      5.151065265E-07     -3.978753058E-07     -3.836937771E-07      3.082132381E-06      4.663383634E-06     -1.366314689E-06     -1.370677729E-06
 1.100000000E+02      4.528597429E-04      7.110757535E-06     -1.829077763E-06     -9.891125914E-07      9.240178895E-04      4.678574187E-04     -2.970832885E-06     -3.729604855E-06      4.675073171E-07     -1.960741496E-07     -2.666525271E-07      3.025334693E-06      4.402852137E-06     -1.128278663E-06     -1.132786966E-06
 1.110000000E+02      4.214613921E-04      6.166646378E-06     -1.802318312E-06     -7.755485537E-07      8.576702723E-04      4.335695111E-04     -3.292844594E-06     -4.055527195E-06      4.179982207E-07     -1.844634308E-08     -1.621929129E-07      2.983214059E-06      4.155584844E-06     -8.841828653E-07     -8.886798328E-07
 1.120000000E+02      3.885370272E-04      5.153653424E-06     -1.737215517E-06     -5.663447211E-07      7.881861201E-04      3.975538568E-04     -3.510306981E-06     -4.279536467E-06      3.681900477E-07      1.343911448E-07     -7.053592895E-08      2.952076342E-06      3.922513508E-06     -6.444065631E-07     -6.486050489E-07
 1.130000000E+02      3.545319193E-04      4.107614110E-06     -1.638628178E-06     -3.684300005E-07      7.166121049E-04      3.605526536E-04     -3.630571335E-06     -4.407511092E-06      3.195138313E-07      2.634830299E-07      8.523461705E-09      2.928411949E-06      3.704105098E-06     -4.173448797E-07     -4.212149931E-07
 1.140000000E+02      3.198131039E-04      3.060578589E-06     -1.511005172E-06     -1.876742424E-07      6.443165602E-04      3.232580478E-04     -3.663561226E-06     -4.448047371E-06      2.731641684E-07      3.702516159E-07      7.549314292E-08      2.909450178E-06      3.500535424E-06     -2.094014189E-07     -2.128216885E-07
 1.150000000E+02      2.854515557E-04      2.039275611E-06     -1.360594564E-06     -2.769115083E-08      5.723958335E-04      2.862644288E-04     -3.620657379E-06     -4.411916068E-06      2.300764843E-07      4.561855764E-07      1.311278135E-07      2.892668082E-06      3.311730928E-06     -2.501752004E-08     -2.790357737E-08
 1.160000000E+02      2.516644710E-04      1.067299502E-06     -1.192752865E-06      1.096262783E-07      5.018551134E-04      2.500845960E-04     -3.514084007E-06     -4.310652606E-06      1.909105400E-07      5.232891280E-07      1.763215197E-07      2.875960243E-06      3.137373360E-06      1.334270076E-07      1.310742832E-07
 1.170000000E+02      2.187977712E-04      1.906732656E-07     -1.010858240E-06      2.321396111E-07      4.334985749E-04      2.151417312E-04     -3.356579670E-06     -4.156243382E-06      1.560648463E-07      5.738469957E-07      2.120221025E-07      2.857656800E-06      2.976895169E-06      2.650793772E-07      2.632568187E-07
 1.180000000E+02      1.875373625E-04     -6.174825672E-07     -8.260280914E-07      3.279000260E-07      3.680887141E-04      1.817631935E-04     -3.160056428E-06     -3.960516509E-06      1.257085517E-07      6.094954640E-07      2.391928681E-07      2.836526392E-06      2.829573316E-06      3.704311454E-07      3.691151237E-07
 1.190000000E+02      1.570814626E-04     -1.397649640E-06     -6.382749760E-07      3.974256511E-07      3.059363432E-04      1.501924284E-04     -2.935812975E-06     -3.734315532E-06      9.981214612E-08      6.318731530E-07      2.587774704E-07      2.811642332E-06      2.694585134E-06      4.510781003E-07      4.501687557E-07
 1.200000000E+02      1.286637967E-04     -2.040387503E-06     -4.459950671E-07      4.324780515E-07      2.475838449E-04      1.205935775E-04     -2.693622477E-06     -3.487633916E-06      7.818837695E-08      6.431430780E-07      2.716662558E-07      2.782405716E-06      2.571004323E-06      5.091494664E-07      5.086621341E-07
 1.210000000E+02      1.020405474E-04     -2.541944175E-06     -2.653948395E-07      4.791708205E-07      1.931332218E-04      9.306752233E-05     -2.442005530E-06     -3.229220368E-06      6.053790478E-08      6.444322176E-07      2.787110976E-07      2.748507831E-06      2.457883081E-06      5.473914801E-07      5.472049379E-07
 1.220000000E+02      7.729215296E-05     -3.042102909E-06     -9.352867812E-08      4.827256217E-07      1.427067560E-04      6.765379598E-05     -2.188331450E-06     -2.966321957E-06      4.648151250E-08      6.371655381E-07      2.806721734E-07      2.709836119E-06      2.354239164E-06      5.685800181E-07      5.686696881E-07
 1.230000000E+02      5.445668365E-05     -3.362381542E-06      6.688696053E-08      5.026956805E-07      9.632618797E-05      4.434350466E-05     -1.938276240E-06     -2.705078239E-06      3.560029189E-08      6.232712049E-07      2.782710337E-07      2.666497951E-06      2.259175757E-06      5.755925499E-07      5.758678810E-07
 1.240000000E+02      3.400296392E-05     -3.636805706E-06      2.147951727E-07      5.015301800E-07      5.393278642E-05      2.309491647E-05     -1.696750537E-06     -2.450251322E-06      2.746025808E-08      6.033904716E-07      2.721608390E-07      2.618725277E-06      2.171793700E-06      5.711186505E-07      5.715276226E-07
 1.250000000E+02      1.488207925E-05     -3.847317249E-06      3.491129926E-07      4.892255962E-07      1.542716787E-05      3.832936683E-06     -1.467145454E-06     -2.205411876E-06      2.163445542E-08      5.784282944E-07      2.629352523E-07      2.566861064E-06      2.091263642E-06      5.576283237E-07      5.581362564E-07
 1.260000000E+02     -3.146593177E-06     -3.991202354E-06      4.691268599E-07      4.710893628E-07     -1.943068621E-05     -1.353722501E-05     -1.251623137E-06     -1.973297951E-06      1.772078962E-08      5.494764591E-07      2.511427439E-07      2.511340014E-06      2.016817168E-06      5.373434533E-07      5.379052328E-07
 1.270000000E+02     -1.897527429E-05     -4.075820685E-06      5.598976249E-07      4.489276883E-07     -5.078221597E-05     -2.912150793E-05     -1.051501257E-06     -1.755563323E-06      1.535072738E-08      5.176025004E-07      2.372732610E-07      2.452624272E-06      1.947773172E-06      5.121718236E-07      5.127950769E-07
 1.280000000E+02     -3.313934701E-05     -4.112607237E-06      6.495788989E-07      4.232139220E-07     -7.885955669E-05     -4.303916081E-05     -8.679094084E-07     -1.553281360E-06      1.419629813E-08      4.833375245E-07      2.217756854E-07      2.391219149E-06      1.883501657E-06      4.837232064E-07      4.843696133E-07
 1.290000000E+02     -4.588027147E-05     -4.143955236E-06      7.256688615E-07      3.844021096E-07     -1.038871483E-04     -5.540830933E-05     -7.007847166E-07     -1.366906296E-06      1.397198137E-08      4.475761433E-07      2.050505981E-07      2.327629677E-06      1.823449641E-06      4.533341685E-07      4.540006117E-07
 1.300000000E+02     -5.719192466E-05     -4.096993627E-06      7.933758237E-07      3.579398869E-07     -1.261559683E-04     -6.635300458E-05     -5.501059240E-07     -1.196382360E-06      1.443711252E-08      4.106472290E-07      1.874583237E-07      2.262345269E-06      1.767130360E-06      4.220540057E-07      4.227251547E-07
 1.310000000E+02     -6.723089764E-05     -4.005410844E-06      8.433003379E-07      3.362794566E-07     -1.457281266E-04     -7.599035060E-05     -4.152327779E-07     -1.041380783E-06      1.538815504E-08      3.733675159E-07      1.693168748E-07      2.195845743E-06      1.714110787E-06      3.907474748E-07      3.914141865E-07
 1.320000000E+02     -7.604981616E-05     -3.910796762E-06      8.831107899E-07      3.089397820E-07     -1.629657139E-04     -8.443417700E-05     -2.954082113E-07     -9.012474872E-07      1.666001789E-08      3.358387893E-07      1.509036549E-07      2.128564764E-06      1.664020670E-06      3.600348814E-07      3.607060873E-07
 1.330000000E+02     -8.059437620E-05     -3.796404804E-06      9.130906991E-07      2.831037889E-07     -1.780377647E-04     -9.179452629E-05     -1.897298628E-07     -7.751957688E-07      1.812109049E-08      2.988270297E-07      1.324461393E-07      2.060914130E-06      1.616525964E-06      3.303953534E-07      3.310392322E-07
 1.340000000E+02     -8.688462629E-05     -3.669585612E-06      9.346306551E-07      2.575461732E-07     -1.911402115E-04     -9.817317014E-05     -9.708191428E-08     -6.623136498E-07      1.966822572E-08      2.623645427E-07      1.141791392E-07      1.993257690E-06      1.571344170E-06      3.021612286E-07      3.027782887E-07
 1.350000000E+02     -9.291796992E-05     -3.565781222E-06      9.457478483E-07      2.240404382E-07     -2.024604105E-04     -1.036647864E-04     -1.648220324E-08     -5.616051332E-07      2.122203762E-08      2.268220936E-07      9.624522472E-08      1.925926115E-06      1.528233545E-06      2.755336786E-07      2.761016785E-07
 1.360000000E+02     -9.773603425E-05     -3.356793638E-06      9.520248030E-07      2.220981263E-07     -2.121291091E-04     -1.083579811E-04      5.321906947E-08     -4.721140135E-07      2.272438233E-08      1.924416422E-07      7.881313269E-08      1.859203960E-06      1.486972101E-06      2.506448554E-07      2.511497991E-07
 1.370000000E+02     -1.022270298E-04     -3.183913748E-06      9.523355791E-07      2.090905018E-07     -2.203653151E-04     -1.123326712E-04      1.132120863E-07     -3.928299893E-07      2.413294595E-08      1.593870432E-07      6.197986374E-08      1.793337141E-06      1.447382224E-06      2.275283991E-07      2.279653842E-07
 1.380000000E+02     -1.097961017E-04     -3.044432162E-06      9.473459308E-07      1.867462643E-07     -2.273669893E-04     -1.156639799E-04      1.641653223E-07     -3.228380610E-07      2.542037026E-08      1.278432697E-07      4.583489874E-08      1.728543104E-06      1.409301728E-06      2.061824751E-07      2.065278584E-07
 1.390000000E+02     -1.186123350E-04     -3.814350168E-06      9.378516479E-07     -1.118312372E-07     -2.335696101E-04     -1.184176601E-04      2.072800959E-07     -2.611605652E-07      2.656713750E-08      9.787792398E-08      3.044803899E-08      1.664994393E-06      1.372593224E-06      1.865563654E-07      1.867995688E-07
 1.400000000E+02     -1.168074951E-04     -2.765147262E-06      9.246705674E-07      1.466550648E-07     -2.379752261E-04     -1.206565815E-04      3.012176071E-07     -2.070516678E-07      2.756574403E-08      6.960672897E-08      1.584380029E-08      1.602842202E-06      1.337147487E-06      1.685681192E-07      1.686994146E-07
 1.410000000E+02     -1.189142723E-04     -2.623155323E-06      9.082764712E-07      1.303194086E-07     -2.417953282E-04     -1.224348394E-04      3.289741667E-07     -1.596325935E-07      2.841192935E-08      4.298904446E-08      2.074415245E-09      1.542205281E-06      1.302854846E-06      1.521275089E-07      1.521470585E-07
 1.420000000E+02     -1.224035103E-04     -3.310369118E-06      8.892063767E-07     -1.365289247E-07     -2.460334209E-04     -1.237207589E-04      2.975813336E-07     -1.182481959E-07      2.910791221E-08      1.812870420E-08     -1.083737953E-08      1.483173669E-06      1.269631296E-06      1.371315148E-07      1.370414498E-07
 1.430000000E+02     -1.254171685E-04     -3.156363469E-06      8.684467876E-07     -1.444544047E-07     -2.470218302E-04     -1.248095656E-04      3.678401661E-07     -8.224392256E-08      2.965874132E-08     -5.021139490E-09     -2.288830551E-08      1.425818843E-06      1.237402791E-06      1.234770525E-07      1.232754610E-07
 1.440000000E+02     -1.227340470E-04     -2.250337417E-06      8.362228463E-07      7.948131357E-08     -2.485341307E-04     -1.254908012E-04      3.479274097E-07     -5.100146013E-08      3.007162663E-08     -2.652522751E-08     -3.409761906E-08      1.370197898E-06      1.206105356E-06      1.110581250E-07      1.107434627E-07
 1.450000000E+02     -1.228483888E-04     -2.072742926E-06      8.217363880E-07      8.410665025E-08     -2.495354893E-04     -1.258867767E-04      3.439792707E-07     -2.400615674E-08      3.035609905E-08     -4.718111751E-08     -4.446262713E-08      1.316336601E-06      1.175681352E-06      9.977831306E-08      9.934906849E-08
 1.460000000E+02     -1.231336616E-04     -2.005137882E-06      7.970135952E-07      5.779393261E-08     -2.503515563E-04     -1.260301648E-04      3.525962943E-07     -7.596107016E-10      3.052164395E-08     -6.483141092E-08     -5.401388940E-08      1.264257637E-06      1.146083716E-06      8.954451944E-08      8.901077908E-08
 1.470000000E+02     -1.231970145E-04     -2.402673511E-06      7.692114402E-07     -1.075585554E-07     -2.508581345E-04     -1.259520652E-04      3.581801510E-07      1.916456381E-08      3.057936058E-08     -8.163736565E-08     -6.275696397E-08      1.213964517E-06      1.117286264E-06      8.028644317E-08      7.964590083E-08
 1.480000000E+02     -1.230530058E-04     -1.870969590E-06      7.441872041E-07      1.312610827E-08     -2.498320387E-04     -1.256703045E-04      3.617646678E-07      3.616621037E-08      3.053902527E-08     -9.702192987E-08     -7.072591518E-08      1.165455697E-06      1.089236996E-06      7.188948275E-08      7.116976351E-08
 1.490000000E+02     -1.236480554E-04     -1.703378442E-06      7.188728070E-07      2.549969641E-08     -2.489986915E-04     -1.252326361E-04      3.624274279E-07      5.057075443E-08      3.041176521E-08     -1.114678663E-07     -7.796148320E-08      1.118704962E-06      1.061906009E-06      6.430049671E-08      6.352477093E-08
 1.500000000E+02     -1.234603528E-04     -1.594150924E-06      6.936328151E-07      2.255803947E-08     -2.479237339E-04     -1.246379644E-04      3.618003733E-07      6.270873620E-08      3.020683568E-08     -1.237028239E-07     -8.449440499E-08      1.073710165E-06      1.035268189E-06      5.744868281E-08      5.663716594E-08
 1.510000000E+02     -1.231641485E-04     -1.715290100E-06      6.685660720E-07     -4.814825413E-08     -2.469127136E-04     -1.239123804E-04      3.597499866E-07      7.285084043E-08      2.993426392E-08     -1.350286174E-07     -9.034923794E-08      1.030422524E-06      1.009295529E-06      5.127075182E-08      5.045168819E-08
