#--- z=0, D(z)=1.000, f(z)=0.5050  ---#
#-------------------------------------------------------------------------------------------------------------------------------------------------------------------------------------------------------------------------------------------------------------------------------------------------------------------------------------------#
#   r [Mpc/h]            xi_Zel               xi_A                 xi_W                 xi_ct0               xi_d                 xi_dd                xi_d^2               xi_dd^2              xi_d^2d^2            xi_s^2               xi_ds^2              xi_d^2s^2            xi_s^2s^2            xi_D2d               xi_dD2d      #
#-------------------------------------------------------------------------------------------------------------------------------------------------------------------------------------------------------------------------------------------------------------------------------------------------------------------------------------------#
 2.500000000E-01      3.180954213E+00     -6.128082902E+00     -1.105609708E+00     -2.101008897E+00      2.666286387E-01      1.529352682E+01      3.823765779E+00      2.328623869E+01      1.446884348E+02     -7.415971111E+00     -1.616174559E+00      8.293372128E+00      1.533284399E+01     -9.042163417E+00     -2.595805526E+01
 5.000000000E-01      3.021129205E+00     -4.658861465E+00     -9.179022174E-01     -1.023766716E+00      2.381582086E+00      1.298241154E+01      3.574314104E+00      1.730444054E+01      9.155786643E+01     -5.381873836E+00     -1.291633602E+00      6.302690617E+00      1.004874829E+01     -3.665667421E+00     -1.061298725E+01
 7.500000000E-01      2.842335773E+00     -3.622366073E+00     -7.583158046E-01     -6.247208083E-01      3.559800680E+00      1.109441817E+01      3.294728739E+00      1.327257729E+01      5.949107241E+01     -4.087642393E+00     -1.049393755E+00      4.870561771E+00      6.788238818E+00     -1.710140169E+00     -4.292240949E+00
 1.000000000E+00      2.663519202E+00     -2.858065895E+00     -6.235204706E-01     -4.334703603E-01      4.218037664E+00      9.613967832E+00      3.007537578E+00      1.055016416E+01      4.139579454E+01     -3.207724136E+00     -8.702660833E-01      3.896608112E+00      4.896241450E+00     -1.022592952E+00     -2.024437963E+00
 1.250000000E+00      2.490536427E+00     -2.262885696E+00     -5.068710046E-01     -3.168312408E-01      4.581313480E+00      8.405862152E+00      2.726653858E+00      8.545366538E+00      3.026343579E+01     -2.560107702E+00     -7.295283976E-01      3.194791156E+00      3.699421530E+00     -6.845561541E-01     -1.085923178E+00
 1.500000000E+00      2.325470598E+00     -1.788756984E+00     -4.059093809E-01     -2.380402063E-01      4.753906266E+00      7.392983805E+00      2.459392065E+00      7.002981375E+00      2.289836956E+01     -2.065017270E+00     -6.156685279E-01      2.665291933E+00      2.886382790E+00     -4.842399154E-01     -6.360896531E-01
 1.750000000E+00      2.169214559E+00     -1.407122048E+00     -3.191251969E-01     -1.818015798E-01      4.796217360E+00      6.529563629E+00      2.209086436E+00      5.786785921E+00      1.777145881E+01     -1.678036775E+00     -5.220654221E-01      2.253100983E+00      2.305990596E+00     -3.548409232E-01     -3.960613632E-01
 2.000000000E+00      2.022147863E+00     -1.098526624E+00     -2.452141029E-01     -1.402502531E-01      4.747712634E+00      5.785677782E+00      1.977208732E+00      4.811802584E+00      1.406857540E+01     -1.371058581E+00     -4.443015679E-01      1.924969028E+00      1.876594970E+00     -2.665815873E-01     -2.578070348E-01
 2.250000000E+00      1.884356868E+00     -8.486876970E-01     -1.829107365E-01     -1.088393191E-01      4.635896114E+00      5.140191636E+00      1.764183182E+00      4.020810768E+00      1.131804894E+01     -1.124988520E+00     -3.792145309E-01      1.659301814E+00      1.550186047E+00     -2.039982342E-01     -1.734996918E-01
 2.500000000E+00      1.755733878E+00     -6.466246260E-01     -1.309687297E-01     -8.472145733E-02      4.480659731E+00      4.577298638E+00      1.569773518E+00      3.373304651E+00      9.228956947E+00     -9.262232785E-01     -3.244374221E-01      1.441317616E+00      1.296702852E+00     -1.583138926E-01     -1.198439019E-01
 2.750000000E+00      1.636035972E+00     -4.836429988E-01     -8.817796010E-02     -6.600489253E-02      4.296700351E+00      4.084665247E+00      1.393333232E+00      2.839545444E+00      7.613077123E+00     -7.647323509E-01     -2.781422572E-01      1.260493041E+00      1.096394948E+00     -1.242172155E-01     -8.444187486E-02
 3.000000000E+00      1.524925975E+00     -3.527253995E-01     -5.338603550E-02     -5.137488273E-02      4.094999030E+00      3.652364684E+00      1.233953824E+00      2.397089552E+00      6.343957887E+00     -6.329295186E-01     -2.388844242E-01      1.109107144E+00      9.357890391E-01     -9.831774196E-02     -6.042653272E-02
 3.250000000E+00      1.422002992E+00     -2.481371811E-01     -2.551535660E-02     -3.988553021E-02      3.883789865E+00      3.272220294E+00      1.090572496E+00      2.028640077E+00      5.334032016E+00     -5.249663001E-01     -2.055026589E-01      9.813528361E-01      8.054063318E-01     -7.836741316E-02     -4.372088564E-02
 3.500000000E+00      1.326825792E+00     -1.651551360E-01     -3.574122440E-03     -3.083780628E-02      3.669230817E+00      2.937380100E+00      9.620456966E-01      1.720641102E+00      4.521117420E+00     -4.362671822E-01     -1.770515886E-01      8.727794132E-01      6.984109177E-01     -6.282172699E-02     -3.193538553E-02
 3.750000000E+00      1.238930832E+00     -9.987083672E-02      1.333750611E-02     -2.370424670E-02      3.455889348E+00      2.642029293E+00      8.472011049E-01      1.462329169E+00      3.860116168E+00     -3.632118784E-01     -1.527541639E-01      7.799219715E-01      6.097673882E-01     -5.059563601E-02     -2.344199396E-02
 4.000000000E+00      1.157846095E+00     -4.904220264E-02      2.602606443E-02     -1.808033517E-02      3.247099076E+00      2.381183975E+00      7.448738171E-01      1.245067198E+00      3.317730354E+00     -3.029102493E-01     -1.319667158E-01      7.000470525E-01      5.356984023E-01     -4.090286443E-02     -1.727131883E-02
 4.250000000E+00      1.083101609E+00     -9.977741306E-03      3.520621046E-02     -1.365196525E-02      3.045236868E+00      2.150545877E+00      6.539324759E-01      1.061864143E+00      2.868990613E+00     -2.530388790E-01     -1.141528918E-01      6.309714198E-01      4.733280965E-01     -3.316757558E-02     -1.268603197E-02
 4.500000000E+00      1.014237295E+00      1.955594047E-02      4.150460862E-02     -1.017284659E-02      2.851934350E+00      1.946389524E+00      5.732964561E-01      9.070234832E-01      2.494920296E+00     -2.117197166E-01     -9.886361297E-02      5.709372357E-01      4.204371581E-01     -2.695874169E-02     -9.263065147E-03
 4.750000000E+00      9.508087102E-01      4.140949634E-02      4.546533852E-02     -7.448467428E-03      2.668244248E+00      1.765471183E+00      5.019464859E-01      7.758758681E-01      2.180921945E+00     -1.774278572E-01     -8.572180417E-02      5.185151047E-01      3.752918065E-01     -2.195105219E-02     -6.704745921E-03
 5.000000000E+00      8.923910663E-01      5.711302838E-02      4.755626987E-02     -5.324369998E-03      2.494772737E+00      1.604960989E+00      4.389317025E-01      6.645742004E-01      1.915647662E+00     -1.489208609E-01     -7.440932964E-02      4.725370006E-01      3.365251086E-01     -1.789539010E-02     -4.768002389E-03
 5.250000000E+00      8.385819062E-01      6.792805855E-02      4.817594722E-02     -3.677427434E-03      2.331783662E+00      1.462384735E+00      3.833726834E-01      5.699353260E-01      1.690189619E+00     -1.251836261E-01     -6.465779315E-02      4.320394102E-01      3.030475985E-01     -1.459941493E-02     -3.278993873E-03
 5.500000000E+00      7.890027167E-01      7.489088559E-02      4.766064774E-02     -2.409239456E-03      2.179283026E+00      1.335577106E+00      3.344618254E-01      4.893188252E-01      1.497494659E+00     -1.053846641E-01     -5.623986668E-02      3.962251653E-01      2.739849625E-01     -1.191116473E-02     -2.150015572E-03
 5.750000000E+00      7.432996946E-01      7.884959323E-02      4.629133913E-02     -1.441041648E-03      2.037083875E+00      1.222640991E+00      2.914623639E-01      4.205258237E-01      1.331934732E+00     -8.884183894E-02     -4.896277829E-02      3.644299833E-01      2.486292302E-01     -9.712236811E-03     -1.267989283E-03
 6.000000000E+00      7.011438729E-01      8.049472750E-02      4.430037796E-02     -7.097517009E-04      1.904860857E+00      1.121913399E+00      2.537061959E-01      3.617220783E-01      1.188984059E+00     -7.499455101E-02     -4.266277008E-02      3.360980829E-01      2.264039595E-01     -7.909194610E-03     -5.980238005E-04
 6.250000000E+00      6.622307539E-01      8.038583433E-02      4.187781293E-02     -1.648558858E-04      1.782191486E+00      1.031936259E+00      2.205894574E-01      3.113719759E-01      1.064979483E+00     -6.338160755E-02     -3.720074046E-02      3.107627494E-01      2.068360715E-01     -6.428025109E-03     -7.921578136E-05
 6.500000000E+00      6.262796020E-01      7.897352400E-02      3.917720502E-02      2.340578171E-04      1.668588922E+00      9.514305716E-01      1.915698973E-01      2.681884718E-01      9.569367843E-01     -5.362294766E-02     -3.245823570E-02      2.880289274E-01      1.895351579E-01     -5.208852606E-03      3.102734237E-04
 6.750000000E+00      5.930324408E-01      7.661784127E-02      3.632094980E-02      5.192707838E-04      1.563528043E+00      8.792751059E-01      1.661616905E-01      2.310909483E-01      8.624107072E-01     -4.540532805E-02     -2.833432962E-02      2.675634324E-01      1.741782100E-01     -4.203416172E-03      6.117458323E-04
 7.000000000E+00      5.622529043E-01      7.360574692E-02      3.340505463E-02      7.165115991E-04      1.466465390E+00      8.144862301E-01      1.439314114E-01      1.991698116E-01      7.793866720E-01     -3.847021659E-02     -2.474292182E-02      2.490817470E-01      1.604948690E-01     -3.372979650E-03      8.433728909E-04
 7.250000000E+00      5.337249666E-01      7.016043178E-02      3.050339885E-02      8.462337915E-04      1.376854027E+00      7.562012621E-01      1.244930266E-01      1.716591247E-01      7.061947870E-01     -3.260398076E-02     -2.161046505E-02      2.323413840E-01      1.482590249E-01     -2.686130453E-03      1.018548484E-03
 7.500000000E+00      5.072515995E-01      6.646016525E-02      2.767147599E-02      9.246285040E-04      1.294155246E+00      7.036640080E-01      1.075049275E-01      1.479120058E-01      6.414444404E-01     -2.763011195E-02     -1.887420617E-02      2.171346099E-01      1.372801992E-01     -2.117860490E-03      1.145800654E-03
 7.750000000E+00      4.826534438E-01      6.263653783E-02      2.494966391E-02      9.644837221E-04      1.217846429E+00      6.562102905E-01      9.266441513E-02      1.273817971E-01      5.839725323E-01     -2.340252394E-02     -1.648038043E-02      2.032829517E-01      1.273973619E-01     -1.647249581E-03      1.238470055E-03
 8.000000000E+00      4.597674556E-01      5.879203519E-02      2.236604780E-02      9.758302600E-04      1.147427239E+00      6.132582308E-01      7.970407581E-02      1.096058134E-01      5.328009528E-01     -1.980026466E-02     -1.438298425E-02      1.906325794E-01      1.184737611E-01     -1.257178839E-03      1.300719654E-03
 8.250000000E+00      4.384456091E-01      5.500246976E-02      1.993883334E-02      9.665016726E-04      1.082423380E+00      5.742971877E-01      6.838877074E-02      9.419194504E-02      4.871040291E-01     -1.672303042E-02     -1.254258597E-02      1.790503500E-01      1.103927023E-01     -9.340052476E-04      1.345576959E-03
 8.500000000E+00      4.185536421E-01      5.132216354E-02      1.767839955E-02      9.425732392E-04      1.022388708E+00      5.388790993E-01      5.851174156E-02      8.080720725E-02      4.461815060E-01     -1.408759271E-02     -1.092532168E-02      1.684206903E-01      1.030542463E-01     -6.658946544E-04      1.370255177E-03
 8.750000000E+00      3.999698668E-01      4.778732677E-02      1.558901990E-02      9.091808155E-04      9.669068843E-01      5.066107264E-01      4.989138431E-02      6.916860901E-02      4.094375466E-01     -1.182477249E-02     -9.502137696E-03      1.586430848E-01      9.637257351E-02     -4.438403393E-04      1.380358434E-03
 9.000000000E+00      3.825840491E-01      4.442725376E-02      1.367029854E-02      8.685044971E-04      9.155910698E-01      4.771464430E-01      4.236839976E-02      5.903515543E-02      3.763623570E-01     -9.877093381E-03     -8.248018809E-03      1.496298233E-01      9.027365817E-02     -2.600259674E-04      1.378240611E-03
 9.250000000E+00      3.662963724E-01      4.125293744E-02      1.191835384E-02      8.246988208E-04      8.680840509E-01      4.501827892E-01      3.580355875E-02      5.020131933E-02      3.465186076E-01     -8.196585539E-03     -7.141424385E-03      1.413040926E-01      8.469334282E-02     -1.081987217E-04      1.371270318E-03
 9.500000000E+00      3.510164171E-01      3.827194972E-02      1.032678760E-02      7.790458646E-04      8.240570437E-01      4.254527815E-01      3.007532426E-02      4.249169338E-02      3.195297680E-01     -6.743232739E-03     -6.163807855E-03      1.335983562E-01      7.957596947E-02      1.708209313E-05      1.356840866E-03
 9.750000000E+00      3.366623450E-01      3.548608021E-02      8.887454304E-03      7.332908224E-04      7.832084325E-01      4.027215502E-01      2.507746304E-02      3.575617605E-02      2.950705443E-01     -5.483568179E-03     -5.299102742E-03      1.264533464E-01      7.487306055E-02      1.201659867E-04      1.336800535E-03
 1.000000000E+01      3.231600049E-01      3.289243275E-02      7.591113167E-03      6.883229727E-04      7.452626061E-01      3.817825351E-01      2.071682789E-02      2.986617554E-02      2.728589838E-01     -4.389562434E-03     -4.533451703E-03      1.198163165E-01      7.054211761E-02      2.047813394E-04      1.314021703E-03
 1.025000000E+01      3.104422134E-01      3.048506949E-02      6.427870679E-03      6.448884137E-04      7.099680373E-01      3.624534368E-01      1.691261607E-02      2.471146755E-02      2.526496428E-01     -3.437664169E-03     -3.854833501E-03      1.136410240E-01      6.654597364E-02      2.737900803E-04      1.286281020E-03
 1.050000000E+01      2.984480803E-01      2.825597024E-02      5.387611000E-03      6.034560625E-04      6.770958167E-01      3.445732200E-01      1.359466958E-02      2.019716182E-02      2.342284873E-01     -2.608037540E-03     -3.252814289E-03      1.078860879E-01      6.285194590E-02      3.297906950E-04      1.257699661E-03
 1.075000000E+01      2.871223363E-01      2.619579080E-02      4.460209871E-03      5.643105660E-04      6.464380229E-01      3.279998911E-01      1.070121254E-02      1.624160000E-02      2.174079736E-01     -1.883970536E-03     -2.718356746E-03      1.025147751E-01      5.943113159E-02      3.748953868E-04      1.223785550E-03
 1.100000000E+01      2.764148089E-01      2.429438852E-02      3.635930324E-03      5.274953333E-04      6.178056641E-01      3.126073905E-01      8.178905073E-03      1.277435553E-02      2.020235502E-01     -1.251306863E-03     -2.243562145E-03      9.749432735E-02      5.625798704E-02      4.108323924E-04      1.192926175E-03
 1.125000000E+01      2.662799105E-01      2.254129843E-02      2.905242342E-03      4.933648343E-04      5.910274920E-01      2.982843003E-01      5.981085419E-03      9.734573792E-03      1.879304488E-01     -6.980229798E-04     -1.821549369E-03      9.279534315E-02      5.330981651E-02      4.390953546E-04      1.160164009E-03
 1.150000000E+01      2.566761736E-01      2.092602304E-02      2.259247938E-03      4.615833211E-04      5.659484029E-01      2.849318357E-01      4.067240081E-03      7.069585767E-03      1.750008586E-01     -2.138974052E-04     -1.446320959E-03      8.839176877E-02      5.056656632E-02      4.609147273E-04      1.126287656E-03
 1.175000000E+01      2.475657952E-01      1.943826881E-02      1.689585856E-03      4.321753039E-04      5.424278276E-01      2.724619952E-01      2.401937405E-03      4.733674885E-03      1.631217777E-01      2.098157543E-04     -1.112612646E-03      8.425966772E-02      4.801014977E-02      4.773243198E-04      1.093031028E-03
 1.200000000E+01      2.389144043E-01      1.806812454E-02      1.188496119E-03      4.050307283E-04      5.203385069E-01      2.607965028E-01      9.544304111E-04      2.687185856E-03      1.521929430E-01      5.806090836E-04     -8.158116713E-04      8.037778702E-02      4.562453006E-02      4.891883249E-04      1.061337130E-03
 1.225000000E+01      2.306905362E-01      1.680615723E-02      7.488316398E-04      3.800188018E-04      4.995651745E-01      2.498655645E-01     -3.022163321E-04      8.955428498E-04      1.421252166E-01      9.048971108E-04     -5.518739161E-04      7.672686543E-02      4.339543994E-02      4.972428945E-04      1.028054842E-03
 1.250000000E+01      2.228654722E-01      1.564348617E-02      3.640532966E-04      3.569979205E-04      4.800034114E-01      2.396067528E-01     -1.391347499E-03     -6.713869270E-04      1.328391292E-01      1.188251374E-03     -3.172337030E-04      7.328955504E-02      4.130982443E-02      5.020946276E-04      9.960709351E-04
 1.275000000E+01      2.154129131E-01      1.457180383E-02      2.820956723E-05      3.358221025E-04      4.615585980E-01      2.299641354E-01     -2.333393597E-03     -2.039918835E-03      1.242637158E-01      1.435464259E-03     -1.087437042E-04      7.004991788E-02      3.935611264E-02      5.042856324E-04      9.648474026E-04
 1.300000000E+01      2.083087620E-01      1.358340846E-02     -2.640901011E-04      3.163462754E-04      4.441449039E-01      2.208876397E-01     -3.146267635E-03     -3.233083046E-03      1.163354930E-01      1.650707943E-03      7.635886478E-05      6.699372557E-02      3.752376165E-02      5.042440661E-04      9.337114435E-04
 1.325000000E+01      2.015309054E-01      1.267118980E-02     -5.177079114E-04      2.984297638E-04      4.276846307E-01      2.123322450E-01     -3.845568689E-03     -4.271101312E-03      1.089975440E-01      1.837615854E-03      2.405450137E-04      6.410777676E-02      3.580332986E-02      5.023455554E-04      9.029381669E-04
 1.350000000E+01      1.950590078E-01      1.182861131E-02     -7.370129352E-04      2.819386891E-04      4.121069227E-01      2.042573179E-01     -4.444984237E-03     -5.171626587E-03      1.021987695E-01      1.999360920E-03      3.859866984E-04      6.138021520E-02      3.418628763E-02      4.989023256E-04      8.738445675E-04
 1.375000000E+01      1.888743640E-01      1.104968361E-02     -9.259197826E-04      2.667469534E-04      3.973475589E-01      1.966263257E-01     -4.956420890E-03     -5.950365592E-03      9.589309897E-02      2.138745702E-03      5.146128616E-04      5.880009132E-02      3.266469973E-02      4.941633583E-04      8.459936860E-04
 1.400000000E+01      1.829597378E-01      1.032894047E-02     -1.087927911E-03      2.527372723E-04      3.833481149E-01      1.894061508E-01     -5.390334671E-03     -6.621048561E-03      9.003917844E-02      2.258193933E-03      6.281452443E-04      5.635741237E-02      3.123166387E-02      4.883941779E-04      8.186975548E-04
 1.425000000E+01      1.772991995E-01      9.661398092E-03     -1.226155298E-03      2.398017550E-04      3.700552904E-01      1.825668137E-01     -5.756016715E-03     -7.195799274E-03      8.459942118E-02      2.359878015E-03      7.281184674E-04      5.404303163E-02      2.988061837E-02      4.817567785E-04      7.915521020E-04
 1.450000000E+01      1.718780532E-01      9.042521992E-03     -1.343376909E-03      2.278412937E-04      3.574204717E-01      1.760810925E-01     -6.061542183E-03     -7.685336125E-03      7.954000697E-02      2.445700567E-03      8.158999390E-04      5.184859610E-02      2.860574229E-02      4.744414540E-04      7.653716461E-04
 1.475000000E+01      1.666826800E-01      8.468192024E-03     -1.442059718E-03      2.167655022E-04      3.453992345E-01      1.699242239E-01     -6.313965825E-03     -8.099164128E-03      7.483016818E-02      2.517361313E-03      8.927068845E-04      4.976631891E-02      2.740164859E-02      4.665934491E-04      7.411447550E-04
 1.500000000E+01      1.617004585E-01      7.934670439E-03     -1.524390034E-03      2.064924554E-04      3.339509935E-01      1.640736868E-01     -6.519544764E-03     -8.445692208E-03      7.044209034E-02      2.576353335E-03      9.596371262E-04      4.778906156E-02      2.626341449E-02      4.582959182E-04      7.158996844E-04
 1.525000000E+01      1.569196771E-01      7.438564769E-03     -1.592306640E-03      1.969482366E-04      3.230385171E-01      1.585088456E-01     -6.683871606E-03     -8.732400892E-03      6.635045204E-02      2.624022028E-03      1.017675232E-03      4.591025976E-02      2.518654719E-02      4.496798598E-04      6.920789102E-04
 1.550000000E+01      1.523294540E-01      6.976795264E-03     -1.647525658E-03      1.880657055E-04      3.126276674E-01      1.532109025E-01     -6.811719391E-03     -8.965937058E-03      6.253222504E-02      2.661568999E-03      1.067693487E-03      4.412387801E-02      2.416694680E-02      4.407975355E-04      6.701610634E-04
 1.575000000E+01      1.479196593E-01      6.546571766E-03     -1.691565898E-03      1.797848609E-04      3.026871094E-01      1.481626063E-01     -6.907526527E-03     -9.152226068E-03      5.896641588E-02      2.690049690E-03      1.110485571E-03      4.242430198E-02      2.320077604E-02      4.317204051E-04      6.478085760E-04
 1.600000000E+01      1.436808580E-01      6.145360041E-03     -1.725770541E-03      1.720515361E-04      2.931879873E-01      1.433481069E-01     -6.975046158E-03     -9.296528406E-03      5.563393507E-02      2.710423540E-03      1.146763836E-03      4.080620718E-02      2.228458390E-02      4.225253006E-04      6.272304174E-04
 1.625000000E+01      1.396042508E-01      5.770860191E-03     -1.751329018E-03      1.648169999E-04      2.841036961E-01      1.387528521E-01     -7.017589673E-03     -9.403547219E-03      5.251726122E-02      2.723557415E-03      1.177167940E-03      3.926491710E-02      2.141510190E-02      4.132911043E-04      6.052916612E-04
 1.650000000E+01      1.356816147E-01      5.420983109E-03     -1.769290134E-03      1.580377602E-04      2.754097294E-01      1.343634199E-01     -7.038196796E-03     -9.477469529E-03      4.960031425E-02      2.730216421E-03      1.202282274E-03      3.779590152E-02      2.058943471E-02      4.040450630E-04      5.861252538E-04
 1.675000000E+01      1.319052657E-01      5.093830255E-03     -1.780582804E-03      1.516745780E-04      2.670834843E-01      1.301674593E-01     -7.039537692E-03     -9.522041539E-03      4.686859142E-02      2.731093305E-03      1.222619795E-03      3.639502725E-02      1.980479936E-02      3.948142619E-04      5.671235625E-04
 1.700000000E+01      1.282680112E-01      4.787671870E-03     -1.786029315E-03      1.456921889E-04      2.591038124E-01      1.261535288E-01     -7.023974153E-03     -9.540616824E-03      4.430857626E-02      2.726815687E-03      1.238658091E-03      3.505834853E-02      1.905864926E-02      3.856336592E-04      5.483866482E-04
 1.725000000E+01      1.247631068E-01      4.500935228E-03     -1.786354956E-03      1.400592181E-04      2.514514399E-01      1.223110998E-01     -6.993571242E-03     -9.536187284E-03      4.190800680E-02      2.717943480E-03      1.250823353E-03      3.378228710E-02      1.834864837E-02      3.765302216E-04      5.310682499E-04
 1.750000000E+01      1.213842323E-01      4.232184673E-03     -1.782203324E-03      1.347470799E-04      2.441082775E-01      1.186303839E-01     -6.950262117E-03     -9.511450258E-03      3.965555137E-02      2.704986320E-03      1.259495490E-03      3.256355557E-02      1.767264761E-02      3.675311052E-04      5.140930318E-04
 1.775000000E+01      1.181254494E-01      3.980111230E-03     -1.774143555E-03      1.297302131E-04      2.370575734E-01      1.151022898E-01     -6.895596645E-03     -9.468812185E-03      3.754081803E-02      2.688399640E-03      1.265033998E-03      3.139894968E-02      1.702862882E-02      3.586269045E-04      4.980775484E-04
 1.800000000E+01      1.149811757E-01      3.743509983E-03     -1.762678828E-03      1.249857763E-04      2.302837297E-01      1.117183658E-01     -6.831131133E-03     -9.410444964E-03      3.555423361E-02      2.668605359E-03      1.267752442E-03      3.028552039E-02      1.641466926E-02      3.498397559E-04      4.818345292E-04
 1.825000000E+01      1.119461633E-01      3.521298395E-03     -1.748256355E-03      1.204928217E-04      2.237722201E-01      1.084707803E-01     -6.758136035E-03     -9.338269740E-03      3.368698190E-02      2.645974656E-03      1.267944323E-03      2.922052713E-02      1.582905644E-02      3.412044656E-04      4.667608858E-04
 1.850000000E+01      1.090154686E-01      3.312462038E-03     -1.731271413E-03      1.162328480E-04      2.175095253E-01      1.053523553E-01     -6.677819164E-03     -9.254028596E-03      3.193092870E-02      2.620842989E-03      1.265856909E-03      2.820147854E-02      1.527019361E-02      3.327383558E-04      4.515067007E-04
 1.875000000E+01      1.061844299E-01      3.116080558E-03     -1.712075215E-03      1.121883117E-04      2.114829657E-01      1.023561214E-01     -6.591331859E-03     -9.159278028E-03      3.027856303E-02      2.593519108E-03      1.261734270E-03      2.722596267E-02      1.473656781E-02      3.244300795E-04      4.372562158E-04
 1.900000000E+01      1.034486528E-01      2.931307983E-03     -1.690980176E-03      1.083445491E-04      2.056807111E-01      9.947577718E-02     -6.499417032E-03     -9.055421506E-03      2.872295379E-02      2.564282928E-03      1.255793079E-03      2.629167026E-02      1.422674855E-02      3.162861060E-04      4.234654578E-04
 1.925000000E+01      1.008039847E-01      2.757365784E-03     -1.668261661E-03      1.046875882E-04      2.000917207E-01      9.670536787E-02     -6.403030499E-03     -8.943711420E-03      2.725768250E-02      2.533380693E-03      1.248228918E-03      2.539647028E-02      1.373940151E-02      3.082995043E-04      4.100706207E-04
 1.950000000E+01      9.824650911E-02      2.593535909E-03     -1.644166438E-03      1.012041091E-04      1.947056023E-01      9.403935959E-02     -6.302887338E-03     -8.825278165E-03      2.587683064E-02      2.501044467E-03      1.239218688E-03      2.453845916E-02      1.327334506E-02      3.004968794E-04      3.973091457E-04
 1.975000000E+01      9.577251571E-02      2.439158195E-03     -1.618911536E-03      9.788292559E-05      1.895126279E-01      9.147256226E-02     -6.199607884E-03     -8.701129211E-03      2.457489718E-02      2.467478226E-03      1.228924468E-03      2.371575361E-02      1.282742924E-02      2.928723076E-04      3.851483996E-04
 2.000000000E+01      9.337849799E-02      2.293619311E-03     -1.592691764E-03      9.471341964E-05      1.845036691E-01      8.900013135E-02     -6.093861889E-03     -8.572176134E-03      2.334680881E-02      2.432874059E-03      1.217493396E-03      2.292658987E-02      1.240056386E-02      2.854259462E-04      3.733562886E-04
 2.025000000E+01      9.106113162E-02      2.156356765E-03     -1.565679960E-03      9.168601968E-05      1.796701595E-01      8.661744209E-02     -5.986158594E-03     -8.439236780E-03      2.218783127E-02      2.397389053E-03      1.205065155E-03      2.216930331E-02      1.199174990E-02      2.781453403E-04      3.617505561E-04
 2.050000000E+01      8.881726911E-02      2.026847307E-03     -1.538028049E-03      8.879175067E-05      1.750040141E-01      8.432023522E-02     -5.876972763E-03     -8.303042496E-03      2.109358484E-02      2.361180604E-03      1.191750065E-03      2.144234342E-02      1.160003958E-02      2.710434041E-04      3.507567693E-04
 2.075000000E+01      8.664392484E-02      1.904606158E-03     -1.509873956E-03      8.602256124E-05      1.704976107E-01      8.210447138E-02     -5.766708812E-03     -8.164245442E-03      2.006000726E-02      2.324391912E-03      1.177661704E-03      2.074428437E-02      1.122456738E-02      2.641052323E-04      3.399377119E-04
 2.100000000E+01      8.453826499E-02      1.789184912E-03     -1.481337061E-03      8.337090251E-05      1.661438235E-01      7.996634651E-02     -5.655721051E-03     -8.023433289E-03      1.908330903E-02      2.287141986E-03      1.162913761E-03      2.007375660E-02      1.086450936E-02      2.573508709E-04      3.297348632E-04
 2.125000000E+01      8.249759809E-02      1.680166395E-03     -1.452525120E-03      8.083011948E-05      1.619358806E-01      7.790229022E-02     -5.544351843E-03     -7.881134092E-03      1.815997596E-02      2.249543915E-03      1.147577863E-03      1.942940498E-02      1.051906532E-02      2.507748027E-04      3.198127224E-04
 2.150000000E+01      8.051936851E-02      1.577161995E-03     -1.423534282E-03      7.839375322E-05      1.578674101E-01      7.590894716E-02     -5.432913859E-03     -7.737806890E-03      1.728673180E-02      2.211703027E-03      1.131753760E-03      1.881002876E-02      1.018751518E-02      2.443644617E-04      3.100532337E-04
 2.175000000E+01      7.860114735E-02      1.479811327E-03     -1.394449953E-03      7.605586371E-05      1.539323729E-01      7.398314335E-02     -5.321678376E-03     -7.593885009E-03      1.646053091E-02      2.173707964E-03      1.115510982E-03      1.821448066E-02      9.869177509E-03      2.381119775E-04      3.008502456E-04
 2.200000000E+01      7.674062008E-02      1.387779758E-03     -1.365345738E-03      7.381110864E-05      1.501250988E-01      7.212186713E-02     -5.210894638E-03     -7.449732848E-03      1.567853054E-02      2.135641271E-03      1.098917928E-03      1.764165450E-02      9.563401160E-03      2.320371656E-04      2.922257851E-04
 2.225000000E+01      7.493558805E-02      1.300750117E-03     -1.336288148E-03      7.165444356E-05      1.464401916E-01      7.032231793E-02     -5.100684454E-03     -7.305682239E-03      1.493808224E-02      2.097574674E-03      1.082040226E-03      1.709053025E-02      9.269579096E-03      2.261181613E-04      2.838012873E-04
 2.250000000E+01      7.318395357E-02      1.218434644E-03     -1.307338116E-03      6.958117537E-05      1.428725348E-01      6.858181655E-02     -4.991300239E-03     -7.162031748E-03      1.423671730E-02      2.059583210E-03      1.064930020E-03      1.656011139E-02      8.987146855E-03      2.203446073E-04      2.752394295E-04
 2.275000000E+01      7.148372105E-02      1.140558134E-03     -1.278546766E-03      6.758692253E-05      1.394173054E-01      6.689786465E-02     -4.882835781E-03     -7.019039482E-03      1.357212487E-02      2.021721732E-03      1.047645369E-03      1.604945549E-02      8.715540200E-03      2.147385928E-04      2.673603821E-04
 2.300000000E+01      6.983298478E-02      1.066867711E-03     -1.249957242E-03      6.566772477E-05      1.360699291E-01      6.526783657E-02     -4.775460873E-03     -6.876941810E-03      1.294215291E-02      1.984042285E-03      1.030228288E-03      1.555770346E-02      8.454270042E-03      2.092808982E-04      2.594543682E-04
 2.325000000E+01      6.822992943E-02      9.971245074E-04     -1.221611092E-03      6.381975778E-05      1.328260638E-01      6.369003618E-02     -4.669317424E-03     -6.735982719E-03      1.234478548E-02      1.946592642E-03      1.012721294E-03      1.508402639E-02      8.202852842E-03      2.039651617E-04      2.521081097E-04
 2.350000000E+01      6.667282068E-02      9.311054007E-04     -1.193542963E-03      6.203950365E-05      1.296815665E-01      6.216180332E-02     -4.564522117E-03     -6.596224299E-03      1.177814184E-02      1.909419215E-03      9.951644661E-04      1.462764401E-02      7.960835705E-03      1.988035960E-04      2.447077679E-04
 2.375000000E+01      6.516000383E-02      8.686009490E-04     -1.165785344E-03      6.032365867E-05      1.266325321E-01      6.068124949E-02     -4.461111620E-03     -6.457937143E-03      1.124045552E-02      1.872557502E-03      9.775912068E-04      1.418777775E-02      7.727776940E-03      1.937817138E-04      2.377268586E-04
 2.400000000E+01      6.368989711E-02      8.094160793E-04     -1.138362817E-03      5.866914320E-05      1.236752301E-01      5.924645754E-02     -4.359176473E-03     -6.321221562E-03      1.073007868E-02      1.836040622E-03      9.600333421E-04      1.376373246E-02      7.503273651E-03      1.888923485E-04      2.308449586E-04
 2.425000000E+01      6.226098940E-02      7.533668616E-04     -1.111298348E-03      5.707306237E-05      1.208061185E-01      5.785560137E-02     -4.258785611E-03     -6.186194847E-03      1.024546644E-02      1.799898635E-03      9.425190929E-04      1.335485046E-02      7.286956974E-03      1.841331698E-04      2.242306235E-04
 2.450000000E+01      6.087183577E-02      7.002803586E-04     -1.084612570E-03      5.553269596E-05      1.180218124E-01      5.650692842E-02     -4.159982783E-03     -6.052963113E-03      9.785168712E-03      1.764159507E-03      9.250736825E-04      1.296045322E-02      7.078440848E-03      1.795077678E-04      2.178200121E-04
 2.475000000E+01      5.952105253E-02      6.499960410E-04     -1.058321428E-03      5.404551055E-05      1.153191254E-01      5.519878891E-02     -4.062811901E-03     -5.921611206E-03      9.347831492E-03      1.728844120E-03      9.077213459E-04      1.257995453E-02      6.877388632E-03      1.750095850E-04      2.118472452E-04
 2.500000000E+01      5.820731838E-02      6.023608744E-04     -1.032439063E-03      5.260905601E-05      1.126949842E-01      5.392961398E-02     -3.967339568E-03     -5.792214701E-03      8.932181440E-03      1.693971953E-03      8.904798815E-04      1.221278539E-02      6.683493204E-03      1.706339705E-04      2.058680194E-04
 2.525000000E+01      5.692936504E-02      5.572335960E-04     -1.006977534E-03      5.122114429E-05      1.101464883E-01      5.269791382E-02     -3.873582282E-03     -5.664831996E-03      8.537022070E-03      1.659562943E-03      8.733694438E-04      1.185839543E-02      6.496427181E-03      1.663791042E-04      2.002207603E-04
 2.550000000E+01      5.568597981E-02      5.144781757E-04     -9.819464886E-04      4.987957985E-05      1.076708313E-01      5.150224723E-02     -3.781567615E-03     -5.539518559E-03      8.161232523E-03      1.625629601E-03      8.564060626E-04      1.151623990E-02      6.315902999E-03      1.622379448E-04      1.944259066E-04
 2.575000000E+01      5.447600026E-02      4.739693528E-04     -9.573528422E-04      4.858239833E-05      1.052653830E-01      5.034126251E-02     -3.691275939E-03     -5.416307977E-03      7.803759421E-03      1.592182838E-03      8.396039759E-04      1.118582062E-02      6.141619820E-03      1.582121519E-04      1.894069554E-04
 2.600000000E+01      5.329831093E-02      4.355876263E-04     -9.332034809E-04      4.732770484E-05      1.029276012E-01      4.921367142E-02     -3.602732503E-03     -5.295251298E-03      7.463611161E-03      1.559236472E-03      8.229781974E-04      1.086666406E-02      5.973342153E-03      1.542967157E-04      1.840295691E-04
 2.625000000E+01      5.215184417E-02      3.992212747E-04     -9.095016117E-04      4.611367289E-05      1.006550880E-01      4.811825319E-02     -3.515937387E-03     -5.176351677E-03      7.139857803E-03      1.526793347E-03      8.065336845E-04      1.055833441E-02      5.810805994E-03      1.504920264E-04      1.791124856E-04
 2.650000000E+01      5.103557308E-02      3.647641854E-04     -8.862509283E-04      4.493865470E-05      9.844550913E-02      4.705381128E-02     -3.430904155E-03     -5.059633046E-03      6.831624573E-03      1.494867842E-03      7.902869245E-04      1.026038277E-02      5.653785735E-03      1.467920167E-04      1.741860655E-04
 2.675000000E+01      4.994851478E-02      3.321168909E-04     -8.634533425E-04      4.380099678E-05      9.629666886E-02      4.601923363E-02     -3.347621327E-03     -4.945105579E-03      6.538087031E-03      1.463457782E-03      7.742451844E-04      9.972405102E-03      5.502039155E-03      1.431945424E-04      1.694515346E-04
 2.700000000E+01      4.888972383E-02      3.011856844E-04     -8.411091220E-04      4.269922397E-05      9.420644740E-02      4.501344725E-02     -3.266101840E-03     -4.832777264E-03      6.258470041E-03      1.432572418E-03      7.584134783E-04      9.694024918E-03      5.355355592E-03      1.396916444E-04      1.648163815E-04
 2.725000000E+01      4.785829313E-02      2.718814552E-04     -8.192174679E-04      4.163186040E-05      9.217284793E-02      4.403542940E-02     -3.186322173E-03     -4.722645705E-03      5.992043577E-03      1.402210453E-03      7.428006953E-04      9.424831117E-03      5.213532458E-03      1.362862713E-04      1.604208155E-04
 2.750000000E+01      4.685335125E-02      2.441208091E-04     -7.977776501E-04      4.059763649E-05      9.019390797E-02      4.308420613E-02     -3.108268233E-03     -4.614709146E-03      5.738121761E-03      1.372375518E-03      7.274115776E-04      9.164492213E-03      5.076370284E-03      1.329743880E-04      1.561114951E-04
 2.775000000E+01      4.587405995E-02      2.178244661E-04     -7.767876425E-04      3.959508009E-05      8.826778514E-02      4.215884195E-02     -3.031914551E-03     -4.508954029E-03      5.496053608E-03      1.343069754E-03      7.122500591E-04      8.912666270E-03      4.943685715E-03      1.297505224E-04      1.520577094E-04
 2.800000000E+01      4.491961296E-02      1.929167526E-04     -7.562448151E-04      3.862307649E-05      8.639269798E-02      4.125843556E-02     -2.957239471E-03     -4.405370255E-03      5.265230179E-03      1.314291662E-03      6.973213557E-04      8.669016580E-03      4.815302452E-03      1.266181245E-04      1.481032431E-04
 2.825000000E+01      4.398923878E-02      1.693291347E-04     -7.361457412E-04      3.768046055E-05      8.456696639E-02      4.038212780E-02     -2.884232137E-03     -4.303938249E-03      5.045073439E-03      1.286037495E-03      6.826276230E-04      8.433250794E-03      4.691055268E-03      1.235687644E-04      1.442060260E-04
 2.850000000E+01      4.308218822E-02      1.469945302E-04     -7.164860286E-04      3.676605246E-05      8.278894367E-02      3.952910002E-02     -2.812879800E-03     -4.204648281E-03      4.835040589E-03      1.258303659E-03      6.681706430E-04      8.205039075E-03      4.570765230E-03      1.206006421E-04      1.402925581E-04
 2.875000000E+01      4.219774696E-02      1.258466978E-04     -6.972611695E-04      3.587885707E-05      8.105707344E-02      3.869859708E-02     -2.743165566E-03     -4.107472121E-03      4.634617660E-03      1.231090015E-03      6.539517815E-04      7.984123966E-03      4.454298022E-03      1.177127824E-04      1.368168981E-04
 2.900000000E+01      4.133522498E-02      1.058288636E-04     -6.784669448E-04      3.501779557E-05      7.936984681E-02      3.788982725E-02     -2.675069983E-03     -4.012387319E-03      4.443322006E-03      1.204393255E-03      6.399735449E-04      7.770224957E-03      4.341502949E-03      1.149034469E-04      1.331907417E-04
 2.925000000E+01      4.049395621E-02      8.688385343E-05     -6.600979781E-04      3.418192236E-05      7.772582883E-02      3.710208216E-02     -2.608545012E-03     -3.919370938E-03      4.260694069E-03      1.178209933E-03      6.262369227E-04      7.563080915E-03      4.232233115E-03      1.121725802E-04      1.298037462E-04
 2.950000000E+01      3.967330191E-02      6.895854229E-05     -6.421487261E-04      3.337040866E-05      7.612364356E-02      3.633467218E-02     -2.543571779E-03     -3.828394277E-03      4.086303476E-03      1.152532100E-03      6.127411731E-04      7.362443011E-03      4.126360707E-03      1.095168807E-04      1.263700679E-04
 2.975000000E+01      3.887264379E-02      5.200105121E-05     -6.246133907E-04      3.258225424E-05      7.456195262E-02      3.558694852E-02     -2.480139918E-03     -3.739433512E-03      3.919740942E-03      1.127357979E-03      5.994856289E-04      7.168078645E-03      4.023763639E-03      1.069289201E-04      1.231481982E-04
 3.000000000E+01      3.809138921E-02      3.596667741E-05     -6.074851872E-04      3.181671069E-05      7.303948825E-02      3.485826614E-02     -2.418193604E-03     -3.652449089E-03      3.760618964E-03      1.102682750E-03      5.864702853E-04      6.979752409E-03      3.924307310E-03      1.044099478E-04      1.199197187E-04
 3.025000000E+01      3.732896434E-02      2.080300636E-05     -5.907588128E-04      3.107292816E-05      7.155500712E-02      3.414799701E-02     -2.357728033E-03     -3.567419383E-03      3.608572684E-03      1.078500091E-03      5.736947410E-04      6.797237790E-03      3.827877460E-03      1.019588348E-04      1.169153189E-04
 3.050000000E+01      3.658481719E-02      6.472287589E-06     -5.744272759E-04      3.035017387E-05      7.010735617E-02      3.345557138E-02     -2.298713373E-03     -3.484307446E-03      3.463255633E-03      1.054803835E-03      5.611578230E-04      6.620339039E-03      3.734368478E-03      9.957057984E-05      1.139889190E-04
 3.075000000E+01      3.585841365E-02     -7.067811926E-06     -5.584843638E-04      2.964769971E-05      6.869538533E-02      3.278042458E-02     -2.241128311E-03     -3.403085208E-03      3.324342348E-03      1.031588049E-03      5.488574210E-04      6.448853289E-03      3.643674124E-03      9.725118046E-05      1.111433980E-04
 3.100000000E+01      3.514924112E-02     -1.985789232E-05     -5.429231395E-04      2.896471939E-05      6.731800275E-02      3.212201669E-02     -2.184945056E-03     -3.323718888E-03      3.191522610E-03      1.008845065E-03      5.367916702E-04      6.282585867E-03      3.555689090E-03      9.499174149E-05      1.083809616E-04
 3.125000000E+01      3.445680240E-02     -3.192992812E-05     -5.277369223E-04      2.830077748E-05      6.597415997E-02      3.147983283E-02     -2.130118174E-03     -3.246174173E-03      3.064503008E-03      9.865663544E-04      5.249584508E-04      6.121353628E-03      3.470316580E-03      9.279063245E-05      1.056241249E-04
 3.150000000E+01      3.378061895E-02     -4.332406182E-05     -5.129188905E-04      2.765507526E-05      6.466285034E-02      3.085336585E-02     -2.076639139E-03     -3.170419532E-03      2.943005023E-03      9.647484352E-04      5.133564538E-04      5.964975855E-03      3.387464368E-03      9.064171502E-05      1.031168000E-04
 3.175000000E+01      3.312022969E-02     -5.406663625E-05     -4.984647194E-04      2.702709552E-05      6.338308924E-02      3.024212754E-02     -2.024461075E-03     -3.096420101E-03      2.826766805E-03      9.433822000E-04      5.019825341E-04      5.813283166E-03      3.307040080E-03      8.855924373E-05      1.005378618E-04
 3.200000000E+01      3.247518733E-02     -6.420214496E-05     -4.843624185E-04      2.641615282E-05      6.213394902E-02      2.964565598E-02     -1.973566549E-03     -3.024143321E-03      2.715538611E-03      9.224702043E-04      4.908348642E-04      5.666107572E-03      3.228957333E-03      8.652676076E-05      9.804127429E-05
 3.225000000E+01      3.184505960E-02     -7.374605968E-05     -4.706073582E-04      2.582174772E-05      6.091451647E-02      2.906351231E-02     -1.923930471E-03     -2.953552413E-03      2.609085073E-03      9.019882670E-04      4.799100713E-04      5.523300792E-03      3.153136199E-03      8.454839633E-05      9.566357175E-05
 3.250000000E+01      3.122943111E-02     -8.274130805E-05     -4.571931523E-04      2.524324304E-05      5.972393143E-02      2.849527267E-02     -1.875516348E-03     -2.884617412E-03      2.507180343E-03      8.819412457E-04      4.692059852E-04      5.384716599E-03      3.079501705E-03      8.262156322E-05      9.333612216E-05
 3.275000000E+01      3.062789777E-02     -9.120048574E-05     -4.441125800E-04      2.468048746E-05      5.856135374E-02      2.794051192E-02     -1.828317037E-03     -2.817302216E-03      2.409613509E-03      8.623174167E-04      4.587197412E-04      5.250200757E-03      3.007974308E-03      8.074559259E-05      9.101715177E-05
 3.300000000E+01      3.004007131E-02     -9.914891376E-05     -4.313569525E-04      2.413233053E-05      5.742599131E-02      2.739883978E-02     -1.782292949E-03     -2.751573677E-03      2.316181233E-03      8.431132396E-04      4.484479221E-04      5.119619803E-03      2.938481868E-03      7.891736187E-05      8.877724090E-05
 3.325000000E+01      2.946557645E-02     -1.066321728E-04     -4.189234559E-04      2.359865192E-05      5.631982716E-02      2.686986694E-02     -1.737422422E-03     -2.687398659E-03      2.226691396E-03      8.243188296E-04      4.383878465E-04      4.992831423E-03      2.870952553E-03      7.713627451E-05      8.669790609E-05
 3.350000000E+01      2.890404640E-02     -1.136522382E-04     -4.068030901E-04      2.307915394E-05      5.523376106E-02      2.635322665E-02     -1.693668302E-03     -2.624743240E-03      2.140963058E-03      8.059255889E-04      4.285360945E-04      4.869721402E-03      2.805322088E-03      7.540054032E-05      8.464944550E-05
 3.375000000E+01      2.835513143E-02     -1.202407221E-04     -3.949895309E-04      2.257264101E-05      5.417529073E-02      2.584856184E-02     -1.651008233E-03     -2.563577420E-03      2.058823893E-03      7.879267960E-04      4.188900370E-04      4.750155878E-03      2.741524161E-03      7.371085219E-05      8.258354966E-05
 3.400000000E+01      2.781849040E-02     -1.264174265E-04     -3.834756379E-04      2.207967068E-05      5.314109454E-02      2.535553798E-02     -1.609418558E-03     -2.503866835E-03      1.980109422E-03      7.703154546E-04      4.094459855E-04      4.634024767E-03      2.679501113E-03      7.206351158E-05      8.064726889E-05
 3.425000000E+01      2.729379319E-02     -1.320696941E-04     -3.722552241E-04      2.159945569E-05      5.213046374E-02      2.487381167E-02     -1.568878368E-03     -2.445578772E-03      1.904664227E-03      7.530944243E-04      4.002008440E-04      4.521209869E-03      2.619193017E-03      7.045970710E-05      7.873475107E-05
 3.450000000E+01      2.678072154E-02     -1.375932323E-04     -3.613216122E-04      2.113151894E-05      5.114272416E-02      2.440306644E-02     -1.529352343E-03     -2.388683543E-03      1.832339539E-03      7.362374588E-04      3.911509415E-04      4.411602105E-03      2.560542411E-03      6.889611146E-05      7.688357798E-05
 3.475000000E+01      2.627896475E-02     -1.426544328E-04     -3.506683528E-04      2.068146763E-05      5.017723745E-02      2.394298658E-02     -1.490834237E-03     -2.333147915E-03      1.762994802E-03      7.197475339E-04      3.822946003E-04      4.305092639E-03      2.503493203E-03      6.736986069E-05      7.505125582E-05
 3.500000000E+01      2.578822701E-02     -1.473726593E-04     -3.402893158E-04      2.023164853E-05      4.923341532E-02      2.349328131E-02     -1.453294964E-03     -2.278942910E-03      1.696496564E-03      7.036181556E-04      3.736267528E-04      4.201580637E-03      2.447991323E-03      6.588152173E-05      7.328913373E-05
 3.600000000E+01      2.392978485E-02     -1.631540181E-04     -3.013901762E-04      1.856412905E-05      4.566301604E-02      2.179258756E-02     -1.312382978E-03     -2.074825892E-03      1.456513316E-03      6.425715362E-04      3.407803406E-04      3.815654137E-03      2.240515954E-03      6.030234939E-05      6.675054895E-05
 3.700000000E+01      2.222600483E-02     -1.746679833E-04     -2.663945026E-04      1.705577133E-05      4.239501744E-02      2.023648898E-02     -1.185258952E-03     -1.889652056E-03      1.252930140E-03      5.867195205E-04      3.106971640E-04      3.470539110E-03      2.054135179E-03      5.525893520E-05      6.086423510E-05
 3.800000000E+01      2.066173274E-02     -1.827371548E-04     -2.349434875E-04      1.568941557E-05      3.939872797E-02      1.881013750E-02     -1.070603586E-03     -1.721697381E-03      1.079810121E-03      5.356595252E-04      2.831725093E-04      3.161330128E-03      1.886327820E-03      5.069442837E-05      5.556183326E-05
 3.900000000E+01      1.922355534E-02     -1.879772912E-04     -2.067057058E-04      1.444924781E-05      3.664725371E-02      1.750053474E-02     -9.672026811E-04     -1.569358047E-03      9.322538915E-04      4.890089915E-04      2.580082666E-04      2.883778163E-03      1.734916835E-03      4.655831165E-05      5.085217411E-05
 4.000000000E+01      1.789956507E-02     -1.909125119E-04     -1.813752792E-04      1.332197256E-05      3.411683690E-02      1.629624598E-02     -8.739592410E-04     -1.431171719E-03      8.062126402E-04      4.463818582E-04      2.350164793E-04      2.634198680E-03      1.598019971E-03      4.280578791E-05      4.653696650E-05
 4.100000000E+01      1.667916117E-02     -1.919797146E-04     -1.586718047E-04      1.229558383E-05      3.178642044E-02      1.518712807E-02     -7.898790294E-04     -1.305803365E-03      6.983231274E-04      4.074512687E-04      2.140211267E-04      2.409396750E-03      1.474013572E-03      3.939653820E-05      4.265259898E-05
 4.200000000E+01      1.555289164E-02     -1.915401661E-04     -1.383396295E-04      1.135977210E-05      2.963732514E-02      1.416426270E-02     -7.140345867E-04     -1.192036313E-03      6.057873729E-04      3.718988786E-04      1.948551750E-04      2.206586387E-03      1.361478193E-03      3.629571491E-05      3.916276348E-05
 4.300000000E+01      1.451230317E-02     -1.898980432E-04     -1.201454983E-04      1.050512737E-05      2.765293861E-02      1.321965711E-02     -6.456273928E-04     -1.088764126E-03      5.262687774E-04      3.394391155E-04      1.773653013E-04      2.023354838E-03      1.259149137E-03      3.347120117E-05      3.602145709E-05
 4.400000000E+01      1.354982079E-02     -1.872997087E-04     -1.038771872E-04      9.723643080E-06      2.581840136E-02      1.234624692E-02     -5.839029949E-04     -9.949818067E-04      4.578120440E-04      3.098003507E-04      1.614085906E-04      1.857495023E-03      1.165965945E-03      3.089673563E-05      3.312457937E-05
 4.500000000E+01      1.265864814E-02     -1.839562178E-04     -8.934291293E-05      9.007972958E-06      2.412044833E-02      1.153767926E-02     -5.282034769E-04     -9.097790576E-04      3.987760340E-04      2.827347375E-04      1.468530371E-04      1.707204174E-03      1.080973211E-03      2.854497384E-05      3.049712061E-05
 4.600000000E+01      1.183266935E-02     -1.800377435E-04     -7.636833499E-05      8.351738563E-06      2.254716543E-02      1.078829781E-02     -4.779340619E-04     -8.323418964E-04      3.477784161E-04      2.580227317E-04      1.335776340E-04      1.570813993E-03      1.003322391E-03      2.639642708E-05      2.808906342E-05
 4.700000000E+01      1.106636296E-02     -1.756900760E-04     -6.479560825E-05      7.749180598E-06      2.108787729E-02      1.009300948E-02     -4.325291875E-04     -7.619269182E-04      3.036553103E-04      2.354566905E-04      1.214705289E-04      1.446875935E-03      9.322828440E-04      2.442995115E-05      2.595637359E-05
 4.800000000E+01      1.035475428E-02     -1.710301655E-04     -5.448243448E-05      7.195139359E-06      1.973291928E-02      9.447241416E-03     -3.915342203E-04     -6.978701121E-04      2.654220168E-04      2.148469551E-04      1.104301228E-04      1.334098621E-03      8.671921244E-04      2.262521380E-05      2.396393307E-05
 4.900000000E+01      9.693333715E-03     -1.661604484E-04     -4.530010516E-05      6.685054292E-06      1.847363739E-02      8.846861397E-03     -3.544961586E-04     -6.395666469E-04      2.322462493E-04      1.960258521E-04      1.003624574E-04      1.231356880E-03      8.074750618E-04      2.096973826E-05      2.216888114E-05
 5.000000000E+01      9.078041713E-03     -1.611596460E-04     -3.713224968E-05      6.214915544E-06      1.730213418E-02      8.288144067E-03     -3.210229740E-04     -5.864744313E-04      2.034114917E-04      1.788345335E-04      9.118225142E-05      1.137637383E-03      7.526122689E-04      1.945093152E-05      2.051253245E-05
 5.100000000E+01      8.505158954E-03     -1.560980688E-04     -2.987397134E-05      5.781006426E-06      1.621131513E-02      7.767696303E-03     -2.907779621E-04     -5.381010480E-04      1.783226940E-04      1.631319634E-04      8.281177404E-05      1.052052870E-03      7.021476622E-04      1.805127349E-05      1.899360316E-05
 5.200000000E+01      7.971321871E-03     -1.510322654E-04     -2.343065370E-05      5.380043221E-06      1.519470922E-02      7.282474590E-03     -2.634302318E-04     -4.940082935E-04      1.564636802E-04      1.487829557E-04      7.517958061E-05      9.738057119E-04      6.556712248E-04      1.676371533E-05      1.759835946E-05
 5.300000000E+01      7.473466302E-03     -1.460069603E-04     -1.771654726E-05      5.009232304E-06      1.424644576E-02      6.829686558E-03     -2.386951430E-04     -4.537952874E-04      1.373945895E-04      1.356753023E-04      6.822096764E-05      9.021913230E-04      6.128182778E-04      1.557444250E-05      1.632644083E-05
 5.400000000E+01      7.008799926E-03     -1.410604812E-04     -1.265393560E-05      4.665996677E-06      1.336117603E-02      6.406792395E-03     -2.163347771E-04     -4.171049515E-04      1.207402937E-04      1.237023996E-04      6.187659712E-05      8.365736391E-04      5.732599412E-04      1.447810862E-05      1.515233766E-05
 5.500000000E+01      6.574784102E-03     -1.362259933E-04     -8.173308830E-06      4.348044854E-06      1.253401481E-02      6.011469968E-03     -1.960957485E-04     -3.836104282E-04      1.061782592E-04      1.127620799E-04      5.609288469E-05      7.763916499E-04      5.367033549E-04      1.346543545E-05      1.406486214E-05
 5.600000000E+01      6.169082517E-03     -1.315273386E-04     -4.210883209E-06      4.053291161E-06      1.176052141E-02      5.641618762E-03     -1.777872764E-04     -3.530192869E-04      9.343187314E-05      1.027597601E-04      5.082045221E-05      7.211389840E-04      5.028847970E-04      1.252823655E-05      1.306086635E-05
 5.700000000E+01      5.789565540E-03     -1.269900198E-04     -7.091939828E-07      3.780306066E-06      1.103661576E-02      5.295293299E-03     -1.612156470E-04     -3.250659560E-04      8.226327834E-05      9.362337368E-05      4.601473928E-05      6.703628980E-04      4.715675083E-04      1.166299923E-05      1.213380231E-05
 5.800000000E+01      5.434281625E-03     -1.226199337E-04      2.384037253E-06      3.527566032E-06      1.035858168E-02      4.970720910E-03     -1.462139336E-04     -2.995096130E-04      7.246721850E-05      8.527599553E-05      4.163458500E-05      6.236568802E-04      4.425372351E-04      1.086327440E-05      1.129302088E-05
 5.900000000E+01      5.101446422E-03     -1.184271320E-04      5.116376170E-06      3.294267638E-06      9.723014330E-03      4.666275909E-03     -1.326326041E-04     -2.761334488E-04      6.386719271E-05      7.764395641E-05      3.764300607E-05      5.806559558E-04      4.156007405E-04      1.012586713E-05      1.051165154E-05
 6.000000000E+01      4.789428744E-03     -1.144315665E-04      7.531262274E-06      3.078728215E-06      9.126768464E-03      4.380470331E-03     -1.203304197E-04     -2.547368517E-04      5.630996125E-05      7.066912490E-05      3.400549756E-05      5.410306100E-04      3.905842126E-04      9.447438819E-06      9.788718726E-06
 6.100000000E+01      4.496729401E-03     -1.106346260E-04      9.668400235E-06      2.881075693E-06      8.567019641E-03      4.111929363E-03     -1.091799847E-04     -2.351412503E-04      4.966336851E-05      6.430169886E-05      3.069115732E-05      5.044824873E-04      3.673288970E-04      8.824358951E-06      9.133367424E-06
 6.200000000E+01      4.221979247E-03     -1.070309942E-04      1.156355542E-05      2.700224215E-06      8.041124911E-03      3.859397758E-03     -9.907002958E-05     -2.171807421E-04      4.381304142E-05      5.847477667E-05      2.767095310E-05      4.707483274E-04      3.456943956E-04      8.256091305E-06      8.529149082E-06
 6.300000000E+01      3.963924910E-03     -1.036179011E-04      1.324910619E-05      2.536794832E-06      7.546743544E-03      3.621728449E-03     -8.989379506E-05     -2.007040226E-04      3.865948496E-05      5.314664832E-05      2.491855261E-05      4.395809646E-04      3.255474269E-04      7.741182726E-06      7.992767766E-06
 6.400000000E+01      3.721429331E-03     -1.003951478E-04      1.475479972E-05      2.389861479E-06      7.081689300E-03      3.397881132E-03     -8.155350802E-05     -1.855732183E-04      3.411659627E-05      4.827635713E-05      2.240944879E-05      4.107654793E-04      3.067726374E-04      7.279555902E-06      7.492560149E-06
 6.500000000E+01      3.493459315E-03     -9.734798463E-05      1.610743649E-05      2.260546284E-06      6.644005411E-03      3.186898127E-03     -7.395870257E-05     -1.716581563E-04      3.010924783E-05      4.381729556E-05      2.012094039E-05      3.840978082E-04      2.892620986E-04      6.872361899E-06      7.067615180E-06
 6.600000000E+01      3.279077645E-03     -9.445645088E-05      1.733070339E-05      2.148715390E-06      6.231953892E-03      2.987938222E-03     -6.703336238E-05     -1.588415836E-04      2.657230826E-05      3.972843838E-05      1.803190740E-05      3.594022226E-04      2.729191994E-04      6.518888707E-06      6.696161886E-06
 6.700000000E+01      3.077449121E-03     -9.170811241E-05      1.844557255E-05      2.054977632E-06      5.843977033E-03      2.800233148E-03     -6.069527696E-05     -1.470130788E-04      2.344903470E-05      3.597785889E-05      1.612250923E-05      3.365128447E-04      2.576540035E-04      6.221720087E-06      6.372990292E-06
 6.800000000E+01      2.887829163E-03     -8.907886295E-05      1.946871178E-05      1.979865123E-06      5.478682138E-03      2.623112642E-03     -5.486524570E-05     -1.360693295E-04      2.068994967E-05      3.253178299E-05      1.437421188E-05      3.152776938E-04      2.433853834E-04      5.981976945E-06      6.125344922E-06
 6.900000000E+01      2.709563103E-03     -8.654233199E-05      2.041727583E-05      1.923940050E-06      5.134894203E-03      2.456010641E-03     -4.948584371E-05     -1.259148843E-04      1.825208494E-05      2.935441182E-05      1.276943575E-05      2.955622133E-04      2.300407020E-04      5.800929057E-06      5.926053388E-06
 7.000000000E+01      2.542084575E-03     -8.407084609E-05      2.130013000E-05      1.887541312E-06      4.811606584E-03      2.298435762E-03     -4.449111362E-05     -1.164595950E-04      1.609785270E-05      2.641758198E-05      1.129169061E-05      2.772397485E-04      2.175516570E-04      5.680203485E-06      5.786592484E-06
 7.100000000E+01      2.384835173E-03     -8.163160826E-05      2.212543983E-05      1.870915189E-06      4.507972147E-03      2.150003432E-03     -3.981808658E-05     -1.076190757E-04      1.419454678E-05      2.368775485E-05      9.925155199E-06      2.601966605E-04      2.058563857E-04      5.620107049E-06      5.720354820E-06
 7.200000000E+01      2.237642929E-03     -7.919292818E-05      2.289834976E-05      1.874004084E-06      4.223326123E-03      2.010418061E-03     -3.541371592E-05     -9.931616900E-05      1.251372042E-05      2.114697140E-05      8.655185993E-06      2.443269107E-04      1.948989766E-04      5.620532668E-06      5.706763840E-06
 7.300000000E+01      2.099959388E-03     -7.672089667E-05      2.362231805E-05      1.896331405E-06      3.957196790E-03      1.879470842E-03     -3.122634491E-05     -9.147786997E-05      1.103051936E-05      1.876289569E-05      7.467575784E-06      2.295330575E-04      1.846278926E-04      5.680311293E-06      5.756144937E-06
 7.400000000E+01      1.971613809E-03     -7.418380947E-05      2.429020557E-05      1.936816220E-06      3.709232486E-03      1.757049224E-03     -2.720936454E-05     -8.403799093E-05      9.723367624E-06      1.650645842E-05      6.349851660E-06      2.157271154E-04      1.749957103E-04      5.795981775E-06      5.866245460E-06
 7.500000000E+01      1.852436313E-03     -7.155177202E-05      2.489494507E-05      1.993869457E-06      3.479240998E-03      1.643130988E-03     -2.332161309E-05     -7.693678655E-05      8.573549584E-06      1.436169558E-05      5.289313626E-06      2.028261373E-04      1.659582204E-04      5.962898695E-06      6.020458484E-06
 7.600000000E+01      1.742286358E-03     -6.888275057E-05      2.543264906E-05      2.065096329E-06      3.267136067E-03      1.537752435E-03     -1.952833493E-05     -7.012105014E-05      7.564659174E-06      1.231240438E-05      4.275359395E-06      1.907539474E-04      1.574758330E-04      6.175292665E-06      6.224096893E-06
 7.700000000E+01      1.641129591E-03     -6.590911911E-05      2.588878942E-05      2.147394798E-06      3.072975149E-03      1.441045933E-03     -1.580011797E-05     -6.354540151E-05      6.682548596E-06      1.033625835E-05      3.298207227E-06      1.794425614E-04      1.495123547E-04      6.422625392E-06      6.466094375E-06
 7.800000000E+01      1.548925741E-03     -6.286001835E-05      2.624931932E-05      2.236601428E-06      2.896823520E-03      1.353177086E-03     -1.211492263E-05     -5.717297780E-05      5.914916361E-06      8.410513179E-06      2.349262583E-06      1.688261628E-04      1.420327987E-04      6.693411151E-06      6.731727945E-06
 7.900000000E+01      1.465678019E-03     -5.965147177E-05      2.649799817E-05      2.328401624E-06      2.738902467E-03      1.274373101E-03     -8.458872547E-06     -5.097489052E-05      5.251029788E-06      6.532801505E-06      1.422013303E-06      1.588465255E-04      1.350058379E-04      6.972571590E-06      7.006967285E-06
 8.000000000E+01      1.391411970E-03     -5.632191244E-05      2.661839007E-05      2.417120036E-06      2.599244648E-03      1.204861211E-03     -4.827630085E-06     -4.493303007E-05      4.681564502E-06      4.691794883E-06      5.114704015E-07      1.494509018E-04      1.284030164E-04      7.244969206E-06      7.281815303E-06
 8.100000000E+01      1.326186874E-03     -5.280905416E-05      2.659411164E-05      2.495417478E-06      2.478224403E-03      1.144884343E-03     -1.223727672E-06     -3.903940238E-05      4.198315238E-06      2.883800111E-06     -3.856333874E-07      1.405891795E-04      1.221959983E-04      7.492357275E-06      7.523723895E-06
 8.200000000E+01      1.269895044E-03     -4.917766373E-05      2.641011668E-05      2.559692714E-06      2.375780977E-03      1.094633408E-03      2.339793743E-06     -3.329434332E-05      3.794041515E-06      1.101713579E-06     -1.270884657E-06      1.322183670E-04      1.163591881E-04      7.694839634E-06      7.726323766E-06
 8.300000000E+01      1.222562346E-03     -4.545443394E-05      2.605339200E-05      2.601929273E-06      2.291923042E-03      1.054268414E-03      5.841630576E-06     -2.771007780E-05      3.462256018E-06     -6.519232457E-07     -2.143181825E-06      1.242995444E-04      1.108692829E-04      7.831997626E-06      7.864872751E-06
 8.400000000E+01      1.184056057E-03     -4.169386238E-05      2.551410569E-05      2.614930787E-06      2.226485541E-03      1.023869128E-03      9.251695109E-06     -2.230779037E-05      3.197108813E-06     -2.367081530E-06     -3.000115811E-06      1.167966246E-04      1.057023236E-04      7.884225028E-06      7.919914599E-06
 8.500000000E+01      1.154203191E-03     -3.792583399E-05      2.478657273E-05      2.593255834E-06      2.179090402E-03      1.003384898E-03      1.253285585E-05     -1.711705182E-05      2.993117813E-06     -4.037121951E-06     -3.836926414E-06      1.096804299E-04      1.008367309E-04      7.832900302E-06      7.871057695E-06
 8.600000000E+01      1.132726431E-03     -3.412234491E-05      2.386997609E-05      2.534850524E-06      2.149140873E-03      9.926498074E-04      1.564065770E-05     -1.217755077E-05      2.845079373E-06     -5.648462860E-06     -4.647271291E-06      1.029246218E-04      9.625247076E-05      7.661123949E-06      7.703440536E-06
 8.700000000E+01      1.119240383E-03     -3.048931264E-05      2.276891703E-05      2.428768822E-06      2.135896259E-03      9.913336309E-04      1.852642801E-05     -7.532681909E-06      2.747909009E-06     -7.190012840E-06     -5.423228889E-06      9.650702638E-05      9.192825236E-05      7.355866629E-06      7.401831866E-06
 8.800000000E+01      1.113243260E-03     -2.707573494E-05      2.149340737E-05      2.272125116E-06      2.138169523E-03      9.989045101E-04      2.113933380E-05     -3.230224656E-06      2.696527354E-06     -8.641090372E-06     -6.155716952E-06      9.040969626E-05      8.784557958E-05      6.908709260E-06      6.957340486E-06
 8.900000000E+01      1.114108902E-03     -2.377048126E-05      2.005789702E-05      2.070513713E-06      2.154565136E-03      1.014697115E-03      2.342590912E-05      6.799815844E-07      2.685792490E-06     -9.983048197E-06     -6.834939151E-06      8.461839790E-05      8.398593559E-05      6.315763179E-06      6.370252635E-06
 9.000000000E+01      1.121084506E-03     -2.068519375E-05      1.848206649E-05      1.821548199E-06      2.183496093E-03      1.037829562E-03      2.533803145E-05      4.149148665E-06      2.710454142E-06     -1.119807905E-05     -7.450775625E-06      7.912122471E-05      8.033106905E-05      5.578856134E-06      5.636652645E-06
 9.100000000E+01      1.133301499E-03     -1.783798299E-05      1.678936215E-05      1.528299826E-06      2.223017951E-03      1.067230762E-03      2.683068611E-05      7.130300472E-06      2.764993895E-06     -1.226642807E-05     -7.993282692E-06      7.391007963E-05      7.686422185E-05      4.706406530E-06      4.767606656E-06
 9.200000000E+01      1.149776609E-03     -1.524549629E-05      1.500781734E-05      1.195698934E-06      2.270938764E-03      1.101675718E-03      2.786328462E-05      9.584282182E-06      2.843654871E-06     -1.317336646E-05     -8.452863938E-06      6.897924626E-05      7.356896404E-05      3.712765824E-06      3.775654242E-06
 9.300000000E+01      1.169427397E-03     -1.290941687E-05      1.316813025E-05      8.307463416E-07      2.324905996E-03      1.139797045E-03      2.840681581E-05      1.147958151E-05      2.940568759E-06     -1.390341017E-05     -8.821389199E-06      6.432420796E-05      7.042985393E-05      2.618071376E-06      2.683681423E-06
 9.400000000E+01      1.191127509E-03     -1.082234452E-05      1.130086228E-05      4.420041647E-07      2.382423491E-03      1.180112290E-03      2.844507484E-05      1.279559050E-05      3.049853576E-06     -1.444417543E-05     -9.092348205E-06      5.994180269E-05      6.743238526E-05      1.448811845E-06      1.512882956E-06
 9.500000000E+01      1.213675922E-03     -8.959700249E-06      9.434753797E-06      3.966794488E-08      2.440932612E-03      1.221072710E-03      2.797207542E-05      1.352405112E-05      3.165401404E-06     -1.478671961E-05     -9.260586015E-06      5.583092463E-05      6.456340349E-05      2.338847832E-07      2.963012779E-07
 9.600000000E+01      1.235864863E-03     -7.308403668E-06      7.599042411E-06     -3.660601150E-07      2.497870953E-03      1.261037637E-03      2.699041149E-05      1.366921884E-05      3.281136585E-06     -1.492997000E-05     -9.324372653E-06      5.198980288E-05      6.181036525E-05     -9.932586760E-07     -9.329111876E-07
 9.700000000E+01      1.256521080E-03     -5.829307946E-06      5.823227233E-06     -7.626656363E-07      2.550430715E-03      1.298486939E-03      2.552756426E-05      1.325043043E-05      3.391422051E-06     -1.487493175E-05     -9.282752320E-06      4.841625484E-05      5.916245160E-05     -2.198161224E-06     -2.141705077E-06
 9.800000000E+01      1.274485440E-03     -4.487627344E-06      4.132581057E-06     -1.139494180E-06      2.596531346E-03      1.331904735E-03      2.361703131E-05      1.230178868E-05      3.490857181E-06     -1.462720716E-05     -9.138710650E-06      4.510804331E-05      5.661031759E-05     -3.346845196E-06     -3.296481557E-06
 9.900000000E+01      1.288711634E-03     -3.252027583E-06      2.541210062E-06     -1.485672288E-06      2.633603883E-03      1.359897301E-03      2.130551261E-05      1.086805941E-05      3.574458770E-06     -1.419606818E-05     -8.896981633E-06      4.206212298E-05      5.414577399E-05     -4.405431910E-06     -4.362341241E-06
 1.000000000E+02      1.297876732E-03     -2.091610736E-06      1.071644240E-06     -1.791448249E-06      2.659825333E-03      1.381211020E-03      1.865211964E-05      9.007097310E-06      3.637929607E-06     -1.359712530E-05     -8.564316029E-06      3.927390382E-05      5.176182259E-05     -5.345322561E-06     -5.309183213E-06
 1.010000000E+02      1.295718895E-03     -9.822012465E-07     -2.646056187E-07     -2.048518395E-06      2.673426629E-03      1.394815659E-03      1.572452463E-05      6.787270972E-06      3.677750173E-06     -1.284821235E-05     -8.150107426E-06      3.673562521E-05      4.945353982E-05     -6.139575180E-06     -6.111586847E-06
 1.020000000E+02      1.300162691E-03     -3.059439477E-08     -1.459101296E-06     -2.251318798E-06      2.672825678E-03      1.399915538E-03      1.259525522E-05      4.284014472E-06      3.691357377E-06     -1.197310127E-05     -7.665141221E-06      3.444142704E-05      4.721653121E-05     -6.759168558E-06     -6.751512205E-06
 1.030000000E+02      1.291419817E-03      1.156584580E-06     -2.506931077E-06     -2.393590253E-06      2.657559181E-03      1.395920983E-03      9.341808717E-06      1.575986822E-06      3.676909424E-06     -1.099014842E-05     -7.121142790E-06      3.238014969E-05      4.504979251E-05     -7.222731275E-06     -7.212989512E-06
 1.040000000E+02      1.275737591E-03      2.191275148E-06     -3.405885816E-06     -2.475283450E-06      2.627086651E-03      1.382466589E-03      6.042975101E-06     -1.254698110E-06      3.633589168E-06     -9.929710344E-06     -6.530993307E-06      3.054141912E-05      4.294861883E-05     -7.490268770E-06     -7.488766510E-06
 1.050000000E+02      1.253017735E-03      3.194998723E-06     -4.156475313E-06     -2.495836260E-06      2.580744742E-03      1.359582906E-03      2.774889093E-06     -4.126589169E-06      3.561792070E-06     -8.814951503E-06     -5.907885639E-06      2.891137615E-05      4.091597791E-05     -7.573223527E-06     -7.579869311E-06
 1.060000000E+02      1.223315501E-03      4.144335193E-06     -4.761714150E-06     -2.458146741E-06      2.518672059E-03      1.327408888E-03     -3.916958804E-07     -6.963001635E-06      3.462395309E-06     -7.667302352E-06     -5.264772595E-06      2.747589283E-05      3.895098377E-05     -7.478311219E-06     -7.493953312E-06
 1.070000000E+02      1.186889625E-03      5.013075948E-06     -5.226265655E-06     -2.366468943E-06      2.442503516E-03      1.286355170E-03     -3.391259619E-06     -9.692945562E-06      3.337494926E-06     -6.512877995E-06     -4.614265509E-06      2.622059734E-05      3.705419891E-05     -7.217409200E-06     -7.237155911E-06
 1.080000000E+02      1.144115910E-03      5.787238443E-06     -5.555523312E-06     -2.226396547E-06      2.352137902E-03      1.237082193E-03     -6.167084299E-06     -1.225327040E-05      3.189747765E-06     -5.373424290E-06     -3.968031072E-06      2.512767702E-05      3.522642556E-05     -6.808331597E-06     -6.833911609E-06
 1.090000000E+02      1.095516944E-03      6.431777565E-06     -5.757231755E-06     -2.045263978E-06      2.249068146E-03      1.180375305E-03     -8.673013699E-06     -1.459058853E-05      3.022344857E-06     -4.267951649E-06     -3.336639621E-06      2.418115029E-05      3.347160935E-05     -6.273192009E-06     -6.306368976E-06
 1.100000000E+02      1.041726739E-03      6.917146181E-06     -5.837779977E-06     -1.831187846E-06      2.134803902E-03      1.117146968E-03     -1.087431095E-05     -1.666246467E-05      2.839221436E-06     -3.212833907E-06     -2.729402418E-06      2.336374653E-05      3.179057824E-05     -5.634419441E-06     -5.669882515E-06
 1.110000000E+02      9.834732489E-04      7.221381530E-06     -5.805802689E-06     -1.592705673E-06      2.010964597E-03      1.048470241E-03     -1.274500630E-05     -1.843718969E-05      2.644097230E-06     -2.221331845E-06     -2.153981068E-06      2.265962679E-05      3.018424624E-05     -4.918962374E-06     -4.955194487E-06
 1.120000000E+02      9.215323778E-04      7.328019808E-06     -5.669235107E-06     -1.338161907E-06      1.879249061E-03      9.754237691E-04     -1.427241677E-05     -1.989455219E-05      2.441168309E-06     -1.304315977E-06     -1.616740107E-06      2.205152159E-05      2.865459441E-05     -4.152268120E-06     -4.189410660E-06
 1.130000000E+02      8.567092632E-04      7.221811615E-06     -5.437208050E-06     -1.075955052E-06      1.741484174E-03      8.991165795E-04     -1.545114056E-05     -2.102557759E-05      2.234414548E-06     -4.700330519E-07     -1.122208102E-06      2.152287512E-05      2.720252926E-05     -3.359352531E-06     -3.396255875E-06
 1.140000000E+02      7.898129183E-04      6.901377887E-06     -5.118343929E-06     -8.137110086E-07      1.599461578E-03      8.206786902E-04     -1.629762515E-05     -2.183082722E-05      2.027729881E-06      2.754027677E-07     -6.737007986E-07      2.106046447E-05      2.582802348E-05     -2.563625258E-06     -2.599596998E-06
 1.150000000E+02      7.216661798E-04      6.367007605E-06     -4.723285453E-06     -5.583117425E-07      1.454999005E-03      7.411645463E-04     -1.681558933E-05     -2.232016251E-05      1.824632914E-06      9.337070889E-07     -2.731314024E-07      2.065039276E-05      2.453096299E-05     -1.786462746E-06     -1.820562185E-06
 1.160000000E+02      6.530541383E-04      5.630248749E-06     -4.260444874E-06     -3.155492249E-07      1.309694954E-03      6.615756566E-04     -1.703379257E-05     -2.251063808E-05      1.628223436E-06      1.502336260E-06      7.892439961E-08      2.027991159E-05      2.331091257E-05     -1.045621512E-06     -1.076546178E-06
 1.170000000E+02      5.846457224E-04      4.705690149E-06     -3.740590061E-06     -9.031215513E-08      1.165178414E-03      5.828327078E-04     -1.697239453E-05     -2.242545755E-05      1.441184946E-06      1.981793264E-06      3.830182216E-07      1.993801304E-05      2.216635146E-05     -3.555475541E-07     -3.827988710E-07
 1.180000000E+02      5.171227127E-04      3.624461381E-06     -3.174612521E-06      1.141802100E-07      1.022967549E-03      5.057409954E-04     -1.667085719E-05     -2.209292632E-05      1.265636308E-06      2.376427643E-06      6.401617894E-07      1.961534809E-05      2.109505181E-05      2.723214310E-07      2.481287693E-07
 1.190000000E+02      4.510664494E-04      2.464141648E-06     -2.572039585E-06      2.976009637E-07      8.840407830E-04      4.310007706E-04     -1.615457600E-05     -2.154370200E-05      1.103218272E-06      2.690588330E-06      8.526620239E-07      1.930359067E-05      2.009501460E-05      8.303997287E-07      8.096236197E-07
 1.200000000E+02      3.870604046E-04      1.150108982E-06     -1.944066086E-06      4.539386929E-07      7.497983851E-04      3.592004526E-04     -1.546406367E-05     -2.081034591E-05      9.550217199E-07      2.930200753E-06      1.023103432E-06      1.899589311E-05      1.916295530E-05      1.313762461E-06      1.297349537E-06
 1.210000000E+02      3.253414663E-04     -2.704395490E-07     -1.301040031E-06      5.833806066E-07      6.208472463E-04      2.908007833E-04     -1.463124088E-05     -1.992619330E-05      8.216617150E-07      3.101107043E-06      1.154364886E-06      1.868677441E-05      1.829574378E-05      1.721210353E-06      1.708378488E-06
 1.220000000E+02      2.664511427E-04     -1.685822167E-06     -6.525678959E-07      6.897066267E-07      4.981918881E-04      2.261667505E-04     -1.369449379E-05     -1.892314766E-05      7.033025180E-07      3.209120999E-06      1.249778331E-06      1.837206157E-05      1.749004960E-05      2.053352947E-06      2.044072626E-06
 1.230000000E+02      2.105214570E-04     -3.053784949E-06     -8.582114043E-09      7.744277971E-07      3.821838476E-04      1.655420896E-04     -1.267075350E-05     -1.783234290E-05      5.997467716E-07      3.261217932E-06      1.312759612E-06      1.804855527E-05      1.674180166E-05      2.313161506E-06      2.306911541E-06
 1.240000000E+02      1.577903820E-04     -4.474379640E-06      6.223397149E-07      8.334557352E-07      2.731760277E-04      1.090776053E-04     -1.160007285E-05     -1.668213641E-05      5.104288945E-07      3.264396122E-06      1.346655862E-06      1.771404388E-05      1.604743172E-05      2.505316935E-06      2.502111551E-06
 1.250000000E+02      1.083774326E-04     -5.796554651E-06      1.232379890E-06      8.741675507E-07      1.715410278E-04      5.685369708E-05     -1.050888887E-05     -1.549824752E-05      4.345782589E-07      3.224373277E-06      1.355009509E-06      1.736728502E-05      1.540275039E-05      2.635581953E-06      2.635155095E-06
 1.260000000E+02      6.236904513E-05     -7.040749512E-06      1.814400664E-06      8.968935827E-07      7.732832942E-05      8.851466319E-06     -9.409552931E-06     -1.430348454E-05      3.711971062E-07      3.147239325E-06      1.340981606E-06      1.700802480E-05      1.480407008E-05      2.710536841E-06      2.712156941E-06
 1.270000000E+02      1.973502473E-05     -8.187173216E-06      2.362606160E-06      9.039964294E-07     -9.484881077E-06     -3.498982881E-05     -8.329492479E-06     -1.311733802E-05      3.191729952E-07      3.038875763E-06      1.307724264E-06      1.663621524E-05      1.424764166E-05      2.737139843E-06      2.740322214E-06
 1.280000000E+02     -1.954723646E-05     -9.221513200E-06      2.872348043E-06      8.978421027E-07     -8.904161101E-05     -7.479334424E-05     -7.280411403E-06     -1.195604109E-05      2.773083827E-07      2.904601078E-06      1.258258177E-06      1.625248080E-05      1.372958582E-05      2.722568711E-06      2.727363003E-06
 1.290000000E+02     -5.554791823E-05     -1.013563429E-05      3.338329246E-06      8.806169577E-07     -1.615384195E-04     -1.107193331E-04     -6.274713448E-06     -1.083281276E-05      2.443865221E-07      2.749434495E-06      1.195363770E-06      1.585794075E-05      1.324665219E-05      2.673691723E-06      2.679688169E-06
 1.300000000E+02     -8.837624588E-05     -1.092196657E-05      3.761817810E-06      8.545574915E-07     -2.272093857E-04     -1.429524046E-04     -5.322442083E-06     -9.758045270E-06      2.192087775E-07      2.577757381E-06      1.121466789E-06      1.545402920E-05      1.279547992E-05      2.597076032E-06      2.604025541E-06
 1.310000000E+02     -1.181363082E-04     -1.157031142E-05      4.138076751E-06      8.220078447E-07     -2.863632040E-04     -1.717137531E-04     -4.429700561E-06     -8.739188603E-06      2.006179830E-07      2.393141658E-06      1.038947087E-06      1.504229592E-05      1.237302093E-05      2.498868404E-06      2.506001432E-06
 1.320000000E+02     -1.450190193E-04     -1.210176542E-05      4.467112112E-06      7.838595828E-07     -3.393956388E-04     -1.972165419E-04     -3.600223079E-06     -7.781655691E-06      1.875254762E-07      2.199766233E-06      9.498385842E-07      1.462423651E-05      1.197652171E-05      2.384483983E-06      2.391867335E-06
 1.330000000E+02     -1.691758224E-04     -1.250797731E-05      4.750011948E-06      7.422340293E-07     -3.866191121E-04     -2.196990565E-04     -2.836863606E-06     -6.888544724E-06      1.789352476E-07      2.000698855E-06      8.560143585E-07      1.420178104E-05      1.160334945E-05      2.258789401E-06      2.266296199E-06
 1.340000000E+02     -1.907588952E-04     -1.276825717E-05      4.987063967E-06      6.996174844E-07     -4.284901618E-04     -2.393925620E-04     -2.140211110E-06     -6.061335681E-06      1.739488089E-07      1.798574358E-06      7.591129867E-07      1.377672154E-05      1.125117688E-05      2.125981733E-06      2.133406792E-06
 1.350000000E+02     -2.098607118E-04     -1.294362601E-05      5.179730661E-06      6.548452741E-07     -4.653506865E-04     -2.565215261E-04     -1.509443242E-06     -5.300053119E-06      1.717772293E-07      1.595654638E-06      6.605656047E-07      1.335073495E-05      1.091790636E-05      1.989620726E-06      1.996697317E-06
 1.360000000E+02     -2.268638669E-04     -1.301804319E-05      5.332489830E-06      6.099337557E-07     -4.975904433E-04     -2.713120050E-04     -9.426728478E-07     -4.603442031E-06      1.717253701E-07      1.394259289E-06      5.616540813E-07      1.292543203E-05      1.060168992E-05      1.852563847E-06      1.858843982E-06
 1.370000000E+02     -2.417699195E-04     -1.301342249E-05      5.445220052E-06      5.650869563E-07     -5.255994461E-04     -2.839713296E-04     -4.370670704E-07     -3.969484618E-06      1.732036523E-07      1.196313749E-06      4.633989547E-07      1.250235691E-05      1.030078409E-05      1.717130750E-06      1.723082661E-06
 1.380000000E+02     -2.547804431E-04     -1.291580266E-05      5.521941388E-06      5.219669361E-07     -5.497598130E-04     -2.947071882E-04      1.045527012E-08     -3.395235515E-06      1.757233250E-07      1.003067846E-06      3.667867977E-07      1.208294506E-05      1.001368207E-05      1.585208940E-06      1.590479387E-06
 1.390000000E+02     -2.660365878E-04     -1.274840459E-05      5.565265695E-06      4.804183425E-07     -5.703632393E-04     -3.037007064E-04      4.033705357E-07     -2.877841105E-06      1.788711355E-07      8.154783216E-07      2.725571703E-07      1.166852332E-05      9.739059970E-06      1.458163883E-06      1.462683041E-06
 1.400000000E+02     -2.764986995E-04     -1.251841075E-05      5.578786017E-06      4.409015932E-07     -5.877591883E-04     -3.111338693E-04      7.484404061E-07     -2.413573894E-06      1.823253455E-07      6.350411369E-07      1.812535620E-07      1.126021959E-05      9.475870030E-06      1.336969614E-06      1.340723362E-06
 1.410000000E+02     -2.839760460E-04     -1.223843344E-05      5.566095877E-06      4.034820612E-07     -6.020399295E-04     -3.171659651E-04      1.041693989E-06     -1.998590084E-06      1.858202458E-07      4.623598495E-07      9.347313184E-08      1.085897616E-05      9.223013803E-06      1.222323665E-06      1.225220647E-06
 1.420000000E+02     -2.917471658E-04     -1.177127425E-05      5.527672985E-06      3.746803979E-07     -6.142063576E-04     -3.219461833E-04      1.299606723E-06     -1.629142322E-06      1.891610266E-07      2.977866293E-07      9.560931203E-09      1.046574557E-05      8.979539563E-06      1.114608625E-06      1.116918916E-06
 1.430000000E+02     -2.976064014E-04     -1.159849179E-05      5.473897918E-06      3.339053950E-07     -6.237578293E-04     -3.256119757E-04      1.511964524E-06     -1.301481732E-06      1.922000132E-07      1.418420070E-07     -7.016626317E-08      1.008124154E-05      8.744709656E-06      1.014048112E-06      1.015619288E-06
 1.440000000E+02     -3.023302209E-04     -1.121864563E-05      5.394535058E-06      3.033571442E-07     -6.312008563E-04     -3.282873714E-04      1.691753948E-06     -1.012109577E-06      1.948328657E-07     -5.063646589E-09     -1.455316243E-07      9.706105759E-06      8.517849088E-06      9.206148530E-07      9.215080001E-07
 1.450000000E+02     -3.049820101E-04     -1.081768352E-05      5.301622915E-06      2.752106303E-07     -6.367661439E-04     -3.300859654E-04      1.842424926E-06     -7.573875135E-07      1.969918283E-07     -1.428890224E-07     -2.163589753E-07      9.340696006E-06      8.298394478E-06      8.341930325E-07      8.343367689E-07
 1.460000000E+02     -3.077815544E-04     -1.040677543E-05      5.196948692E-06      2.491495492E-07     -6.406553016E-04     -3.311080432E-04      1.959962656E-06     -5.339965487E-07      1.986354862E-07     -2.717016247E-07     -2.826165146E-07      8.985488558E-06      8.085785977E-06      7.545833941E-07      7.541530984E-07
 1.470000000E+02     -3.097810262E-04     -9.987164440E-06      5.081808583E-06      2.252891675E-07     -6.430574850E-04     -3.314479641E-04      2.055302967E-06     -3.388485443E-07      1.997495085E-07     -3.913327368E-07     -3.442388925E-07      8.640779621E-06      7.879560305E-06      6.815025365E-07      6.807631010E-07
 1.480000000E+02     -3.111571911E-04     -9.566543319E-06      4.957880130E-06      2.033612913E-07     -6.441399791E-04     -3.311853275E-04      2.130654237E-06     -1.690858255E-07      2.003308554E-07     -5.020247948E-07     -4.013096520E-07      8.306736569E-06      7.679345217E-06      6.145743511E-07      6.134095793E-07
 1.490000000E+02     -3.119254796E-04     -8.983279103E-06      4.827402183E-06      1.904827311E-07     -6.440504020E-04     -3.303972726E-04      2.184846942E-06     -2.198176227E-08      2.003985710E-07     -6.040489729E-07     -4.538900123E-07      7.983444708E-06      7.484790685E-06      5.535119214E-07      5.521480183E-07
 1.500000000E+02     -3.120846080E-04     -8.637338805E-06      4.691696400E-06      1.692296658E-07     -6.428074294E-04     -3.291470969E-04      2.223206190E-06      1.048800893E-07      1.999724288E-07     -6.976099220E-07     -5.020855760E-07      7.670947609E-06      7.295591037E-06      4.979262049E-07      4.963302106E-07
 1.510000000E+02     -3.117591596E-04     -8.229671257E-06      4.554388968E-06      1.526468690E-07     -6.407889974E-04     -3.274962053E-04      2.247434878E-06      2.137559819E-07      1.990866144E-07     -7.829188466E-07     -5.460115629E-07      7.369211300E-06      7.111473448E-06      4.473956754E-07      4.456279158E-07
