#--- z=2.000, D(z)=0.4239, f(z)=0.9541  ---#
#-------------------------------------------------------------------------------------------------------------------------------------------------------------------------------------------------------------------------------------------------------------------------------------------------------------------------------------------#
#   r [Mpc/h]            xi_Zel               xi_A                 xi_W                 xi_ct0               xi_d                 xi_dd                xi_d^2               xi_dd^2              xi_d^2d^2            xi_s^2               xi_ds^2              xi_d^2s^2            xi_s^2s^2            xi_D2d               xi_dD2d      #
#-------------------------------------------------------------------------------------------------------------------------------------------------------------------------------------------------------------------------------------------------------------------------------------------------------------------------------------------#
 2.500000000E-01      3.473792520E+00     -3.278500255E-01     -1.591633827E-01     -1.231720363E+01      1.153822313E+01      1.028011057E+01      4.801485591E+00      9.730764112E+00      1.613597315E+01     -2.263086256E+00     -6.259285449E-01      8.403082814E-01      1.678332169E+00     -3.008955538E+00     -2.395197744E+00
 5.000000000E-01      2.237430348E+00      1.602427318E-01      1.635759862E-01     -1.850953154E+00      7.484778053E+00      5.424902405E+00      2.486570740E+00      3.941757966E+00      6.111246724E+00     -8.143090487E-01     -2.847491297E-01      4.118179626E-01      6.654303649E-01     -4.949505692E-01     -4.368414743E-01
 7.500000000E-01      1.566855525E+00      1.960335796E-01      1.896639559E-01     -3.981282680E-01      5.030543257E+00      3.279803508E+00      1.388934269E+00      1.997460745E+00      3.125660811E+00     -3.786874280E-01     -1.552852437E-01      2.501082066E-01      3.532256214E-01     -1.652489342E-01     -1.389616461E-01
 1.000000000E+00      1.169530421E+00      1.590717780E-01      1.518467679E-01     -8.267566731E-02      3.555029144E+00      2.178964062E+00      8.250033310E-01      1.145340422E+00      1.879575012E+00     -2.066608222E-01     -9.427998117E-02      1.714637629E-01      2.194190839E-01     -7.019656620E-02     -5.942663319E-02
 1.250000000E+00      9.170104636E-01      1.189632954E-01      1.098947388E-01     -9.521332213E-03      2.639939841E+00      1.556890006E+00      5.182934878E-01      7.169403452E-01      1.246076896E+00     -1.269336495E-01     -6.190504665E-02      1.267813547E-01      1.499018764E-01     -3.463810040E-02     -2.998303379E-02
 1.500000000E+00      7.466727233E-01      8.799343984E-02      7.717340218E-02      5.293817864E-03      2.047976274E+00      1.177279066E+00      3.424779463E-01      4.790018398E-01      8.810727543E-01     -8.497894878E-02     -4.311378275E-02      9.859828749E-02      1.090681892E-01     -1.898821728E-02     -1.678969169E-02
 1.750000000E+00      6.257128827E-01      6.593499937E-02      5.416103981E-02      6.327107991E-03      1.647332616E+00      9.298926134E-01      2.364514411E-01      3.361212708E-01      6.518381676E-01     -6.048155383E-02     -3.139383881E-02      7.944249007E-02      8.295390171E-02     -1.124290043E-02     -1.009169135E-02
 2.000000000E+00      5.359977518E-01      5.045627180E-02      3.851793350E-02      4.781853956E-03      1.364025012E+00      7.593569417E-01      1.693589173E-01      2.448116162E-01      4.986185646E-01     -4.494893129E-02     -2.364645878E-02      6.568508990E-02      6.518904566E-02     -7.049684180E-03     -6.377289839E-03
 2.250000000E+00      4.670111709E-01      3.948085242E-02      2.792086747E-02      3.269365906E-03      1.155560141E+00      6.361304858E-01      1.249930383E-01      1.834861897E-01      3.913118484E-01     -3.446059021E-02     -1.827984651E-02      5.538560472E-02      5.252947443E-02     -4.614062832E-03     -4.179064828E-03
 2.500000000E+00      4.123761439E-01      3.153512044E-02      2.065355297E-02      2.210158370E-03      9.967842303E-01      5.435722736E-01      9.449636486E-02      1.406321565E-01      3.133968064E-01     -2.703570338E-02     -1.442050989E-02      4.742378374E-02      4.317734175E-02     -3.118791512E-03     -2.813400523E-03
 2.750000000E+00      3.680543778E-01      2.564324152E-02      1.556861121E-02      1.534509871E-03      8.722879600E-01      4.718212540E-01      7.282778378E-02      1.097177303E-01      2.551760408E-01     -2.158890333E-02     -1.156045058E-02      4.111138118E-02      3.606790716E-02     -2.159239012E-03     -1.930230698E-03
 3.000000000E+00      3.313853451E-01      2.117035432E-02      1.192793951E-02      1.113543662E-03      7.722839214E-01      4.147526134E-01      5.699884402E-02      8.683455934E-02      2.106438935E-01     -1.748217848E-02     -9.388763846E-03      3.600364540E-02      3.053588575E-02     -1.521285961E-03     -1.341445844E-03
 3.250000000E+00      3.005516999E-01      1.770131507E-02      9.261231431E-03      8.489090474E-04      6.903287016E-01      3.683956114E-01      4.516634237E-02      6.953474882E-02      1.759153511E-01     -1.431806154E-02     -7.706612835E-03      3.180072399E-02      2.614713071E-02     -1.084917104E-03     -9.387350930E-04
 3.500000000E+00      2.742714201E-01      1.496000471E-02      7.266672896E-03      6.780459544E-04      6.220343271E-01      3.300759430E-01      3.615035466E-02      5.622434066E-02      1.483854808E-01     -1.183695531E-02     -6.381952730E-03      2.829342781E-02      2.260801849E-02     -7.794213536E-04     -6.581103438E-04
 3.750000000E+00      2.516142713E-01      1.275859319E-02      5.747314907E-03      5.634135223E-04      5.643189136E-01      2.979314958E-01      2.916988251E-02      4.583080968E-02      1.262540942E-01     -9.862795149E-03     -5.324199575E-03      2.533156331E-02      1.971380309E-02     -5.614441641E-04     -4.589291344E-04
 4.000000000E+00      2.318885435E-01      1.096616928E-02      4.571751470E-03      4.831356319E-04      5.149575366E-01      2.706278506E-01      2.369212981E-02      3.761196272E-02      1.082450513E-01     -8.272435672E-03     -4.469525694E-03      2.280445152E-02      1.731801746E-02     -4.034458098E-04     -3.157026971E-04
 4.250000000E+00      2.145689155E-01      9.489321940E-03      3.650185179E-03      4.244005477E-04      4.723048635E-01      2.471846625E-01      1.934419077E-02      3.104181556E-02      9.343366537E-02     -6.977554736E-03     -3.771856808E-03      2.062900555E-02      1.531366257E-02     -2.874715754E-04     -2.116724801E-04
 4.500000000E+00      1.992489495E-01      8.259908329E-03      2.919753517E-03      3.795829549E-04      4.351183541E-01      2.268663060E-01      1.585896760E-02      2.573984677E-02      8.113702938E-02     -5.913473053E-03     -3.197280612E-03      1.874149357E-02      1.362087718E-02     -2.014151513E-04     -1.352414634E-04
 4.750000000E+00      1.856091394E-01      7.227237144E-03      2.335463149E-03      3.441000878E-04      4.024423139E-01      2.091104177E-01      1.304158612E-02      2.142579936E-02      7.084220177E-02     -5.031938770E-03     -2.720395132E-03      1.709241876E-02      1.217922780E-02     -1.370615307E-04     -7.882240909E-05
 5.000000000E+00      1.733946260E-01      6.352925907E-03      1.864456882E-03      3.150604240E-04      3.735298111E-01      1.934799170E-01      1.074720583E-02      1.788991491E-02      6.215823100E-02     -4.296359901E-03     -2.321860181E-03      1.564268992E-02      1.094214644E-02     -8.864853068E-05     -3.760959772E-05
 5.250000000E+00      1.623997349E-01      5.607459907E-03      1.482312049E-03      2.906974128E-04      3.477887340E-01      1.796302318E-01      8.866747137E-03      1.497319771E-02      5.478316781E-02     -3.678691736E-03     -1.986784389E-03      1.436111480E-02      9.873392234E-03     -5.205954370E-05     -6.870679634E-06
 5.500000000E+00      1.524564584E-01      4.967838510E-03      1.170589980E-03      2.697567786E-04      3.247437963E-01      1.672863314E-01      7.316821154E-03      1.255341075E-02      4.848100842E-02     -3.157085524E-03     -1.703536599E-03      1.322245812E-02      8.944327992E-03     -2.429569033E-05      1.597579626E-05
 5.750000000E+00      1.434262379E-01      4.415909318E-03      9.151765397E-04      2.514492963E-04      3.040091268E-01      1.562265190E-01      6.033113006E-03      1.053570358E-02      4.306531578E-02     -2.714363643E-03     -1.462936811E-03      1.220615464E-02      8.132155738E-03     -3.249901095E-06      3.289243271E-05
 6.000000000E+00      1.351938181E-01      3.937198272E-03      7.051458830E-04      2.352197436E-04      2.852683605E-01      1.462685064E-01      4.965289880E-03      8.845690778E-03      3.838737323E-02     -2.336881264E-03     -1.257679972E-03      1.129527786E-02      7.418480974E-03      1.266998221E-05      4.479119659E-05
 6.250000000E+00      1.276622986E-01      3.520047330E-03      5.319447605E-04      2.206626850E-04      2.682596876E-01      1.372641293E-01      4.073749706E-03      7.424443809E-03      3.432749971E-02     -2.013712512E-03     -1.081892638E-03      1.047577862E-02      6.788386879E-03      2.465603659E-05      5.349813754E-05
 6.500000000E+00      1.207499491E-01      3.154984091E-03      3.888156563E-04      2.074984233E-04      2.527646273E-01      1.290891336E-01      3.327036720E-03      6.224973193E-03      3.078858990E-02     -1.736031438E-03     -9.308197317E-04      9.735875323E-03      6.229630514E-03      3.361442941E-05      5.960266845E-05
 6.750000000E+00      1.143871256E-01      2.834247571E-03      2.703748703E-04      1.954995487E-04      2.385994691E-01      1.216397910E-01      2.699893221E-03      5.209441620E-03      2.769128608E-02     -1.496629185E-03     -8.005841775E-04      9.065696552E-03      5.732134426E-03      4.017332967E-05      6.363214734E-05
 7.000000000E+00      1.085142176E-01      2.551433301E-03      1.723000517E-04      1.844921961E-04      2.256086689E-01      1.148286505E-01      2.171964341E-03      4.347301414E-03      2.497022796E-02     -1.289627985E-03     -6.879906204E-04      8.456823253E-03      5.287495030E-03      4.499767416E-05      6.631774041E-05
 7.250000000E+00      1.030796564E-01      2.301237371E-03      9.109870248E-05      1.743576238E-04      2.136596888E-01      1.085814811E-01      1.726763598E-03      3.613594741E-03      2.257133177E-02     -1.110163342E-03     -5.904075644E-04      7.902117305E-03      4.888708892E-03      4.835718552E-05      6.766986298E-05
 7.500000000E+00      9.803907447E-02      2.079207272E-03      2.392863299E-05      1.649819566E-04      2.026388998E-01      1.028350804E-01      1.350802371E-03      2.987877721E-03      2.044950075E-02     -9.541985750E-04     -5.056462287E-04      7.395435064E-03      4.529862886E-03      5.059281169E-05      6.808581149E-05
 7.750000000E+00      9.335377101E-02      1.881602135E-03     -3.153199382E-05      1.562821753E-04      1.924483324E-01      9.753487203E-02      1.032965647E-03      2.453315319E-03      1.856697038E-02     -8.183669994E-04     -4.318755644E-04      6.931500967E-03      4.205966018E-03      5.195937138E-05      6.781205001E-05
 8.000000000E+00      8.898962739E-02      1.705285676E-03     -7.718611133E-05      1.481974003E-04      1.830031519E-01      9.263401418E-02      7.641310288E-04      1.995967065E-03      1.689191784E-02     -6.998416204E-04     -3.675595200E-04      6.505743151E-03      3.912761379E-03      5.264798782E-05      6.701160199E-05
 8.250000000E+00      8.491684096E-02      1.547553456E-03     -1.146201206E-04      1.406653806E-04      1.742294526E-01      8.809175311E-02      5.367194678E-04      1.604231467E-03      1.539742622E-02     -5.962580768E-04     -3.114009559E-04      6.114186681E-03      3.646629957E-03      5.280385125E-05      6.606595525E-05
 8.500000000E+00      8.110916117E-02      1.406129790E-03     -1.451716450E-04      1.336543202E-04      1.660626436E-01      8.387261013E-02      3.444284920E-04      1.268419927E-03      1.406062097E-02     -5.055856627E-04     -2.623013197E-04      5.753353457E-03      3.404447744E-03      5.255928430E-05      6.476189551E-05
 8.750000000E+00      7.754353400E-02      1.279048615E-03     -1.698814519E-04      1.270813488E-04      1.584459804E-01      7.994552488E-02      1.819575035E-04      9.803968916E-04      1.286196491E-02     -4.261199301E-04     -2.193270262E-04      5.420215266E-03      3.183518066E-03      5.199492367E-05      6.312119810E-05
 9.000000000E+00      7.419918218E-02      1.164625168E-03     -1.896840457E-04      1.209188491E-04      1.513294558E-01      7.628323559E-02      4.489983223E-05      7.333100131E-04      1.178472568E-02     -3.564128036E-04     -1.816814094E-04      5.112086710E-03      2.981525207E-03      5.118587965E-05      6.139847977E-05
 9.250000000E+00      7.105766782E-02      1.061398607E-03     -2.053434123E-04      1.151318331E-04      1.446688115E-01      7.286165759E-02     -7.049333147E-05      5.213679454E-04      1.081449120E-02     -2.952092736E-04     -1.486820387E-04      4.826615100E-03      2.796437188E-03      5.019552246E-05      5.954325735E-05
 9.500000000E+00      6.810250973E-02      9.681073524E-04     -2.175019617E-04      1.097042935E-04      1.384247497E-01      6.965952183E-02     -1.673564407E-04      3.396686746E-04      9.938839054E-03     -2.414394635E-04     -1.197434455E-04      4.561710943E-03      2.626497210E-03      4.907131029E-05      5.759583922E-05
 9.750000000E+00      6.531894972E-02      8.836620782E-04     -2.267030765E-04      1.045920676E-04      1.325622763E-01      6.665779721E-02     -2.483720012E-04      1.840333020E-04      9.146995322E-03     -1.941786888E-04     -9.435810020E-05      4.315516664E-03      2.470153540E-03      4.785733140E-05      5.581765192E-05
 1.000000000E+01      6.269368307E-02      8.070963327E-04     -2.334056829E-04      9.978591863E-05      1.270501170E-01      6.383974139E-02     -3.158109045E-04      5.090452041E-05      8.429605166E-03     -1.526306543E-04     -7.208957681E-05      4.086381421E-03      2.326054652E-03      4.656469354E-05      5.401811268E-05
 1.025000000E+01      6.021474929E-02      7.375679552E-04     -2.379974603E-04      9.524996101E-05      1.218601248E-01      6.119025458E-02     -3.715989310E-04     -6.276823142E-05      7.778513860E-03     -1.161045923E-04     -5.256084900E-05      3.872829333E-03      2.193002940E-03      4.523341893E-05      5.207883300E-05
 1.050000000E+01      5.787127888E-02      6.743521603E-04     -2.408081147E-04      9.097477498E-05      1.169674091E-01      5.869581529E-02     -4.173819111E-04     -1.596014113E-04      7.186585603E-03     -8.399936061E-05     -3.543312908E-05      3.673541824E-03      2.069947397E-03      4.388401125E-05      5.020591298E-05
 1.075000000E+01      5.565348219E-02      6.167902878E-04     -2.421206352E-04      8.694478582E-05      1.123489533E-01      5.634429978E-02     -4.545748473E-04     -2.418050545E-04      6.647575315E-03     -5.579468805E-05     -2.044536393E-05      3.487331727E-03      1.955949978E-03      4.251761959E-05      4.829715299E-05
 1.100000000E+01      5.355242069E-02      5.643144655E-04     -2.421742212E-04      8.313633981E-05      1.079843714E-01      5.412474461E-02     -4.843918571E-04     -3.113439304E-04      6.155985656E-03     -3.103575658E-05     -7.323882255E-06      3.313134925E-03      1.850181959E-03      4.115908919E-05      4.659229900E-05
 1.125000000E+01      5.156000550E-02      5.164144577E-04     -2.411725838E-04      7.952409801E-05      1.038550806E-01      5.202728717E-02     -5.078739197E-04     -3.698829900E-04      5.706978729E-03     -9.318413215E-06      4.144022315E-06      3.149989117E-03      1.751903411E-03      3.981229757E-05      4.482870667E-05
 1.150000000E+01      4.966878492E-02      4.726486857E-04     -2.392906175E-04      7.611115041E-05      9.994423149E-02      5.004297314E-02     -5.259142639E-04     -4.188620651E-04      5.296280913E-03      9.704673871E-06      1.414800160E-05      2.997027765E-03      1.660456283E-03      3.848309184E-05      4.316057011E-05
 1.175000000E+01      4.787199205E-02      4.326190090E-04     -2.366774869E-04      7.286956554E-05      9.623649681E-02      4.816368484E-02     -5.392790031E-04     -4.595449897E-04      4.920108805E-03      2.633718480E-05      2.285701179E-05      2.853461147E-03      1.575247043E-03      3.718296742E-05      4.149783993E-05
 1.200000000E+01      4.616345160E-02      3.959674635E-04     -2.334610332E-04      6.981444257E-05      9.271789743E-02      4.638204340E-02     -5.486354648E-04     -4.929711253E-04      4.575107146E-03      4.085139582E-05      3.041896241E-05      2.718581216E-03      1.495749755E-03      3.590479057E-05      3.995817460E-05
 1.225000000E+01      4.453749271E-02      3.623778533E-04     -2.297506623E-04      6.690772186E-05      8.937568173E-02      4.469131430E-02     -5.545679514E-04     -5.201288977E-04      4.258292205E-03      5.348459293E-05      3.696386096E-05      2.591735927E-03      1.421486444E-03      3.466119424E-05      3.841374028E-05
 1.250000000E+01      4.298885416E-02      3.315691812E-04     -2.256397204E-04      6.415066259E-05      8.619817231E-02      4.308534936E-02     -5.575761131E-04     -5.418241168E-04      3.967006490E-03      6.444935529E-05      4.260732561E-05      2.472336236E-03      1.352029476E-03      3.345146651E-05      3.695663711E-05
 1.275000000E+01      4.151274077E-02      3.032870367E-04     -2.212093877E-04      6.153397751E-05      8.317466488E-02      4.155852685E-02     -5.580739209E-04     -5.587719559E-04      3.698878143E-03      7.393113421E-05      4.745046651E-05      2.359850533E-03      1.286993020E-03      3.227327159E-05      3.555953774E-05
 1.300000000E+01      4.010471702E-02      2.773040963E-04     -2.165283111E-04      5.904728657E-05      8.029534212E-02      4.010570341E-02     -5.564391306E-04     -5.715962191E-04      3.451787504E-03      8.209189928E-05      5.158323263E-05      2.253782357E-03      1.226028967E-03      3.114009812E-05      3.417077271E-05
 1.325000000E+01      3.876068542E-02      2.534168247E-04     -2.116545757E-04      5.668385507E-05      7.755116559E-02      3.872213961E-02     -5.530034667E-04     -5.808400881E-04      3.223836040E-03      8.907696316E-05      5.508572227E-05      2.153680154E-03      1.168817029E-03      3.004009684E-05      3.286828450E-05
 1.350000000E+01      3.747687084E-02      2.314407923E-04     -2.066392488E-04      5.443632066E-05      7.493381209E-02      3.740348676E-02     -5.480464778E-04     -5.869825189E-04      3.013316446E-03      9.501920343E-05      5.802841151E-05      2.059136009E-03      1.115072655E-03      2.897513329E-05      3.166279120E-05
 1.375000000E+01      3.624976042E-02      2.112087251E-04     -2.015246143E-04      5.229747457E-05      7.243560107E-02      3.614575003E-02     -5.418166321E-04     -5.904395083E-04      2.818700667E-03      1.000323966E-04      6.047421123E-05      1.969777292E-03      1.064538656E-03      2.794920892E-05      3.045922531E-05
 1.400000000E+01      3.507610818E-02      1.925735898E-04     -1.963473473E-04      5.026171772E-05      7.004943902E-02      3.494523064E-02     -5.345141036E-04     -5.915755029E-04      2.638609596E-03      1.042184907E-04      6.247869457E-05      1.885249173E-03      1.016972334E-03      2.696036048E-05      2.930407818E-05
 1.425000000E+01      3.395289433E-02      1.753992346E-04     -1.911393920E-04      4.832303318E-05      6.776875965E-02      3.379851009E-02     -5.263220470E-04     -5.907108122E-04      2.471799932E-03      1.076686036E-04      6.409172767E-05      1.805232562E-03      9.721583472E-04      2.600610965E-05      2.819770582E-05
 1.450000000E+01      3.287732012E-02      1.595619903E-04     -1.859264609E-04      4.647298105E-05      6.558748397E-02      3.270243569E-02     -5.174060893E-04     -5.881261971E-04      2.317149428E-03      1.104639256E-04      6.535742641E-05      1.729439698E-03      9.299001782E-04      2.508776277E-05      2.713224432E-05
 1.475000000E+01      3.184677492E-02      1.449524193E-04     -1.807320392E-04      4.471243427E-05      6.349996583E-02      3.165408410E-02     -5.079102141E-04     -5.840662912E-04      2.173643796E-03      1.126768513E-04      6.631544901E-05      1.657596683E-03      8.900185944E-04      2.420347211E-05      2.613809143E-05
 1.500000000E+01      3.085882110E-02      1.314694010E-04     -1.755737366E-04      4.303385671E-05      6.150096431E-02      3.065073592E-02     -4.979509338E-04     -5.787482978E-04      2.040364878E-03      1.143741315E-04      6.700075178E-05      1.589452429E-03      8.523469966E-04      2.335194617E-05      2.517035292E-05
 1.525000000E+01      2.991119648E-02      1.190197399E-04     -1.704682585E-04      4.143017591E-05      5.958561271E-02      2.968987942E-02     -4.876245827E-04     -5.723616888E-04      1.916479439E-03      1.156103124E-04      6.744499195E-05      1.524775446E-03      8.167328149E-04      2.253283791E-05      2.423254075E-05
 1.550000000E+01      2.900178593E-02      1.075211476E-04     -1.654281403E-04      3.990019552E-05      5.774936746E-02      2.876917155E-02     -4.770239799E-04     -5.650720668E-04      1.801231667E-03      1.164408474E-04      6.767586117E-05      1.463351786E-03      7.830381537E-04      2.174390337E-05      2.335419606E-05
 1.575000000E+01      2.812860210E-02      9.689735744E-05     -1.604645858E-04      3.844001210E-05      5.598799677E-02      2.788642871E-02     -4.662288539E-04     -5.570255245E-04      1.693934592E-03      1.169109003E-04      6.771919292E-05      1.404985180E-03      7.511354249E-04      2.098782650E-05      2.250401041E-05
 1.600000000E+01      2.728980217E-02      8.707933186E-05     -1.555865501E-04      3.704389375E-05      5.429755536E-02      2.703961934E-02     -4.553114453E-04     -5.483508893E-04      1.593962909E-03      1.170624026E-04      6.759648687E-05      1.349486941E-03      7.209054042E-04      2.026026505E-05      2.168360283E-05
 1.625000000E+01      2.648365585E-02      7.800382479E-05     -1.508013580E-04      3.570954384E-05      5.267435451E-02      2.622684987E-02     -4.443272302E-04     -5.391596247E-04      1.500747243E-03      1.169302183E-04      6.732813292E-05      1.296690008E-03      6.922403007E-04      1.956065368E-05      2.089137371E-05
 1.650000000E+01      2.570852914E-02      6.961260030E-05     -1.461141589E-04      3.443362333E-05      5.111494651E-02      2.544634585E-02     -4.333207265E-04     -5.295501146E-04      1.413767339E-03      1.165501181E-04      6.693243157E-05      1.246434681E-03      6.650407608E-04      1.888830846E-05      2.014820383E-05
 1.675000000E+01      2.496289649E-02      6.185361332E-05     -1.415301357E-04      3.321230279E-05      4.961610285E-02      2.469645303E-02     -4.223340299E-04     -5.196096608E-04      1.332549165E-03      1.159504537E-04      6.642507637E-05      1.198572420E-03      6.392140331E-04      1.824118994E-05      1.942679089E-05
 1.700000000E+01      2.424533924E-02      5.467747916E-05     -1.370516797E-04      3.204388479E-05      4.817479870E-02      2.397562275E-02     -4.114088548E-04     -5.094132497E-04      1.256658986E-03      1.151582067E-04      6.582032913E-05      1.152969253E-03      6.146745252E-04      1.761978890E-05      1.873590846E-05
 1.725000000E+01      2.355449411E-02      4.804065195E-05     -1.326826314E-04      3.092625009E-05      4.678820181E-02      2.328239985E-02     -4.005754732E-04     -4.990270284E-04      1.185699447E-03      1.141979726E-04      6.513116893E-05      1.109492141E-03      5.913409396E-04      1.702249143E-05      1.808056419E-05
 1.750000000E+01      2.288910816E-02      4.190193008E-05     -1.284241396E-04      2.985555541E-05      4.545363875E-02      2.261542779E-02     -3.898615306E-04     -4.885085869E-04      1.119307347E-03      1.130911942E-04      6.436936256E-05      1.068022741E-03      5.691434896E-04      1.644868143E-05      1.744482345E-05
 1.775000000E+01      2.224798498E-02      3.622434367E-05     -1.242760472E-04      2.882953329E-05      4.416862240E-02      2.197342196E-02     -3.792880862E-04     -4.779085135E-04      1.057149033E-03      1.118571204E-04      6.354498644E-05      1.028451075E-03      5.480125761E-04      1.589684776E-05      1.684086891E-05
 1.800000000E+01      2.162999844E-02      3.097170138E-05     -1.202397386E-04      2.784588710E-05      4.293078966E-02      2.135518647E-02     -3.688699872E-04     -4.672709979E-04      9.989187970E-04      1.105133840E-04      6.266709708E-05      9.906708666E-04      5.278846054E-04      1.536549023E-05      1.626192367E-05
 1.825000000E+01      2.103409371E-02      2.611643159E-05     -1.163150360E-04      2.690328210E-05      4.173792832E-02      2.075959278E-02     -3.586231029E-04     -4.566333960E-04      9.443353470E-04      1.090753254E-04      6.174424303E-05      9.545860742E-04      5.087010724E-04      1.485543044E-05      1.571109034E-05
 1.850000000E+01      2.045927403E-02      2.162658300E-05     -1.125007527E-04      2.599987227E-05      4.058795866E-02      2.018558298E-02     -3.485612309E-04     -4.460291127E-04      8.931401760E-04      1.075568189E-04      6.078382533E-05      9.201043403E-04      4.904076862E-04      1.436478810E-05      1.516706644E-05
 1.875000000E+01      1.990459214E-02      1.747643916E-05     -1.087965394E-04      2.513206154E-05      3.947891233E-02      1.963214939E-02     -3.386984347E-04     -4.354861604E-04      8.450955348E-04      1.059705488E-04      5.979225392E-05      8.871419183E-04      4.729539490E-04      1.389301740E-05      1.464554162E-05
 1.900000000E+01      1.936915673E-02      1.364019382E-05     -1.052006328E-04      2.429909745E-05      3.840893944E-02      1.909834738E-02     -3.290384942E-04     -4.250293108E-04      7.999822400E-04      1.043276194E-04      5.877539878E-05      8.556180148E-04      4.562920534E-04      1.343902803E-05      1.414930621E-05
 1.925000000E+01      1.885212323E-02      1.009557771E-05     -1.017118608E-04      2.350050243E-05      3.737628773E-02      1.858329308E-02     -3.195868505E-04     -4.146795790E-04      7.575979921E-04      1.026384396E-04      5.773865609E-05      8.254558411E-04      4.403772852E-04      1.300215509E-05      1.367755944E-05
 1.950000000E+01      1.835270485E-02      6.821937883E-06     -9.832964970E-05      2.273331405E-05      3.637930143E-02      1.808614957E-02     -3.103489046E-04     -4.044559042E-04      7.177569026E-04      1.009115009E-04      5.668667788E-05      7.965859980E-04      4.251685228E-04      1.258181082E-05      1.322363594E-05
 1.975000000E+01      1.787013744E-02      3.799974468E-06     -9.504886344E-05      2.199673174E-05      3.541642514E-02      1.760610169E-02     -3.013280847E-04     -3.943707633E-04      6.802863649E-04      9.915530530E-05      5.562375049E-05      7.689431431E-04      4.106284855E-04      1.217753474E-05      1.278677517E-05
 2.000000000E+01      1.740370933E-02      1.011240076E-06     -9.187222947E-05      2.128870484E-05      3.448617519E-02      1.714244808E-02     -2.925266582E-04     -3.844374736E-04      6.450278397E-04      9.737714173E-05      5.455338849E-05      7.424648519E-04      3.967197826E-04      1.178913522E-05      1.236195747E-05
 2.025000000E+01      1.695273819E-02     -1.560466297E-06     -8.879310857E-05      2.060817934E-05      3.358715799E-02      1.669445756E-02     -2.839434928E-04     -3.746666212E-04      6.118339064E-04      9.558217748E-05      5.347901264E-05      7.170916620E-04      3.834096483E-04      1.141456393E-05      1.196115573E-05
 2.050000000E+01      1.651657491E-02     -3.930691451E-06     -8.581117279E-05      1.995377520E-05      3.271804651E-02      1.626121984E-02     -2.755802951E-04     -3.650685108E-04      5.805683739E-04      9.377757525E-05      5.240369039E-05      6.927679094E-04      3.706658265E-04      1.105381666E-05      1.158181828E-05
 2.075000000E+01      1.609462487E-02     -6.113500262E-06     -8.292340973E-05      1.932437605E-05      3.187758497E-02      1.584258335E-02     -2.674371006E-04     -3.556484694E-04      5.511053090E-04      9.196892589E-05      5.132985584E-05      6.694432131E-04      3.584587839E-04      1.070649418E-05      1.119985581E-05
 2.100000000E+01      1.568630212E-02     -8.122009266E-06     -8.012969972E-05      1.871879668E-05      3.106458209E-02      1.543456631E-02     -2.595080747E-04     -3.464133012E-04      5.233278052E-04      9.015917593E-05      5.025988104E-05      6.470704682E-04      3.467619227E-04      1.037226821E-05      1.083939068E-05
 2.125000000E+01      1.529103929E-02     -9.968753796E-06     -7.742510494E-05      1.813634370E-05      3.027790701E-02      1.504546313E-02     -2.517963202E-04     -3.373661336E-04      4.971275933E-04      8.835316412E-05      4.919564847E-05      6.256001217E-04      3.355475666E-04      1.005025764E-05      1.048843012E-05
 2.150000000E+01      1.490834395E-02     -1.166454039E-05     -7.480864381E-05      1.757460989E-05      2.951649175E-02      1.466709186E-02     -2.442962089E-04     -3.285099080E-04      4.724038523E-04      8.655412235E-05      4.813911826E-05      6.049889459E-04      3.247912787E-04      9.739694369E-06      1.016072982E-05
 2.175000000E+01      1.453770409E-02     -1.322041968E-05     -7.227579440E-05      1.703506354E-05      2.877931478E-02      1.430013469E-02     -2.370061082E-04     -3.198469093E-04      4.490632989E-04      8.476543338E-05      4.709196259E-05      5.851990595E-04      3.144710126E-04      9.440511693E-06      9.848182477E-06
 2.200000000E+01      1.417864509E-02     -1.464553024E-05     -6.982633861E-05      1.651383359E-05      2.806540829E-02      1.394481481E-02     -2.299222163E-04     -3.113790413E-04      4.270191420E-04      8.298966871E-05      4.605508770E-05      5.661875527E-04      3.045651366E-04      9.151920882E-06      9.542250831E-06
 2.225000000E+01      1.383071509E-02     -1.594955831E-05     -6.745774652E-05      1.601247697E-05      2.737384556E-02      1.360066734E-02     -2.230398015E-04     -3.031063134E-04      4.061906772E-04      8.122965491E-05      4.503009104E-05      5.479220398E-04      2.950532741E-04      8.873796151E-06      9.237430100E-06
 2.250000000E+01      1.349349096E-02     -1.714050785E-05     -6.516729805E-05      1.552872242E-05      2.670375507E-02      1.326725113E-02     -2.163559164E-04     -2.950286648E-04      3.865026683E-04      7.948752510E-05      4.401783642E-05      5.303658416E-04      2.859158211E-04      8.605635659E-06      8.952832040E-06
 2.275000000E+01      1.316655149E-02     -1.822626815E-05     -6.295277141E-05      1.506284715E-05      2.605430409E-02      1.294414439E-02     -2.098667127E-04     -2.871457754E-04      3.678850323E-04      7.776472549E-05      4.301927860E-05      5.134859561E-04      2.771347230E-04      8.346806347E-06      8.679468054E-06
 2.300000000E+01      1.284951755E-02     -1.921407348E-05     -6.081157904E-05      1.461323481E-05      2.542469656E-02      1.263094834E-02     -2.035691943E-04     -2.794552916E-04      3.502728805E-04      7.606334767E-05      4.203524217E-05      4.972518384E-04      2.686930915E-04      8.097144984E-06      8.414241291E-06
 2.325000000E+01      1.254204676E-02     -2.011069643E-05     -5.874154583E-05      1.418012326E-05      2.481417424E-02      1.232728293E-02     -1.974576249E-04     -2.719549418E-04      3.336052610E-04      7.438440091E-05      4.106609933E-05      4.816355803E-04      2.605756048E-04      7.856222772E-06      8.162007574E-06
 2.350000000E+01      1.224367672E-02     -2.092283689E-05     -5.673969344E-05      1.376169236E-05      2.422201193E-02      1.203278643E-02     -1.915277844E-04     -2.646448089E-04      3.178256435E-04      7.272883234E-05      4.011255119E-05      4.666078776E-04      2.527660754E-04      7.623646435E-06      7.911031692E-06
 2.375000000E+01      1.195417713E-02     -2.165562025E-05     -5.480664783E-05      1.335851860E-05      2.364752379E-02      1.174710873E-02     -1.857752828E-04     -2.575214608E-04      3.028810797E-04      7.109790684E-05      3.917500095E-05      4.521426121E-04      2.452508256E-04      7.399397978E-06      7.670817885E-06
 2.400000000E+01      1.167318690E-02     -2.231523712E-05     -5.293722448E-05      1.296888855E-05      2.309005371E-02      1.146991887E-02     -1.801963437E-04     -2.505822784E-04      2.887221731E-04      6.949361116E-05      3.825380821E-05      4.382150539E-04      2.380159294E-04      7.182807001E-06      7.442370294E-06
 2.425000000E+01      1.140039878E-02     -2.290627242E-05     -5.113037214E-05      1.259317908E-05      2.254897388E-02      1.120090694E-02     -1.747857745E-04     -2.438236680E-04      2.753027310E-04      6.791434378E-05      3.734920232E-05      4.248018697E-04      2.310487771E-04      6.973493909E-06      7.224371825E-06
 2.450000000E+01      1.113551323E-02     -2.343446752E-05     -4.938403160E-05      1.222996270E-05      2.202368711E-02      1.093976967E-02     -1.695404255E-04     -2.372436491E-04      2.625798813E-04      6.636230487E-05      3.646151057E-05      4.118803426E-04      2.243374170E-04      6.771486582E-06      7.009769386E-06
 2.475000000E+01      1.087825178E-02     -2.392605538E-05     -4.769653391E-05      1.188012643E-05      2.151361660E-02      1.068621923E-02     -1.644537801E-04     -2.308387298E-04      2.505130846E-04      6.483763434E-05      3.559071267E-05      3.994299077E-04      2.178705836E-04      6.576115463E-06      6.802513455E-06
 2.500000000E+01      1.062833791E-02     -2.433692382E-05     -4.606578665E-05      1.151015099E-05      2.101821320E-02      1.043998360E-02     -1.595228388E-04     -2.246052159E-04      2.390647425E-04      6.334059158E-05      3.473709018E-05      3.874295386E-04      2.116370377E-04      6.387935327E-06      6.603472218E-06
 2.525000000E+01      1.038551962E-02     -2.469629034E-05     -4.448989065E-05      1.119307482E-05      2.053696016E-02      1.020079881E-02     -1.547426433E-04     -2.185394792E-04      2.281994024E-04      6.187186180E-05      3.390053873E-05      3.758594010E-04      2.056262051E-04      6.206141683E-06      6.411798008E-06
 2.550000000E+01      1.014954251E-02     -2.500795619E-05     -4.296721585E-05      1.087398093E-05      2.006932127E-02      9.968414587E-03     -1.501093799E-04     -2.126385068E-04      2.178840657E-04      6.043056961E-05      3.308102806E-05      3.647031397E-04      1.998294258E-04      6.030336732E-06      6.227793652E-06
 2.575000000E+01      9.920172886E-03     -2.527523518E-05     -4.149580132E-05      1.057214827E-05      1.961486467E-02      9.742589394E-03     -1.456191348E-04     -2.068981999E-04      2.080877014E-04      5.901764108E-05      3.227864954E-05      3.539421444E-04      1.942368244E-04      5.860342130E-06      6.052021845E-06
 2.600000000E+01      9.697177288E-03     -2.550193242E-05     -4.007410261E-05      1.028026309E-05      1.917316941E-02      9.523095680E-03     -1.412679183E-04     -2.013151154E-04      1.987813494E-04      5.763169216E-05      3.149323991E-05      3.435600314E-04      1.888391989E-04      5.696216199E-06      5.877791002E-06
 2.625000000E+01      9.480348094E-03     -2.570178692E-05     -3.870021242E-05      9.998151875E-06      1.874372173E-02      9.309713575E-03     -1.370498803E-04     -1.958857164E-04      1.899375970E-04      5.627465551E-05      3.072470546E-05      3.335412643E-04      1.836289832E-04      5.537494758E-06      5.709907271E-06
 2.650000000E+01      9.269466066E-03     -2.594079440E-05     -3.737291832E-05      9.671006181E-06      1.832613292E-02      9.102231395E-03     -1.329627388E-04     -1.906061793E-04      1.815310082E-04      5.494568394E-05      2.997295441E-05      3.238710093E-04      1.785981011E-04      5.384161722E-06      5.548559843E-06
 2.675000000E+01      9.064339221E-03     -2.595721277E-05     -3.609016864E-05      9.193287444E-06      1.791996589E-02      8.900448895E-03     -1.290001953E-04     -1.854726414E-04      1.735374745E-04      5.364479228E-05      2.923779058E-05      3.145350177E-04      1.737389948E-04      5.236251306E-06      5.392509303E-06
 2.700000000E+01      8.864768587E-03     -2.604260302E-05     -3.485095438E-05      9.212420169E-06      1.752487143E-02      8.704172646E-03     -1.251610017E-04     -1.804816683E-04      1.659345269E-04      5.237120781E-05      2.851911047E-05      3.055191833E-04      1.690448028E-04      5.092574668E-06      5.242133748E-06
 2.725000000E+01      8.670596783E-03     -2.610858484E-05     -3.365340533E-05      8.961547651E-06      1.714047121E-02      8.513215564E-03     -1.214411816E-04     -1.756297534E-04      1.587009603E-04      5.112538359E-05      2.781660260E-05      2.968112581E-04      1.645080662E-04      4.953497599E-06      5.098302508E-06
 2.750000000E+01      8.481601112E-03     -2.614346410E-05     -3.249651557E-05      8.721317021E-06      1.676641034E-02      8.327402872E-03     -1.178372402E-04     -1.709133693E-04      1.518169335E-04      4.990481463E-05      2.713011033E-05      2.883987544E-04      1.601230704E-04      4.819189620E-06      4.957612082E-06
 2.775000000E+01      8.297651219E-03     -2.615352266E-05     -3.137844201E-05      8.488957109E-06      1.640233198E-02      8.146562158E-03     -1.143436608E-04     -1.663288091E-04      1.452635949E-04      4.870996717E-05      2.645934526E-05      2.802694574E-04      1.558830770E-04      4.689102993E-06      4.819756151E-06
 2.800000000E+01      8.118495455E-03     -2.614057523E-05     -3.029820965E-05      8.264361149E-06      1.604791716E-02      7.970530025E-03     -1.109588674E-04     -1.618725208E-04      1.390233873E-04      4.751842275E-05      2.580425088E-05      2.724125578E-04      1.517826920E-04      4.563619443E-06      4.690371314E-06
 2.825000000E+01      7.943651845E-03     -2.610699445E-05     -2.925422098E-05      8.046710417E-06      1.570285800E-02      7.799150001E-03     -1.076786272E-04     -1.575412678E-04      1.330796034E-04      4.639663595E-05      2.516442407E-05      2.648174545E-04      1.478163378E-04      4.441867610E-06      4.562855143E-06
 2.850000000E+01      7.774086762E-03     -2.605377697E-05     -2.824547428E-05      7.835829493E-06      1.536684785E-02      7.632270179E-03     -1.044978398E-04     -1.533315364E-04      1.274170061E-04      4.529344413E-05      2.453961506E-05      2.574738521E-04      1.439772334E-04      4.323967120E-06      4.437424450E-06
 2.875000000E+01      7.606878216E-03     -2.598822403E-05     -2.727062998E-05      7.629845296E-06      1.503959566E-02      7.469746263E-03     -1.014170741E-04     -1.492401245E-04      1.220205471E-04      4.420423742E-05      2.392958062E-05      2.503722491E-04      1.402631969E-04      4.209564176E-06      4.318323548E-06
 2.900000000E+01      7.447591959E-03     -2.589679315E-05     -2.632882626E-05      7.431665707E-06      1.472082163E-02      7.311438335E-03     -9.843299439E-05     -1.452639655E-04      1.168765022E-04      4.313990165E-05      2.333407068E-05      2.435005824E-04      1.366693482E-04      4.098853587E-06      4.207128574E-06
 2.925000000E+01      7.290541472E-03     -2.579393739E-05     -2.541850440E-05      7.239863996E-06      1.441025930E-02      7.157213926E-03     -9.553983437E-05     -1.413996880E-04      1.119717392E-04      4.210022527E-05      2.275281373E-05      2.368568550E-04      1.331881750E-04      3.991712976E-06      4.095696236E-06
 2.950000000E+01      7.137580924E-03     -2.567696301E-05     -2.453900623E-05      7.052910700E-06      1.410764986E-02      7.006943345E-03     -9.273660741E-05     -1.376442058E-04      1.072935817E-04      4.108461259E-05      2.218560728E-05      2.304255846E-04      1.298165610E-04      3.887952412E-06      3.985836208E-06
 2.975000000E+01      6.988451598E-03     -2.555373653E-05     -2.368876774E-05      6.872966086E-06      1.381274448E-02      6.860502394E-03     -9.001985830E-05     -1.339943680E-04      1.028312833E-04      4.009269728E-05      2.163205975E-05      2.242015040E-04      1.265507919E-04      3.787275527E-06      3.881810578E-06
 3.000000000E+01      6.840919281E-03     -2.540616628E-05     -2.286731301E-05      6.693831469E-06      1.352530684E-02      6.717772585E-03     -8.738661557E-05     -1.304473482E-04      9.857365601E-05      3.912341595E-05      2.109195458E-05      2.181764933E-04      1.233866380E-04      3.689572915E-06      3.780517787E-06
 3.025000000E+01      6.701381801E-03     -2.525315306E-05     -2.207293433E-05      6.526651551E-06      1.324510399E-02      6.578637170E-03     -8.483403085E-05     -1.270003922E-04      9.451065049E-05      3.817707902E-05      2.056488020E-05      2.123429821E-04      1.203201595E-04      3.594812007E-06      3.681710182E-06
 3.050000000E+01      6.563192053E-03     -2.508906107E-05     -2.130563103E-05      6.362426350E-06      1.297191177E-02      6.442987581E-03     -8.236038970E-05     -1.236505096E-04      9.063142856E-05      3.725322254E-05      2.005076377E-05      2.066939352E-04      1.173478150E-04      3.502951565E-06      3.587552137E-06
 3.075000000E+01      6.428451405E-03     -2.491744466E-05     -2.056403697E-05      6.202404317E-06      1.270551747E-02      6.310716768E-03     -7.996273193E-05     -1.203950421E-04      8.692735034E-05      3.635171483E-05      1.954930535E-05      2.012227347E-04      1.144661715E-04      3.413874947E-06      3.496228233E-06
 3.100000000E+01      6.297022181E-03     -2.473736484E-05     -1.984732148E-05      6.046680084E-06      1.244571799E-02      6.181723334E-03     -7.763833154E-05     -1.172311427E-04      8.338969833E-05      3.547141692E-05      1.906015357E-05      1.959226345E-04      1.116718436E-04      3.327553358E-06      3.406225891E-06
 3.125000000E+01      6.168824123E-03     -2.454956099E-05     -1.915475068E-05      5.895599183E-06      1.219231318E-02      6.055907395E-03     -7.538668775E-05     -1.141562394E-04      8.001023758E-05      3.461172842E-05      1.858306480E-05      1.907874546E-04      1.089615983E-04      3.243696244E-06      3.317753001E-06
 3.150000000E+01      6.043755918E-03     -2.435452200E-05     -1.848495795E-05      5.749204879E-06      1.194511896E-02      5.933173267E-03     -7.320392258E-05     -1.111677290E-04      7.678117471E-05      3.377271227E-05      1.811767879E-05      1.858112559E-04      1.063324589E-04      3.162159781E-06      3.233267791E-06
 3.175000000E+01      5.921730492E-03     -2.415339064E-05     -1.783772518E-05      5.606902535E-06      1.170394059E-02      5.813430974E-03     -7.108823472E-05     -1.082633456E-04      7.369513538E-05      3.295385964E-05      1.766391853E-05      1.809883352E-04      1.037814917E-04      3.083208611E-06      3.151468140E-06
 3.200000000E+01      5.802649452E-03     -2.394650260E-05     -1.721218039E-05      5.469092461E-06      1.146860595E-02      5.696588008E-03     -6.903637880E-05     -1.054406213E-04      7.074517275E-05      3.215464558E-05      1.722141456E-05      1.763130806E-04      1.013058296E-04      3.006463021E-06      3.071804026E-06
 3.225000000E+01      5.686435600E-03     -2.373485393E-05     -1.660757313E-05      5.335291305E-06      1.123893822E-02      5.582563120E-03     -6.704659523E-05     -1.026968938E-04      6.792464691E-05      3.137451391E-05      1.678987509E-05      1.717801283E-04      9.890279672E-05      2.932000686E-06      2.995949177E-06
 3.250000000E+01      5.573000167E-03     -2.351769783E-05     -1.602303018E-05      5.205337500E-06      1.101477509E-02      5.471273350E-03     -6.511754727E-05     -1.000302587E-04      6.522734483E-05      3.061352776E-05      1.636912033E-05      1.673848171E-04      9.656997200E-05      2.859705132E-06      2.921090251E-06
 3.275000000E+01      5.462265541E-03     -2.329740484E-05     -1.545797725E-05      5.078528628E-06      1.079595917E-02      5.362639371E-03     -6.324890702E-05     -9.743817276E-05      6.264733363E-05      2.987070341E-05      1.595888044E-05      1.631219511E-04      9.430473243E-05      2.789528295E-06      2.847835256E-06
 3.300000000E+01      5.354154396E-03     -2.307098281E-05     -1.491169235E-05      4.954923043E-06      1.058233546E-02      5.256582578E-03     -6.143633001E-05     -9.491875985E-05      6.017902864E-05      2.914588816E-05      1.555888375E-05      1.589869932E-04      9.210477371E-05      2.721131688E-06      2.775856607E-06
 3.325000000E+01      5.248585323E-03     -2.284393306E-05     -1.438385495E-05      4.835380625E-06      1.037375523E-02      5.153028839E-03     -5.967878704E-05     -9.246974881E-05      5.781709566E-05      2.843911854E-05      1.516890188E-05      1.549754880E-04      8.996784068E-05      2.654819434E-06      2.707268967E-06
 3.350000000E+01      5.145497745E-03     -2.261730119E-05     -1.387374103E-05      4.718967604E-06      1.017007358E-02      5.051906324E-03     -5.797482762E-05     -9.008921931E-05      5.555649410E-05      2.774937272E-05      1.478872353E-05      1.510830669E-04      8.789171004E-05      2.590364958E-06      2.642923798E-06
 3.375000000E+01      5.044798132E-03     -2.238505882E-05     -1.337992074E-05      4.606465862E-06      9.971154011E-03      4.953151221E-03     -5.632254954E-05     -8.777499757E-05      5.339249228E-05      2.707637546E-05      1.441808898E-05      1.473059294E-04      8.587446408E-05      2.527758421E-06      2.578326338E-06
 3.400000000E+01      4.946452925E-03     -2.215136419E-05     -1.290078239E-05      4.496185367E-06      9.776853493E-03      4.856687727E-03     -5.472008828E-05     -8.552521335E-05      5.132052598E-05      2.641955970E-05      1.405675475E-05      1.436397075E-04      8.391387484E-05      2.466880144E-06      2.516504426E-06
 3.425000000E+01      4.850376943E-03     -2.191573740E-05     -1.244121227E-05      4.389069000E-06      9.587048228E-03      4.762460457E-03     -5.316621875E-05     -8.333797837E-05      4.933631863E-05      2.577883370E-05      1.370450737E-05      1.400808217E-04      8.200818833E-05      2.407741181E-06      2.454910182E-06
 3.450000000E+01      4.756511948E-03     -2.167882823E-05     -1.199589066E-05      4.285834390E-06      9.401614455E-03      4.670400167E-03     -5.165900101E-05     -8.121156576E-05      4.743577477E-05      2.515389015E-05      1.336116218E-05      1.366255282E-04      8.015545713E-05      2.350273909E-06      2.396142786E-06
 3.475000000E+01      4.664795674E-03     -2.144121090E-05     -1.156430964E-05      4.184373661E-06      9.220421496E-03      4.580448965E-03     -5.019698589E-05     -7.914406617E-05      4.561508042E-05      2.454418456E-05      1.302645989E-05      1.332706364E-04      7.835410524E-05      2.294334476E-06      2.337798248E-06
 3.500000000E+01      4.575173129E-03     -2.120242210E-05     -1.114751832E-05      4.086337106E-06      9.043372185E-03      4.492551786E-03     -4.877940419E-05     -7.713390505E-05      4.387051257E-05      2.394940728E-05      1.270020922E-05      1.300121766E-04      7.660207670E-05      2.239935997E-06      2.280616142E-06
 3.600000000E+01      4.236437897E-03     -2.024660831E-05     -9.613478355E-06      3.719253333E-06      8.374233426E-03      4.160353241E-03     -4.352304487E-05     -6.963275524E-05      3.758645286E-05      2.171341146E-05      1.147550075E-05      1.178845066E-04      7.005820540E-05      2.037128596E-06      2.072804332E-06
 3.700000000E+01      3.926893930E-03     -1.929684302E-05     -8.271863178E-06      3.389814030E-06      7.762755577E-03      3.856776753E-03     -3.886391037E-05     -6.292205381E-05      3.227099383E-05      1.968851497E-05      1.036997307E-05      1.070673286E-04      6.418690963E-05      1.855575011E-06      1.886437256E-06
 3.800000000E+01      3.643527576E-03     -1.836261197E-05     -7.099207808E-06      3.096563626E-06      7.203046457E-03      3.578894067E-03     -3.473289184E-05     -5.691300913E-05      2.776285174E-05      1.785564326E-05      9.372077507E-06      9.739940294E-05      5.890690451E-05      1.692959927E-06      1.718859914E-06
 3.900000000E+01      3.383755157E-03     -1.745257365E-05     -6.073462524E-06      2.832126012E-06      6.689943007E-03      3.324132258E-03     -3.106579827E-05     -5.152722062E-05      2.392973222E-05      1.619704659E-05      8.471255899E-06      8.874122144E-05      5.414810971E-05      1.547362535E-06      1.570535926E-06
 4.000000000E+01      3.145252546E-03     -1.656848571E-05     -5.176470636E-06      2.597984796E-06      6.218793175E-03      3.090224185E-03     -2.780602884E-05     -4.669475501E-05      2.066274194E-05      1.469594495E-05      7.657879818E-06      8.097246187E-05      4.984996954E-05      1.416209013E-06      1.436019774E-06
 4.100000000E+01      2.926041783E-03     -1.574055604E-05     -4.391434770E-06      2.383876263E-06      5.785713251E-03      2.875158623E-03     -2.490599519E-05     -4.235463179E-05      1.787192178E-05      1.333513564E-05      6.923359129E-06      7.398904964E-05      4.596023329E-05      1.298274127E-06      1.315970311E-06
 4.200000000E+01      2.724163162E-03     -1.501545206E-05     -3.705174523E-06      1.976073059E-06      5.386953695E-03      2.677156343E-03     -2.232327795E-05     -3.845254151E-05      1.548273358E-05      1.210214535E-05      6.259821669E-06      6.770044710E-05      4.243331597E-05      1.191799292E-06      1.207056930E-06
 4.300000000E+01      2.538088024E-03     -1.416851565E-05     -3.104913897E-06      1.911672792E-06      5.019397450E-03      2.494628945E-03     -2.002094713E-05     -3.494087398E-05      1.343317020E-05      1.096917113E-05      5.660199552E-06      6.202810465E-05      3.922972268E-05      1.095473931E-06      1.109191097E-06
 4.400000000E+01      2.366401174E-03     -1.338709695E-05     -2.580120200E-06      1.819431167E-06      4.679320224E-03      2.326166351E-03     -1.796634297E-05     -3.177750521E-05      1.167153946E-05      9.964572897E-06      5.118178354E-06      5.690284200E-05      3.631440398E-05      1.008138505E-06      1.020087110E-06
 4.500000000E+01      2.207773659E-03     -1.266288051E-05     -2.120394805E-06      1.708410983E-06      4.366616423E-03      2.170501288E-03     -1.613176313E-05     -2.892523339E-05      1.015456566E-05      9.051933595E-06      4.628006243E-06      5.226532729E-05      3.365730489E-05      9.288284168E-07      9.393694395E-07
 4.600000000E+01      2.061053869E-03     -1.200959714E-05     -1.719569519E-06      1.571766896E-06      4.076752144E-03      2.026504002E-03     -1.449218420E-05     -2.635105884E-05      8.845965367E-06      8.227077458E-06      4.184587885E-06      4.806235916E-05      3.123155396E-05      8.567892977E-07      8.660188501E-07
 4.700000000E+01      1.925202678E-03     -1.137132231E-05     -1.372640265E-06      1.454227209E-06      3.808329748E-03      1.893155288E-03     -1.302531528E-05     -2.402554284E-05      7.715204458E-06      7.459405229E-06      3.783270891E-06      4.424778705E-05      2.901371286E-05      7.912433131E-07      7.994235809E-07
 4.800000000E+01      1.799379812E-03     -1.076824649E-05     -1.063570510E-06      1.345022511E-06      3.559510078E-03      1.769544463E-03     -1.171234273E-05     -2.192273956E-05      6.736548568E-06      6.787061201E-06      3.419910897E-06      4.078077361E-05      2.698277222E-05      7.315573854E-07      7.385864634E-07
 4.900000000E+01      1.682476747E-03     -1.019732661E-05     -7.969785578E-07      1.247696931E-06      3.328651508E-03      1.654847735E-03     -1.053570646E-05     -2.001952952E-05      5.888242057E-06      6.164975416E-06      3.090804009E-06      3.762558682E-05      2.512057057E-05      6.770096800E-07      6.832589211E-07
 5.000000000E+01      1.574157815E-03     -9.657811901E-06     -5.650904441E-07      1.156202939E-06      3.114245610E-03      1.548323890E-03     -9.480835715E-06     -1.829552036E-05      5.151853049E-06      5.599745054E-06      2.792621954E-06      3.475028172E-05      2.341067637E-05      6.270342577E-07      6.324434880E-07
 5.100000000E+01      1.473184416E-03     -9.148466283E-06     -3.635937130E-07      1.068539942E-06      2.914942889E-03      1.449298649E-03     -8.534394670E-06     -1.673267084E-05      4.511729575E-06      5.085828048E-06      2.522446585E-06      3.212678218E-05      2.183860605E-05      5.808842724E-07      5.858159287E-07
 5.200000000E+01      1.379404450E-03     -8.667668393E-06     -1.895484193E-07      9.930119310E-07      2.729525974E-03      1.357165213E-03     -7.685290447E-06     -1.531517943E-05      3.954544115E-06      4.618733377E-06      2.277554464E-06      2.973001161E-05      2.039135689E-05      5.385375128E-07      5.426746124E-07
 5.300000000E+01      1.292049313E-03     -8.212505837E-06     -3.771800179E-08      9.193385463E-07      2.556863076E-03      1.271363504E-03     -6.923211242E-06     -1.402828560E-05      3.468928041E-06      4.194142188E-06      2.055590715E-06      2.753804235E-05      1.905751891E-05      4.994884817E-07      5.032163938E-07
 5.400000000E+01      1.210714725E-03     -7.782176055E-06      9.343012033E-08      8.567511043E-07      2.395959918E-03      1.191393690E-03     -6.238522487E-06     -1.285954035E-05      3.045160122E-06      3.807863782E-06      1.854310398E-06      2.553092281E-05      1.782662706E-05      4.636416656E-07      4.668924451E-07
 5.500000000E+01      1.134787002E-03     -7.378099458E-06      2.064315117E-07      7.954711623E-07      2.245862531E-03      1.116795132E-03     -5.623262444E-06     -1.179692401E-05      2.674929453E-06      3.456561670E-06      1.671781188E-06      2.369120675E-05      1.668955431E-05      4.307767697E-07      4.337481017E-07
 5.600000000E+01      1.063943231E-03     -6.996816307E-06      3.034789780E-07      7.404208851E-07      2.105752838E-03      1.047151899E-03     -5.069738220E-06     -1.083007229E-05      2.351104434E-06      3.136917093E-06      1.506185773E-06      2.200294916E-05      1.563788660E-05      4.005893378E-07      4.032705192E-07
 5.700000000E+01      9.977723156E-04     -6.637381490E-06      3.854929919E-07      6.895847891E-07      1.974855801E-03      9.820863251E-04     -4.571731380E-06     -9.949527985E-06      2.067573506E-06      2.846065698E-06      1.355929853E-06      2.045234202E-05      1.466429402E-05      3.728091494E-07      3.750307673E-07
 5.800000000E+01      9.359122622E-04     -6.298090030E-06      4.563829327E-07      6.426587678E-07      1.852477010E-03      9.212515648E-04     -4.123487688E-06     -9.147010899E-06      1.819068509E-06      2.581263296E-06      1.219583595E-06      1.902652475E-05      1.376198319E-05      3.470163188E-07      3.492033298E-07
 5.900000000E+01      8.780393579E-04     -5.979012736E-06      5.175341425E-07      5.977409467E-07      1.737977613E-03      8.643303590E-04     -3.719820781E-06     -8.415272159E-06      1.601057887E-06      2.340163855E-06      1.095888131E-06      1.771428460E-05      1.292494416E-05      3.229056534E-07      3.248739661E-07
 6.000000000E+01      8.238486573E-04     -5.677784732E-06      5.656542725E-07      5.561116033E-07      1.630766593E-03      8.110297777E-04     -3.356468531E-06     -7.747851793E-06      1.409624054E-06      2.120800951E-06      9.836913092E-07      1.650543232E-05      1.214770171E-05      3.002235375E-07      3.019413435E-07
 6.100000000E+01      7.731314120E-04     -5.394733158E-06      6.077270721E-07      5.159252546E-07      1.530300526E-03      7.610795437E-04     -3.029665248E-06     -7.139105442E-06      1.241376034E-06      1.921049390E-06      8.820099730E-07      1.539083042E-05      1.142530540E-05      2.788022144E-07      2.803144026E-07
 6.200000000E+01      7.255221891E-04     -5.128255904E-06      6.424005165E-07      4.784899147E-07      1.436074835E-03      7.142294111E-04     -2.736014627E-06     -6.583826123E-06      1.093373898E-06      1.739490621E-06      7.898884999E-07      1.436225445E-05      1.075327334E-05      2.585733256E-07      2.599562200E-07
 6.300000000E+01      6.808365628E-04     -4.881602415E-06      6.709417679E-07      4.386224462E-07      1.347614983E-03      6.702463108E-04     -2.472361851E-06     -6.077327228E-06      9.630656721E-07      1.574307085E-06      7.065019116E-07      1.341226983E-05      1.012753530E-05      2.395077885E-07      2.408071088E-07
 6.400000000E+01      6.388455072E-04     -4.645106138E-06      6.941759347E-07      4.099365274E-07      1.264509584E-03      6.289146111E-04     -2.235855089E-06     -5.615318562E-06      8.482362967E-07      1.424238031E-06      6.310697416E-07      1.253430436E-05      9.544407739E-06      2.216109061E-07      2.227435040E-07
 6.500000000E+01      5.993650465E-04     -4.428075277E-06      7.125173756E-07      3.790006144E-07      1.186336571E-03      5.900346941E-04     -2.023765904E-06     -5.193741660E-06      7.469592847E-07      1.288019233E-06      5.628938537E-07      1.172219104E-05      9.000520093E-06      2.048806507E-07      2.058803686E-07
 6.600000000E+01      5.622103518E-04     -4.227588044E-06      7.274321929E-07      3.498425994E-07      1.112732733E-03      5.534224421E-04     -1.833656570E-06     -4.808967855E-06      6.575611149E-07      1.164376991E-06      5.013240798E-07      1.097048942E-05      8.492824584E-06      1.892822496E-07      1.903574519E-07
 6.700000000E+01      5.271870412E-04     -4.043878602E-06      7.391698296E-07      3.232017400E-07      1.043357768E-03      5.189076271E-04     -1.663324553E-06     -4.457554090E-06      5.785864707E-07      1.052401255E-06      4.458073833E-07      1.027422858E-05      8.018546578E-06      1.748119418E-07      1.756172589E-07
 6.800000000E+01      4.941752781E-04     -3.877157067E-06      7.484867652E-07      2.982919569E-07      9.778940816E-04      4.863329923E-04     -1.510634136E-06     -4.136367297E-06      5.087691910E-07      9.508026791E-07      3.957935530E-07      9.628872775E-06      7.575121546E-06      1.614434140E-07      1.621566957E-07
 6.900000000E+01      4.629938745E-04     -3.727746543E-06      7.553397094E-07      2.752440721E-07      9.160543114E-04      4.555553486E-04     -1.373694640E-06     -3.842588346E-06      4.470076628E-07      8.590962567E-07      3.508139358E-07      9.030310832E-06      7.160265968E-06      1.491779777E-07      1.498312090E-07
 7.000000000E+01      4.335251675E-04     -3.597399413E-06      7.620285357E-07      2.543781485E-07      8.575736988E-04      4.264409379E-04     -1.250811142E-06     -3.573532735E-06      3.923424404E-07      7.758888807E-07      3.103987690E-07      8.474770608E-06      6.771855712E-06      1.381214438E-07      1.386934498E-07
 7.100000000E+01      4.056412411E-04     -3.483006945E-06      7.676645442E-07      2.429660491E-07      8.022052470E-04      3.988694243E-04     -1.140077895E-06     -3.326652076E-06      3.439377325E-07      7.008515094E-07      2.740978402E-07      7.958827564E-06      6.407951649E-06      1.283941602E-07      1.289170081E-07
 7.200000000E+01      3.792324896E-04     -3.390213632E-06      7.730243263E-07      2.216170776E-07      7.497354765E-04      3.727319025E-04     -1.039948326E-06     -3.099520416E-06      3.010659719E-07      6.327975218E-07      2.414719998E-07      7.479348476E-06      6.066810330E-06      1.202357685E-07      1.207543100E-07
 7.300000000E+01      3.542146088E-04     -3.317918705E-06      7.788006718E-07      2.088199065E-07      6.999697302E-04      3.479317479E-04     -9.487216968E-07     -2.889680539E-06      2.630938555E-07      5.712572094E-07      2.120848287E-07      7.033371744E-06      5.746782031E-06      1.139987638E-07      1.144480938E-07
 7.400000000E+01      3.305011288E-04     -3.266473025E-06      7.854243568E-07      2.007087978E-07      6.527427094E-04      3.243870033E-04     -8.642757127E-07     -2.694651648E-06      2.294716501E-07      5.149170846E-07      1.854978138E-07      6.618263814E-06      5.446417090E-06      1.100804178E-07      1.104821434E-07
 7.500000000E+01      3.080473980E-04     -3.233238341E-06      7.932775976E-07      2.029354835E-07      6.079398815E-04      3.020322257E-04     -7.849464155E-07     -2.511875710E-06      1.997233814E-07      4.633433544E-07      1.612633308E-07      6.231519281E-06      5.164361027E-06      1.089884120E-07      1.093200744E-07
 7.600000000E+01      2.867341667E-04     -3.232328890E-06      8.028093007E-07      1.981365729E-07      5.654402056E-04      2.808200279E-04     -7.084171469E-07     -2.338663724E-06      1.734376026E-07      4.152563051E-07      1.389107455E-07      5.870799545E-06      4.899382916E-06      1.113024243E-07      1.115146777E-07
 7.700000000E+01      2.666611773E-04     -3.241925617E-06      8.142525067E-07      2.174825304E-07      5.252194656E-04      2.607250828E-04     -6.325359342E-07     -2.172207562E-06      1.502602823E-07      3.701429308E-07      1.179337152E-07      5.533911542E-06      4.650363779E-06      1.176284072E-07      1.177421490E-07
 7.800000000E+01      2.478027232E-04     -3.282749977E-06      8.284100531E-07      2.330239708E-07      4.872285936E-04      2.417477417E-04     -5.548705591E-07     -2.009570961E-06      1.298883264E-07      3.266916264E-07      9.777766676E-08      5.218760540E-06      4.416282397E-06      1.286115233E-07      1.286730288E-07
 7.900000000E+01      2.291261432E-04     -3.334655728E-06      8.448232059E-07      2.716329139E-07      4.516055919E-04      2.239123204E-04     -4.728353729E-07     -1.847707826E-06      1.120632897E-07      2.836560288E-07      7.783643341E-08      4.923347681E-06      4.196216394E-06      1.448313817E-07      1.448336046E-07
 8.000000000E+01      2.134108579E-04     -3.418841319E-06      8.636594377E-07      3.011579835E-07      4.184021223E-04      2.072809113E-04     -3.838277658E-07     -1.683553331E-06      9.656601607E-08      2.399896147E-07      5.745960862E-08      4.645745423E-06      3.989323612E-06      1.667776608E-07      1.667464587E-07
 8.100000000E+01      1.982419847E-04     -3.503872505E-06      8.844659885E-07      3.617223296E-07      3.878459377E-04      1.919459133E-04     -2.854005708E-07     -1.514067463E-06      8.321301410E-08      1.942726207E-07      3.596578482E-08      4.384107044E-06      3.794860790E-06      1.947510805E-07      1.946946988E-07
 8.200000000E+01      1.845591994E-04     -3.595178873E-06      9.071302372E-07      4.358394027E-07      3.601526689E-04      1.780351920E-04     -1.751635120E-07     -1.336403586E-06      7.185346151E-08      1.452705266E-07      1.267515322E-08      4.136623644E-06      3.612144914E-06      2.287256725E-07      2.286340528E-07
 8.300000000E+01      1.724270127E-04     -3.693484447E-06      9.306203865E-07      5.114310240E-07      3.356328289E-04      1.657124667E-04     -5.112979075E-08     -1.148067213E-06      6.236776428E-08      9.178129519E-08     -1.305846361E-08      3.901593866E-06      3.440555247E-06      2.682293114E-07      2.681041767E-07
 8.400000000E+01      1.620165125E-04     -3.793165128E-06      9.540474669E-07      5.785435839E-07      3.146633872E-04      1.551734603E-04      8.811885252E-08     -9.471797416E-07      5.466770425E-08      3.282680883E-08     -4.178497006E-08      3.677363058E-06      3.279536697E-06      3.121437397E-07      3.119835209E-07
 8.500000000E+01      1.536110503E-04     -3.865169351E-06      9.756478930E-07      6.642882373E-07      2.977064327E-04      1.466392246E-04      2.431349275E-07     -7.327437304E-07      4.869709858E-08     -3.240758821E-08     -7.391333874E-08      3.462412506E-06      3.128572749E-06      3.585793563E-07      3.584059664E-07
 8.600000000E+01      1.473843717E-04     -3.901161457E-06      9.936730026E-07      7.496454053E-07      2.851855248E-04      1.403442046E-04      4.132968046E-07     -5.049671457E-07      4.443342154E-08     -1.041634874E-07     -1.096253581E-07      3.255373967E-06      2.987180949E-06      4.047873594E-07      4.046142594E-07
 8.700000000E+01      1.435331680E-04     -3.888483134E-06      1.006116883E-06      8.281162892E-07      2.775564865E-04      1.365209968E-04      5.965348303E-07     -2.656097587E-07      4.188752142E-08     -1.822086941E-07     -1.488131481E-07      3.055072102E-06      2.854887745E-06      4.471916781E-07      4.470954452E-07
 8.800000000E+01      1.422238488E-04     -3.813108172E-06      1.011097423E-06      8.915493279E-07      2.752053094E-04      1.353764978E-04      7.890667119E-07     -1.812527326E-08      4.110099037E-08     -2.656432832E-07     -1.910079025E-07      2.860577772E-06      2.731216793E-06      4.815402202E-07      4.815008486E-07
 8.900000000E+01      1.435796259E-04     -3.661467262E-06      1.006164199E-06      9.321391572E-07      2.784202424E-04      1.370682860E-04      9.853641120E-07      2.322001254E-07      4.214070364E-08     -3.527441159E-07     -2.353499703E-07      2.671259920E-06      2.615669943E-06      5.032401219E-07      5.033581214E-07
 9.000000000E+01      1.476713269E-04     -3.424416196E-06      9.893595686E-07      9.400394724E-07      2.873459814E-04      1.416770001E-04      1.178260340E-06      4.783295479E-07      4.508426248E-08     -4.410539278E-07     -2.805793552E-07      2.486813613E-06      2.507704967E-06      5.077794148E-07      5.080381505E-07
 9.100000000E+01      1.544805990E-04     -3.095006664E-06      9.594618241E-07      9.087745519E-07      3.019245668E-04      1.491783237E-04      1.359287810E-06      7.117666792E-07      4.999802781E-08     -5.273800822E-07     -3.250552106E-07      2.307303427E-06      2.406718031E-06      4.912752148E-07      4.917346902E-07
 9.200000000E+01      1.637795460E-04     -2.670370336E-06      9.176188463E-07      8.355568884E-07      3.218507593E-04      1.594236853E-04      1.519131507E-06      9.231008658E-07      5.691085857E-08     -6.080356713E-07     -3.668627725E-07      2.133130962E-06      2.312038164E-06      4.510832144E-07      4.516958846E-07
 9.300000000E+01      1.753534691E-04     -2.157282992E-06      8.582002388E-07      7.155806627E-07      3.465455441E-04      1.721215654E-04      1.648348583E-06      1.102671308E-06      6.578286031E-08     -6.791120050E-07     -4.039864542E-07      1.965019754E-06      2.222918494E-06      3.862530691E-07      3.870489799E-07
 9.400000000E+01      1.887875816E-04     -1.568237504E-06      7.834388700E-07      5.495738250E-07      3.751575238E-04      1.868404867E-04      1.738171415E-06      1.241422880E-06      7.646967271E-08     -7.368092320E-07     -4.344532618E-07      1.803941257E-06      2.138546836E-06      2.979224485E-07      2.988252301E-07
 9.500000000E+01      2.035651518E-04     -9.179620181E-07      6.950672509E-07      3.472411788E-07      4.066040399E-04      2.030137685E-04      1.781524306E-06      1.331757145E-06      8.869775083E-08     -7.779560714E-07     -4.565620788E-07      1.651043894E-06      2.058059621E-06      1.894152429E-07      1.903895501E-07
 9.600000000E+01      2.190675734E-04     -2.296785142E-07      5.945494095E-07      1.184175253E-07      4.395479243E-04      2.199641274E-04      1.773511335E-06      1.368240329E-06      1.020479167E-07     -8.001090087E-07     -4.690175378E-07      1.507523992E-06      1.980578099E-06      6.611922499E-08      6.711482964E-08
 9.700000000E+01      2.345875078E-04      4.708213045E-07      4.842119852E-07     -1.230545034E-07      4.725192188E-04      2.369365489E-04      1.712063958E-06      1.348316927E-06      1.159544794E-07     -8.022191094E-07     -4.711146892E-07      1.374529027E-06      1.905245624E-06     -6.495977128E-08     -6.399476402E-08
 9.800000000E+01      2.493517068E-04      1.152377722E-06      3.656292132E-07     -3.657272116E-07      5.040145440E-04      2.531532183E-04      1.598193962E-06      1.272667129E-06      1.297473356E-07     -7.843020127E-07     -4.627970205E-07      1.253042702E-06      1.831278689E-06     -1.958517056E-07     -1.949964460E-07
 9.900000000E+01      2.628360786E-04      1.788010653E-06      2.436206539E-07     -5.924908006E-07      5.325584613E-04      2.678440153E-04      1.436293572E-06      1.145153333E-06      1.426685032E-07     -7.477951341E-07     -4.446480124E-07      1.143807875E-06      1.758005465E-06     -3.184776840E-07     -3.178235521E-07
 1.000000000E+02      2.742488072E-04      2.350369613E-06      1.194640141E-07     -7.908246154E-07      5.567929497E-04      2.803139477E-04      1.233662217E-06      9.725431743E-07      1.539591647E-07     -6.951974066E-07     -4.178299430E-07      1.047252822E-06      1.684917906E-06     -4.254162370E-07     -4.248580915E-07
 1.010000000E+02      2.831411362E-04      2.819193125E-06     -6.646745334E-10     -9.479058762E-07      5.755648740E-04      2.899753514E-04      9.995436610E-07      7.641180317E-07      1.629180879E-07     -6.297544001E-07     -3.839425177E-07      9.634604376E-07      1.611703397E-06     -5.106572400E-07     -5.102803544E-07
 1.020000000E+02      2.890372806E-04      3.184207900E-06     -1.164410468E-07     -1.048920585E-06      5.880225174E-04      2.963890644E-04      7.448346095E-07      5.307966210E-07      1.689738622E-07     -5.555105889E-07     -3.448794293E-07      8.921762144E-07      1.538254181E-06     -5.701640452E-07     -5.699791511E-07
 1.030000000E+02      2.916290984E-04      3.388324174E-06     -2.230329786E-07     -1.105980993E-06      5.936381229E-04      2.992762909E-04      4.811259085E-07      2.841071885E-07      1.717367823E-07     -4.756243743E-07     -3.025999033E-07      8.328290358E-07      1.464668555E-06     -6.020927520E-07     -6.020881264E-07
 1.040000000E+02      2.908876779E-04      3.514085338E-06     -3.170852032E-07     -1.157676269E-06      5.922007235E-04      2.985368032E-04      2.196899504E-07      3.556784444E-08      1.710412874E-07     -3.943119635E-07     -2.589938824E-07      7.845804956E-07      1.391231534E-06     -6.067869351E-07     -6.069491564E-07
 1.050000000E+02      2.868628914E-04      3.532169270E-06     -3.968688587E-07     -1.083418319E-06      5.831828655E-04      2.942309276E-04     -2.926192828E-08     -2.042102371E-07      1.669526028E-07     -3.145248688E-07     -2.157520658E-07      7.463860377E-07      1.318376632E-06     -5.865433633E-07     -5.868748960E-07
 1.060000000E+02      2.797860938E-04      3.430136175E-06     -4.614017781E-07     -9.959390008E-07      5.687321512E-04      2.865657486E-04     -2.574016279E-07     -4.262058638E-07      1.597415144E-07     -2.389332752E-07     -1.742480317E-07      7.170631349E-07      1.246638150E-06     -5.451525224E-07     -5.455952136E-07
 1.070000000E+02      2.697507134E-04      2.984780258E-06     -5.090920469E-07     -1.218452725E-06      5.477578081E-04      2.758702961E-04     -4.578162068E-07     -6.234110343E-07      1.498654142E-07     -1.693506386E-07     -1.354941749E-07      6.953581754E-07      1.176601143E-06     -4.873064282E-07     -4.878586456E-07
 1.080000000E+02      2.572628369E-04      2.741413659E-06     -5.394195747E-07     -1.041954885E-06      5.213491158E-04      2.625621186E-04     -6.262550467E-07     -7.909082408E-07      1.379007440E-07     -1.069711418E-07     -1.001672326E-07      6.799876524E-07      1.108843816E-06     -4.181622650E-07     -4.187886115E-07
 1.090000000E+02      2.426886017E-04      2.454062184E-06     -5.531853521E-07     -8.361625222E-07      4.910521958E-04      2.471092677E-04     -7.607040586E-07     -9.259378068E-07      1.244908142E-07     -5.216303547E-08     -6.863330606E-08      6.697103888E-07      1.043901423E-06     -3.427751131E-07     -3.434453039E-07
 1.100000000E+02      2.277318483E-04      2.116272294E-06     -5.514465630E-07     -6.444645304E-07      4.574872389E-04      2.300040734E-04     -8.607252760E-07     -1.027785443E-06      1.102867363E-07     -5.156690349E-09     -4.098496662E-08      6.633545863E-07      9.822245017E-07     -2.657211370E-07     -2.663980520E-07
 1.110000000E+02      2.090921448E-04      1.744047794E-06     -5.363959433E-07     -4.755265821E-07      4.216001057E-04      2.117391490E-04     -9.276819595E-07     -1.097398697E-06      9.589715376E-08      3.447385434E-08     -1.714280125E-08      6.598392443E-07      9.241534567E-07     -1.908387550E-07     -1.915095309E-07
 1.120000000E+02      1.910085350E-04      1.426218145E-06     -5.082637608E-07     -2.349363275E-07      3.842765196E-04      1.927725042E-04     -9.643830998E-07     -1.137033673E-06      8.185141609E-08      6.722467209E-08      3.099704828E-09      6.582090028E-07      8.699098929E-07     -1.211150298E-07     -1.217363663E-07
 1.130000000E+02      1.725224526E-04      1.038500782E-06     -4.700838903E-07     -1.168649797E-07      3.463404255E-04      1.735223213E-04     -9.742914998E-07     -1.149922896E-06      6.857640915E-08      9.380554096E-08      2.002578521E-08      6.576276006E-07      8.196079687E-07     -5.861409853E-08     -5.916840010E-08
 1.140000000E+02      1.540735662E-04      6.716611727E-07     -4.238798959E-07     -1.577816778E-08      3.085020413E-04      1.543533072E-04     -9.614334321E-07     -1.139812570E-06      5.638641394E-08      1.149949015E-07      3.394811213E-08      6.573934394E-07      7.732439259E-07     -4.556057144E-09     -5.029925822E-09
 1.150000000E+02      1.359444134E-04      3.326602239E-07     -3.725999815E-07      6.905859295E-08      2.713754758E-04      1.355691058E-04     -9.300849099E-07     -1.110783942E-06      4.548510849E-08      1.314060747E-07      4.516876870E-08      6.569391459E-07      7.307231386E-07      4.055507326E-08      4.018493497E-08
 1.160000000E+02      1.183683261E-04      2.679426463E-08     -3.172351275E-07      1.363537447E-07      2.354364075E-04      1.174144849E-04     -8.843609980E-07     -1.066797664E-06      3.597620783E-08      1.437107784E-07      5.399509923E-08      6.558175277E-07      6.918821579E-07      7.681893079E-08      7.655004390E-08
 1.170000000E+02      1.015031430E-04     -2.422104159E-07     -2.612704721E-07      1.910401030E-07      2.010780551E-04      1.000778641E-04     -8.281306742E-07     -1.011618305E-06      2.787915308E-08      1.524345940E-07      6.070516064E-08      6.536968126E-07      6.564973298E-07      1.047499645E-07      1.045781628E-07
 1.180000000E+02      8.546280431E-05     -4.726810211E-07     -2.048902032E-07      2.294349949E-07      1.685414997E-04      8.369129677E-05     -7.648236741E-07     -9.486844018E-07      2.114717704E-08      1.579934200E-07      6.554390018E-08      6.503518211E-07      6.243122892E-07      1.251425738E-07      1.250584298E-07
 1.190000000E+02      7.039769503E-05     -6.666135449E-07     -1.501463090E-07      2.561482125E-07      1.380301112E-04      6.834707347E-05     -6.973716488E-07     -8.809210510E-07      1.568660391E-08      1.608153206E-07      6.874941105E-08      6.456414867E-07      5.950503962E-07      1.389537073E-07      1.389356656E-07
 1.200000000E+02      5.637323487E-05     -8.255844100E-07     -9.741798065E-08      2.714694991E-07      1.096491857E-04      5.409394732E-05     -6.283272492E-07     -8.108271763E-07      1.137293949E-08      1.613040021E-07      7.052685654E-08      6.395044015E-07      5.684308488E-07      1.471852480E-07      1.472150921E-07
 1.210000000E+02      4.339059759E-05     -9.512961823E-07     -4.827226118E-08      2.782852524E-07      8.345275377E-05      4.094957550E-05     -5.596014576E-07     -7.404340918E-07      8.065612044E-09      1.596657335E-07      7.106145179E-08      6.319402470E-07      5.441792269E-07      1.508251310E-07      1.508811709E-07
 1.220000000E+02      3.142665411E-05     -1.046566023E-06     -3.204492806E-09      2.786688206E-07      5.941629587E-05      2.890659620E-05     -4.927603068E-07     -6.713084122E-07      5.619498110E-09      1.562706138E-07      7.052422249E-08      6.229952724E-07      5.220354371E-07      1.507947355E-07      1.508605620E-07
 1.230000000E+02      2.050972602E-05     -1.114341099E-06      3.740185117E-08      2.744199992E-07      3.749727434E-05      1.793722531E-05     -4.289293017E-07     -6.046512287E-07      3.893139604E-09      1.513785863E-07      6.906820594E-08      6.127588276E-07      5.017572893E-07      1.479202876E-07      1.479824124E-07
 1.240000000E+02      1.056277138E-05     -1.159872357E-06      7.353429234E-08      2.643791690E-07      1.762149799E-05      7.998883071E-06     -3.688390573E-07     -5.413228189E-07      2.754624514E-09      1.452363425E-07      6.683398818E-08      6.013411985E-07      4.831244297E-07      1.429229251E-07      1.429742508E-07
 1.250000000E+02      1.603009092E-06     -1.184343437E-06      1.042681507E-07      2.520949271E-07     -3.233458515E-07     -9.598670382E-07     -3.130241526E-07     -4.818716388E-07      2.084911850E-09      1.381174011E-07      6.395386855E-08      5.888748471E-07      4.659401934E-07      1.364119352E-07      1.364503440E-07
 1.260000000E+02     -6.523918626E-06     -1.191913445E-06      1.317796038E-07      2.392256596E-07     -1.643972301E-05     -8.999533497E-06     -2.617421413E-07     -4.266481483E-07      1.779792004E-09      1.302448466E-07      6.054737382E-08      5.755012985E-07      4.500269919E-07      1.288893810E-07      1.289191962E-07
 1.270000000E+02     -1.378430886E-05     -1.185452633E-06      1.545178333E-07      2.253577940E-07     -3.085486867E-05     -1.618169557E-05     -2.150855705E-07     -3.757915342E-07      1.750079217E-09      1.218027338E-07      5.672686460E-08      5.613660053E-07      4.352319762E-07      1.207635830E-07      1.207907562E-07
 1.280000000E+02     -2.026538425E-05     -1.167703292E-06      1.741457797E-07      2.085662350E-07     -4.369522827E-05     -2.257074713E-05     -1.730123730E-07     -3.293151232E-07      1.921153641E-09      1.129901948E-07      5.259431929E-08      5.466140015E-07      4.214188718E-07      1.123511104E-07      1.123840152E-07
 1.290000000E+02     -2.599410855E-05     -1.142698127E-06      1.901512059E-07      1.927444366E-07     -5.507849839E-05     -2.823133050E-05     -1.353533410E-07     -2.871200806E-07      2.231926379E-09      1.039457808E-07      4.823989181E-08      5.313855724E-07      4.084691154E-07      1.039018081E-07      1.039465920E-07
 1.300000000E+02     -3.109607699E-05     -1.110070961E-06      2.028076382E-07      1.774105522E-07     -6.513510370E-05     -3.322403587E-05     -1.019161388E-07     -2.490307418E-07      2.633243135E-09      9.479431449E-08      4.374508708E-08      5.158103087E-07      3.962816493E-07      9.559946336E-08      9.566061298E-08
 1.310000000E+02     -3.567425435E-05     -1.072662944E-06      2.124130269E-07      1.624427476E-07     -7.397898649E-05     -3.760982536E-05     -7.241869039E-08     -2.148224812E-07      3.086487968E-09      8.563379964E-08      3.918069591E-08      5.000100879E-07      3.847669261E-07      8.758201145E-08      8.766069346E-08
 1.320000000E+02     -3.954850415E-05     -1.031804566E-06      2.193278187E-07      1.482744007E-07     -8.171786855E-05     -4.144377405E-05     -4.658209189E-08     -1.842431989E-07      3.561893925E-09      7.654156144E-08      3.461047046E-08      4.840920278E-07      3.738489685E-07      7.994715193E-08      8.004323380E-08
 1.330000000E+02     -4.296626090E-05     -9.884502612E-07      2.241025072E-07      1.352735820E-07     -8.845957710E-05     -4.477874384E-05     -2.409033618E-08     -1.570005200E-07      4.037105011E-09      6.759775086E-08      3.008749188E-08      4.681534901E-07      3.634611227E-07      7.276281519E-08      7.287064783E-08
 1.340000000E+02     -4.595772123E-05     -9.421026506E-07      2.288921032E-07      1.253611565E-07     -9.429467710E-05     -4.766378751E-05     -4.635487211E-09     -1.328329324E-07      4.495848819E-09      5.884043238E-08      2.565838806E-08      4.522786205E-07      3.535462969E-07      6.606997581E-08      6.618195627E-08
 1.350000000E+02     -4.883940099E-05     -8.937398520E-07      2.294061383E-07      1.182649010E-07     -1.000748802E-04     -5.014334489E-05      1.218880142E-08     -1.114466989E-07      4.926696838E-09      5.035173023E-08      2.135877339E-08      4.365403304E-07      3.440551735E-07      5.988298720E-08      5.999257351E-08
 1.360000000E+02     -5.153100167E-05     -1.284741097E-06      2.291421054E-07     -4.807139526E-07     -1.042842430E-04     -5.225838876E-05      2.646041978E-08     -9.257718807E-08      5.322059079E-09      4.218401091E-08      1.721800232E-08      4.210006113E-07      3.349442080E-07      5.420346016E-08      5.430191260E-08
 1.370000000E+02     -2.889916934E-04     -1.228933844E-06      2.165288277E-07     -4.750168101E-07     -1.078602297E-04     -5.404612472E-05      3.857301362E-08     -7.596499941E-08      5.677322145E-09      3.437492542E-08      1.325488522E-08      4.057107637E-07      3.261775203E-07      4.901175429E-08      4.909296740E-08
 1.380000000E+02     -5.485358931E-05     -7.593363301E-07      2.163440074E-07      8.959833021E-08     -1.102889068E-04     -5.554078615E-05      4.879787987E-08     -6.138548355E-08      5.990264929E-09      2.649223334E-08      9.481617541E-09      3.907149950E-07      3.177226709E-07      4.428018299E-08      4.433894833E-08
 1.390000000E+02     -6.043970465E-05     -8.281661526E-07      2.148521313E-07     -6.972119978E-08     -1.129888090E-04     -5.677226122E-05      8.544405147E-08     -4.859109879E-08      6.260149981E-09      2.001362514E-08      5.907349524E-09      3.760484856E-07      3.094886254E-07      3.997331222E-08      4.000679204E-08
 1.400000000E+02     -6.023567254E-05     -7.767817495E-07      2.135921350E-07     -6.451136218E-08     -1.152224968E-04     -5.770618895E-05      6.441932076E-08     -3.741368413E-08      6.487653065E-09      1.350071008E-08      2.533437340E-09      3.617406515E-07      3.016443497E-07      3.605404984E-08      3.606097687E-08
 1.410000000E+02     -5.832343447E-05     -7.129176421E-07      2.100564265E-07     -4.003134178E-08     -1.168736533E-04     -5.849786130E-05      9.446878582E-08     -2.767008409E-08      6.674408549E-09      7.160718574E-09     -6.334083558E-10      3.478138265E-07      2.939783177E-07      3.248686341E-08      3.246754757E-08
 1.420000000E+02     -5.907386268E-05     -6.689904333E-07      2.057753856E-07     -3.982129026E-08     -1.178659962E-04     -5.915546455E-05      7.477162819E-08     -1.919687619E-08      6.822595642E-09      1.709691287E-09     -3.593562565E-09      3.342865625E-07      2.865374863E-07      2.923986603E-08      2.919635352E-08
 1.430000000E+02     -5.915161787E-05     -6.247330221E-07      2.010142750E-07     -3.640853242E-08     -1.187521987E-04     -5.958802029E-05      7.835325612E-08     -1.185840841E-08      6.934686198E-09     -3.580436054E-09     -6.341944211E-09      3.211707630E-07      2.793078975E-07      2.628527471E-08      2.621956607E-08
 1.440000000E+02     -5.943905143E-05     -5.799149963E-07      1.958782046E-07     -2.941436445E-08     -1.193495551E-04     -5.987389221E-05      8.140212982E-08     -5.520968086E-09      7.013605042E-09     -8.145671714E-09     -8.882880908E-09      3.084761495E-07      2.722775455E-07      2.360014690E-08      2.351261452E-08
 1.450000000E+02     -5.960190969E-05     -5.377978407E-07      1.903625904E-07     -2.301688195E-08     -1.196907529E-04     -6.002956227E-05      8.293947644E-08     -7.420199527E-11      7.062250061E-09     -1.263477863E-08     -1.121699782E-08      2.962056256E-07      2.654362507E-07      2.116375526E-08      2.105370534E-08
 1.460000000E+02     -5.965244669E-05     -5.839960316E-07      1.857792726E-07     -1.325750464E-07     -1.198976386E-04     -6.006967484E-05      8.423850659E-08      4.588916235E-09      7.083543248E-09     -1.667570009E-08     -1.335299974E-08      2.843619491E-07      2.587753894E-07      1.895748748E-08      1.882396626E-08
 1.470000000E+02     -5.960018765E-05     -5.448668837E-07      1.796331541E-07     -1.241686288E-07     -1.198112473E-04     -6.000794562E-05      8.493835251E-08      8.558649509E-09      7.080406967E-09     -2.040471817E-08     -1.529924288E-08      2.729418967E-07      2.522868093E-07      1.696236624E-08      1.679974871E-08
 1.480000000E+02     -5.945679590E-05     -5.100350727E-07      1.740515325E-07     -1.186373785E-07     -1.195279389E-04     -5.985645419E-05      8.515744590E-08      1.192067960E-08      7.055480124E-09     -2.390257841E-08     -1.706641655E-08      2.619412785E-07      2.459639849E-07      1.516027447E-08      1.497080838E-08
 1.490000000E+02     -5.924626387E-05     -4.734824863E-07      1.681159752E-07     -1.080700309E-07     -1.191269102E-04     -5.962675068E-05      8.497149139E-08      1.474673016E-08      7.011495902E-09     -2.703077229E-08     -1.866469147E-08      2.513536964E-07      2.398003529E-07      1.353420792E-08      1.331342400E-08
 1.500000000E+02     -5.896915251E-05     -4.338487702E-07      1.591914127E-07     -9.041528181E-08     -1.184870313E-04     -5.932829006E-05      8.444465021E-08      1.710383421E-08      6.950767687E-09     -2.986797263E-08     -2.010299989E-08      2.411715549E-07      2.337904814E-07      1.206801944E-08      1.182182910E-08
 1.510000000E+02     -5.863333636E-05     -3.972541611E-07      1.552811836E-07     -7.422238011E-08     -1.177719448E-04     -5.897004675E-05      8.363027050E-08      1.905223847E-08      6.875625786E-09     -3.240924525E-08     -2.138965086E-08      2.313857068E-07      2.279287462E-07      1.074754937E-08      1.048220967E-08
