# Matter power spectrum P(k) at redshift z=2.5
# for k=1.01776e-05 to 10.8586 h/Mpc,
# number of wavenumbers equal to 728
#    1:k (h/Mpc)              2:P (Mpc/h)^3        
       1.017762622183e-05       6.972038192278e+00 
       2.270599619585e-05       1.512351343407e+01 
       3.527608514283e-05       2.313602968034e+01 
       4.791988385778e-05       3.109268163587e+01 
       6.066988421975e-05       3.904061880451e+01 
       7.355935332593e-05       4.701506779868e+01 
       8.662261594150e-05       5.504605902406e+01 
       9.989534883415e-05       6.316117621797e+01 
       1.134148905905e-04       7.138695659391e+01 
       1.272205705424e-04       7.974973430390e+01 
       1.413540604450e-04       8.827621787612e+01 
       1.558597525164e-04       9.699393602510e+01 
       1.707851673344e-04       1.059316130226e+02 
       1.861813948374e-04       1.151195089797e+02 
       2.021035712214e-04       1.245897428955e+02 
       2.186113937793e-04       1.343766104551e+02 
       2.357696745644e-04       1.445169025651e+02 
       2.536489320239e-04       1.550502262225e+02 
       2.723260172576e-04       1.660193280010e+02 
       2.918847680560e-04       1.774704152800e+02 
       3.124166791059e-04       1.894534680500e+02 
       3.340215703985e-04       2.020225293019e+02 
       3.568082276376e-04       2.152359571524e+02 
       3.808949780657e-04       2.291566137833e+02 
       4.064101524856e-04       2.438519629248e+02 
       4.334923695260e-04       2.593940350269e+02 
       4.622905620153e-04       2.758592126855e+02 
       4.929636490547e-04       2.933277829592e+02 
       5.256797433982e-04       3.118831936180e+02 
       5.606147756581e-04       3.316109521037e+02 
       5.979504195942e-04       3.525971155192e+02 
       6.378712222315e-04       3.749263259751e+02 
       6.805608847774e-04       3.986793943688e+02 
       7.261977096468e-04       4.239304644285e+02 
       7.749493255645e-04       4.507438657867e+02 
       8.269669200523e-04       4.791708226604e+02 
       8.823793310846e-04       5.092462554339e+02 
       9.412874532796e-04       5.409859631454e+02 
       1.003759470115e-03       5.743844960292e+02 
       1.069827407121e-03       6.094139499263e+02 
       1.139485399650e-03       6.460239063390e+02 
       1.212689891188e-03       6.841425313743e+02 
       1.289361754710e-03       7.236787725408e+02 
       1.369390105154e-03       7.645217559409e+02 
       1.452637391706e-03       8.065532436854e+02 
       1.538945256643e-03       8.496464152292e+02 
       1.628140633441e-03       8.936679152212e+02 
       1.720041619037e-03       9.384830202058e+02 
       1.814462767214e-03       9.839586859846e+02 
       1.911219581325e-03       1.029966016874e+03 
       2.010132108911e-03       1.076382220904e+03 
       2.111027641521e-03       1.123091955597e+03 
       2.213742593189e-03       1.169988265660e+03 
       2.318123671520e-03       1.216973041455e+03 
       2.424028471503e-03       1.263957117318e+03 
       2.531325620865e-03       1.310860115346e+03 
       2.639894593864e-03       1.357610120553e+03 
       2.749625293107e-03       1.404143158994e+03 
       2.860417480214e-03       1.450402430684e+03 
       2.972180118218e-03       1.496337849005e+03 
       3.084830672812e-03       1.541905546453e+03 
       3.198294406405e-03       1.587067014633e+03 
       3.312503688439e-03       1.631788826909e+03 
       3.427397337294e-03       1.676041916145e+03 
       3.542920003058e-03       1.719801102633e+03 
       3.659021595992e-03       1.763044947065e+03 
       3.775656762429e-03       1.805755156187e+03 
       3.892784407700e-03       1.847915788849e+03 
       4.010367264318e-03       1.889514213631e+03 
       4.128371502794e-03       1.930539069892e+03 
       4.246766381999e-03       1.970981712535e+03 
       4.365523935796e-03       2.010834517026e+03 
       4.484618692657e-03       2.050092184481e+03 
       4.604027425075e-03       2.088750062027e+03 
       4.723728925759e-03       2.126805028293e+03 
       4.843703807817e-03       2.164255384447e+03 
       4.963934326354e-03       2.201099753627e+03 
       5.084404219170e-03       2.237338672053e+03 
       5.205098564436e-03       2.272971793186e+03 
       5.326003653474e-03       2.308000902926e+03 
       5.447106876962e-03       2.342428469988e+03 
       5.568396623055e-03       2.376255801543e+03 
       5.689862186089e-03       2.409486565076e+03 
       5.811493684704e-03       2.442124113738e+03 
       5.933281988318e-03       2.474171432411e+03 
       6.055218651046e-03       2.505632330899e+03 
       6.177295852232e-03       2.536511140495e+03 
       6.299506342883e-03       2.566811441646e+03 
       6.421843397352e-03       2.596538332194e+03 
       6.544300769712e-03       2.625697110925e+03 
       6.666872654316e-03       2.654291397943e+03 
       6.789553650111e-03       2.682326060097e+03 
       6.912338728289e-03       2.709807353445e+03 
       7.035223202952e-03       2.736738471147e+03 
       7.158202704464e-03       2.763125073004e+03 
       7.281273155227e-03       2.788974486116e+03 
       7.404430747627e-03       2.814290477542e+03 
       7.527671923940e-03       2.839077708102e+03 
       7.650993358003e-03       2.863344287627e+03 
       7.774391938469e-03       2.887086290149e+03 
       7.897864753509e-03       2.910348086671e+03 
       8.021409076804e-03       2.933169770764e+03 
       8.145022354722e-03       2.955395458819e+03 
       8.268702194548e-03       2.977123263199e+03 
       8.392446353698e-03       2.998355875434e+03 
       8.516252729795e-03       3.019108921342e+03 
       8.640119351552e-03       3.039381936943e+03 
       8.764044370380e-03       3.059182199437e+03 
       8.888026052660e-03       3.078511735269e+03 
       9.012062772612e-03       3.097380489701e+03 
       9.136153005724e-03       3.115787216596e+03 
       9.260295322681e-03       3.133739328915e+03 
       9.384488383755e-03       3.151244383725e+03 
       9.508730933617e-03       3.168301889862e+03 
       9.633021796538e-03       3.184927226422e+03 
       9.757359871947e-03       3.201113559533e+03 
       9.881744130310e-03       3.216873746593e+03 
       1.000617360931e-02       3.232210588511e+03 
       1.013064741032e-02       3.247129529190e+03 
       1.025516469508e-02       3.261637388027e+03 
       1.037972468271e-02       3.275733954995e+03 
       1.050432664681e-02       3.289427435330e+03 
       1.062896991285e-02       3.302719729352e+03 
       1.075365385574e-02       3.315621952020e+03 
       1.087837789751e-02       3.328131020558e+03 
       1.100314150524e-02       3.340255367969e+03 
       1.112794418904e-02       3.351995749247e+03 
       1.125278550026e-02       3.363361630415e+03 
       1.137766502974e-02       3.374355523269e+03 
       1.150258240626e-02       3.384980283639e+03 
       1.162753729503e-02       3.395243040762e+03 
       1.175252939633e-02       3.405145134306e+03 
       1.187755844422e-02       3.414693292178e+03 
       1.200262420535e-02       3.423890364109e+03 
       1.212772647786e-02       3.432739726114e+03 
       1.225286509034e-02       3.441248619640e+03 
       1.237803990087e-02       3.449418538735e+03 
       1.250325079614e-02       3.457253929493e+03 
       1.262849769063e-02       3.464759574874e+03 
       1.275378052582e-02       3.471938369842e+03 
       1.287909926952e-02       3.478797646517e+03 
       1.300445391520e-02       3.485339000849e+03 
       1.312984448136e-02       3.491564581527e+03 
       1.325527101102e-02       3.497481756236e+03 
       1.338073357118e-02       3.503089940319e+03 
       1.350623225238e-02       3.508396289801e+03 
       1.363176716822e-02       3.513404742278e+03 
       1.375733845503e-02       3.518116657339e+03 
       1.388294627146e-02       3.522537426305e+03 
       1.400859079823e-02       3.526669144056e+03 
       1.413427223778e-02       3.530517639521e+03 
       1.425999081403e-02       3.534086855716e+03 
       1.438574677219e-02       3.537377913455e+03 
       1.451154037852e-02       3.540395835588e+03 
       1.463737192019e-02       3.543148277457e+03 
       1.476324170512e-02       3.545626381615e+03 
       1.488915006186e-02       3.547847312501e+03 
       1.501509733954e-02       3.549809388702e+03 
       1.514108390773e-02       3.551516707127e+03 
       1.526711015644e-02       3.552969402912e+03 
       1.539317649608e-02       3.554176560023e+03 
       1.551928335748e-02       3.555133227093e+03 
       1.564543119185e-02       3.555850281625e+03 
       1.577162047089e-02       3.556329236138e+03 
       1.589785168677e-02       3.556571317065e+03 
       1.602412535228e-02       3.556580723962e+03 
       1.615044200085e-02       3.556358172951e+03 
       1.627680218673e-02       3.555912597015e+03 
       1.640320648507e-02       3.555244998739e+03 
       1.652965549208e-02       3.554353615346e+03 
       1.665614982521e-02       3.553246259392e+03 
       1.678269012333e-02       3.551927105553e+03 
       1.690927704689e-02       3.550397811696e+03 
       1.703591127819e-02       3.548656540648e+03 
       1.716259352159e-02       3.546717019974e+03 
       1.728932450374e-02       3.544572850126e+03 
       1.741610497386e-02       3.542230269791e+03 
       1.754293570405e-02       3.539690553839e+03 
       1.766981748952e-02       3.536960637433e+03 
       1.779675114898e-02       3.534039087797e+03 
       1.792373752492e-02       3.530935162737e+03 
       1.805077748398e-02       3.527644595498e+03 
       1.817787191730e-02       3.524168912458e+03 
       1.830502174092e-02       3.520520311985e+03 
       1.843222789617e-02       3.516695279111e+03 
       1.855949135006e-02       3.512695670679e+03 
       1.868681309576e-02       3.508529109377e+03 
       1.881419415301e-02       3.504192272860e+03 
       1.894163556861e-02       3.499694305020e+03 
       1.906913841689e-02       3.495034146441e+03 
       1.919670380023e-02       3.490209872674e+03 
       1.932433284956e-02       3.485233458956e+03 
       1.945202672494e-02       3.480100509652e+03 
       1.957978661606e-02       3.474821823412e+03 
       1.970761374289e-02       3.469392295290e+03 
       1.983550935622e-02       3.463816215430e+03 
       1.996347473831e-02       3.458095038931e+03 
       2.009151120355e-02       3.452230615027e+03 
       2.021962009907e-02       3.446233662826e+03 
       2.034780280547e-02       3.440095824573e+03 
       2.047606073751e-02       3.433825150772e+03 
       2.060439534485e-02       3.427421147005e+03 
       2.073280811277e-02       3.420895062171e+03 
       2.086130056300e-02       3.414245177067e+03 
       2.098987425448e-02       3.407460761466e+03 
       2.111853078422e-02       3.400564189404e+03 
       2.124727178813e-02       3.393538879886e+03 
       2.137609894190e-02       3.386401511026e+03 
       2.150501396195e-02       3.379155832051e+03 
       2.163401860629e-02       3.371785043157e+03 
       2.176311467559e-02       3.364318944276e+03 
       2.189230401408e-02       3.356729697683e+03 
       2.202158851064e-02       3.349046954639e+03 
       2.215097009984e-02       3.341252116622e+03 
       2.228045076304e-02       3.333363603146e+03 
       2.241003252953e-02       3.325369353259e+03 
       2.253971747764e-02       3.317279390727e+03 
       2.266950773604e-02       3.309094889025e+03 
       2.279940548487e-02       3.300825010058e+03 
       2.292941295712e-02       3.292458702660e+03 
       2.305953243985e-02       3.283997063029e+03 
       2.318976627563e-02       3.275459044149e+03 
       2.332011686393e-02       3.266832568289e+03 
       2.345058666253e-02       3.258123213590e+03 
       2.358117818904e-02       3.249330188058e+03 
       2.371189402246e-02       3.240466871402e+03 
       2.384273680475e-02       3.231521172238e+03 
       2.397370924251e-02       3.222497776208e+03 
       2.410481410862e-02       3.213406686668e+03 
       2.423605424406e-02       3.204238319112e+03 
       2.436743255969e-02       3.195009305477e+03 
       2.449895203811e-02       3.185706343089e+03 
       2.463061573564e-02       3.176336316318e+03 
       2.476242678429e-02       3.166900431235e+03 
       2.489438839382e-02       3.157409726825e+03 
       2.502650385392e-02       3.147853266184e+03 
       2.515877653636e-02       3.138242329251e+03 
       2.529120989734e-02       3.128575649202e+03 
       2.542380747979e-02       3.118848000462e+03 
       2.555657291588e-02       3.109067267715e+03 
       2.568950992951e-02       3.099237068939e+03 
       2.582262233895e-02       3.089348138075e+03 
       2.595591405954e-02       3.079426223056e+03 
       2.608938910650e-02       3.069445861733e+03 
       2.622305159786e-02       3.059423702745e+03 
       2.635690575744e-02       3.049350022944e+03 
       2.649095591801e-02       3.039232815107e+03 
       2.662520652450e-02       3.029089916664e+03 
       2.675966213736e-02       3.018897269511e+03 
       2.689432743605e-02       3.008659700857e+03 
       2.702920722264e-02       2.998392124317e+03 
       2.716430642557e-02       2.988091885700e+03 
       2.729963010350e-02       2.977750101240e+03 
       2.743518344938e-02       2.967374853204e+03 
       2.757097179463e-02       2.956976920302e+03 
       2.770700061346e-02       2.946531969122e+03 
       2.784327552742e-02       2.936079198854e+03 
       2.797980231011e-02       2.925580279741e+03 
       2.811658689200e-02       2.915066324086e+03 
       2.825363536557e-02       2.904524278772e+03 
       2.839095399053e-02       2.893955892648e+03 
       2.852854919938e-02       2.883365110832e+03 
       2.866642760306e-02       2.872753594897e+03 
       2.880459599693e-02       2.862123037328e+03 
       2.894306136697e-02       2.851474187878e+03 
       2.908183089623e-02       2.840803150751e+03 
       2.922091197155e-02       2.830111616815e+03 
       2.936031219060e-02       2.819405600195e+03 
       2.950003936914e-02       2.808689871284e+03 
       2.964010154871e-02       2.797954588679e+03 
       2.978050700456e-02       2.787210712534e+03 
       2.992126425397e-02       2.776454390501e+03 
       3.006238206491e-02       2.765677245536e+03 
       3.020386946515e-02       2.754896474612e+03 
       3.034573575170e-02       2.744106614874e+03 
       3.048799050075e-02       2.733302115698e+03 
       3.063064357799e-02       2.722494755782e+03 
       3.077370514954e-02       2.711671431972e+03 
       3.091718569320e-02       2.700862912099e+03 
       3.106109601043e-02       2.690029191331e+03 
       3.120544723876e-02       2.679198570508e+03 
       3.135025086488e-02       2.668365577637e+03 
       3.149551873830e-02       2.657527096411e+03 
       3.164126308575e-02       2.646683074017e+03 
       3.178749652624e-02       2.635837119556e+03 
       3.193423208691e-02       2.624995746898e+03 
       3.208148321967e-02       2.614141899943e+03 
       3.222926381867e-02       2.603307472831e+03 
       3.237758823870e-02       2.592462444686e+03 
       3.252647131456e-02       2.581623752074e+03 
       3.267592838139e-02       2.570780543609e+03 
       3.282597529617e-02       2.559936553166e+03 
       3.297662846032e-02       2.549096667327e+03 
       3.312790484351e-02       2.538266329912e+03 
       3.327982200886e-02       2.527436083741e+03 
       3.343239813946e-02       2.516606349582e+03 
       3.358565206645e-02       2.505785720051e+03 
       3.373960329860e-02       2.494965679136e+03 
       3.389427205373e-02       2.484157696172e+03 
       3.404967929183e-02       2.473351661772e+03 
       3.420584675016e-02       2.462551250616e+03 
       3.436279698052e-02       2.451755994437e+03 
       3.452055338865e-02       2.440967825522e+03 
       3.467914027608e-02       2.430184538384e+03 
       3.483858288458e-02       2.419410558312e+03 
       3.499890744337e-02       2.408644251991e+03 
       3.516014121926e-02       2.397877999918e+03 
       3.532231257010e-02       2.387128321141e+03 
       3.548545100158e-02       2.376381963122e+03 
       3.564958722785e-02       2.365648007121e+03 
       3.581475323610e-02       2.354920308411e+03 
       3.598098235552e-02       2.344193888076e+03 
       3.614830933092e-02       2.333471190395e+03 
       3.631677040150e-02       2.322763213104e+03 
       3.648640338511e-02       2.312060608508e+03 
       3.665724776843e-02       2.301365209978e+03 
       3.682934480372e-02       2.290680715305e+03 
       3.700273761257e-02       2.279992451493e+03 
       3.717747129741e-02       2.269323182811e+03 
       3.735359306125e-02       2.258652272096e+03 
       3.753115233669e-02       2.247990638146e+03 
       3.771020092475e-02       2.237333738167e+03 
       3.789079314475e-02       2.226675888410e+03 
       3.807298599596e-02       2.216031294708e+03 
       3.825683933246e-02       2.205386282782e+03 
       3.844241605221e-02       2.194747264329e+03 
       3.862978230205e-02       2.184114499558e+03 
       3.881900769994e-02       2.173480982396e+03 
       3.901016557640e-02       2.162853443413e+03 
       3.920333323705e-02       2.152218816947e+03 
       3.939859224859e-02       2.141592930454e+03 
       3.959602875058e-02       2.130968318524e+03 
       3.979573379598e-02       2.120330178326e+03 
       3.999780372362e-02       2.109694913855e+03 
       4.020234056615e-02       2.099067219252e+03 
       4.040945249762e-02       2.088428632454e+03 
       4.061925432541e-02       2.077777989729e+03 
       4.083186803157e-02       2.067129235365e+03 
       4.104742336992e-02       2.056471786502e+03 
       4.126605852553e-02       2.045805938865e+03 
       4.148792084466e-02       2.035126925014e+03 
       4.171316764413e-02       2.024436114676e+03 
       4.194196711067e-02       2.013730264045e+03 
       4.217449930223e-02       2.003010812171e+03 
       4.241095726528e-02       1.992270358569e+03 
       4.265154828431e-02       1.981513270886e+03 
       4.289649528238e-02       1.970734224654e+03 
       4.314603839480e-02       1.959929310223e+03 
       4.340043674179e-02       1.949102404857e+03 
       4.365997043041e-02       1.938230479516e+03 
       4.392494282161e-02       1.927340582965e+03 
       4.419568310462e-02       1.916414149915e+03 
       4.447254922910e-02       1.905441886708e+03 
       4.475593125466e-02       1.894431175936e+03 
       4.504625518961e-02       1.883359041040e+03 
       4.534398740464e-02       1.872252921825e+03 
       4.564963972515e-02       1.861077658810e+03 
       4.596377532751e-02       1.849849485281e+03 
       4.628701559154e-02       1.838545985931e+03 
       4.662004809513e-02       1.827169235505e+03 
       4.696363597875e-02       1.815713536395e+03 
       4.731862896028e-02       1.804163590944e+03 
       4.768597634693e-02       1.792511467689e+03 
       4.806674247450e-02       1.780759710859e+03 
       4.846212511102e-02       1.768885173148e+03 
       4.887347749634e-02       1.756873417492e+03 
       4.930233486194e-02       1.744718344020e+03 
       4.975044649438e-02       1.732400366797e+03 
       5.021981468560e-02       1.719893388457e+03 
       5.071274226732e-02       1.707184686634e+03 
       5.123189087248e-02       1.694239635278e+03 
       5.178035261792e-02       1.681034800602e+03 
       5.236173856606e-02       1.667519096887e+03 
       5.298028808294e-02       1.653655684616e+03 
       5.364100399446e-02       1.639383943680e+03 
       5.434981906601e-02       1.624625562333e+03 
       5.511379937008e-02       1.609296406501e+03 
       5.594138867535e-02       1.593270347285e+03 
       5.684269333237e-02       1.576394452456e+03 
       5.782979594177e-02       1.558462316709e+03 
       5.891706257277e-02       1.539199142360e+03 
       6.012136336845e-02       1.518237725662e+03 
       6.146204886189e-02       1.495083486891e+03 
       6.296040950467e-02       1.469093578061e+03 
       6.463822202813e-02       1.439443341621e+03 
       6.651496792028e-02       1.405153087665e+03 
       6.860364212746e-02       1.365187860935e+03 
       7.090600236422e-02       1.318684965313e+03 
       7.340937265208e-02       1.265290658857e+03 
       7.608742270290e-02       1.205487116990e+03 
       7.890542130116e-02       1.140725843623e+03 
       8.182746655744e-02       1.073265753113e+03 
       8.482221341874e-02       1.005768486979e+03 
       8.786542304156e-02       9.408442998109e+02 
       9.093988064832e-02       8.806881621519e+02 
       9.403404278283e-02       8.268658626539e+02 
       9.714045393176e-02       7.802283713033e+02 
       1.002544123965e-01       7.409597295496e+02 
       1.033729969642e-01       7.086648623812e+02 
       1.064944091988e-01       6.825013433301e+02 
       1.096175480134e-01       6.613090432122e+02 
       1.127417414644e-01       6.437424580099e+02 
       1.158665802319e-01       6.284038471803e+02 
       1.189918151785e-01       6.139566277879e+02 
       1.221172946752e-01       5.992472873702e+02 
       1.252429263844e-01       5.833996476582e+02 
       1.283686540032e-01       5.658744102639e+02 
       1.314944431259e-01       5.464948482151e+02 
       1.346202726565e-01       5.254216874448e+02 
       1.377461295940e-01       5.030914972520e+02 
       1.408720058654e-01       4.801252317790e+02 
       1.439978964030e-01       4.572314173577e+02 
       1.471237979760e-01       4.351038017385e+02 
       1.502497084804e-01       4.143482321263e+02 
       1.533756265073e-01       3.954363358134e+02 
       1.565015510793e-01       3.786665341946e+02 
       1.596274814905e-01       3.641399263302e+02 
       1.627534172078e-01       3.518003848622e+02 
       1.658793578107e-01       3.414552356929e+02 
       1.690053029541e-01       3.327864272221e+02 
       1.721312523448e-01       3.253935530495e+02 
       1.752572057270e-01       3.188690528509e+02 
       1.783831628730e-01       3.128197883018e+02 
       1.815091235768e-01       3.068908716740e+02 
       1.846350876502e-01       3.007017462441e+02 
       1.877610549200e-01       2.940231609701e+02 
       1.908870252256e-01       2.867261221351e+02 
       1.940129984178e-01       2.788030887932e+02 
       1.971389743573e-01       2.703457562075e+02 
       2.002649529141e-01       2.615291131192e+02 
       2.033909339662e-01       2.525695317395e+02 
       2.065169173992e-01       2.436986182566e+02 
       2.096429031059e-01       2.351223202626e+02 
       2.127688909852e-01       2.270107376447e+02 
       2.158948809419e-01       2.194974752930e+02 
       2.190208728865e-01       2.126598494976e+02 
       2.221468667345e-01       2.065300253282e+02 
       2.252728624060e-01       2.011021777385e+02 
       2.283988598258e-01       1.963140443331e+02 
       2.315248589224e-01       1.920862290565e+02 
       2.346508596284e-01       1.882987748748e+02 
       2.377768618800e-01       1.848160998895e+02 
       2.409028656166e-01       1.815034883648e+02 
       2.440288707807e-01       1.782409999016e+02 
       2.471548773179e-01       1.749302805095e+02 
       2.502808851764e-01       1.715015975958e+02 
       2.534068943069e-01       1.679222780685e+02 
       2.565329046628e-01       1.641839046475e+02 
       2.596589161994e-01       1.603049529017e+02 
       2.627849288744e-01       1.563239065371e+02 
       2.659109426475e-01       1.522960963427e+02 
       2.690369574800e-01       1.482877260611e+02 
       2.721629733354e-01       1.443675571642e+02 
       2.752889901785e-01       1.405996080467e+02 
       2.784150079759e-01       1.370353207001e+02 
       2.815410266957e-01       1.337094501884e+02 
       2.846670463073e-01       1.306344213215e+02 
       2.877930667814e-01       1.278098111807e+02 
       2.909190880901e-01       1.252116483857e+02 
       2.940451102068e-01       1.228113370499e+02 
       2.971711331056e-01       1.205730998153e+02 
       3.002971567621e-01       1.184585686144e+02 
       3.034231811528e-01       1.164292134355e+02 
       3.065492062550e-01       1.144483132923e+02 
       3.096752320471e-01       1.124828888031e+02 
       3.128012585084e-01       1.105074667190e+02 
       3.159272856188e-01       1.085042891031e+02 
       3.190533133592e-01       1.064676452636e+02 
       3.221793417112e-01       1.044011131960e+02 
       3.253053706570e-01       1.023174773427e+02 
       3.284314001797e-01       1.002345989777e+02 
       3.315574302627e-01       9.817143547990e+01 
       3.346834608904e-01       9.614785520468e+01 
       3.378094920476e-01       9.418001591928e+01 
       3.409355237195e-01       9.228194371134e+01 
       3.440615558922e-01       9.046455753254e+01 
       3.471875885521e-01       8.873489111772e+01 
       3.503136216860e-01       8.709595492770e+01 
       3.534396552813e-01       8.554575256982e+01 
       3.565656893258e-01       8.407739616809e+01 
       3.596917238078e-01       8.267912407724e+01 
       3.628177587159e-01       8.133789293109e+01 
       3.659437940391e-01       8.003898095023e+01 
       3.690698297668e-01       7.876972727525e+01 
       3.721958658889e-01       7.752006945590e+01 
       3.753219023954e-01       7.628314047713e+01 
       3.784479392767e-01       7.505413009173e+01 
       3.815739765236e-01       7.383107039855e+01 
       3.847000141272e-01       7.261314779495e+01 
       3.878260520788e-01       7.140120773884e+01 
       3.909520903699e-01       7.019811579974e+01 
       3.940781289926e-01       6.900812269297e+01 
       3.972041679389e-01       6.783702035919e+01 
       4.003302072013e-01       6.669053397271e+01 
       4.034562467723e-01       6.557387867407e+01 
       4.065822866448e-01       6.449036010621e+01 
       4.097083268118e-01       6.344179446632e+01 
       4.128343672668e-01       6.242806051155e+01 
       4.159604080031e-01       6.144795058354e+01 
       4.190864490144e-01       6.050002229432e+01 
       4.222124902946e-01       5.958280502397e+01 
       4.253385318378e-01       5.869373735555e+01 
       4.284645736381e-01       5.783043820302e+01 
       4.315906156900e-01       5.698957724070e+01 
       4.347166579880e-01       5.616729640946e+01 
       4.378427005269e-01       5.535982337578e+01 
       4.409687433014e-01       5.456393552342e+01 
       4.440947863066e-01       5.377756224741e+01 
       4.472208295377e-01       5.299987340462e+01 
       4.503468729899e-01       5.223100018601e+01 
       4.534729166586e-01       5.147161436685e+01 
       4.565989605393e-01       5.072250790249e+01 
       4.597250046278e-01       4.998446056255e+01 
       4.628510489198e-01       4.925815622460e+01 
       4.659770934112e-01       4.854474308361e+01 
       4.691031380980e-01       4.784547874519e+01 
       4.722291829763e-01       4.716188267038e+01 
       4.753552280423e-01       4.649530461873e+01 
       4.784812732924e-01       4.584636556751e+01 
       4.816073187228e-01       4.521509669537e+01 
       4.847333643302e-01       4.460044578082e+01 
       4.878594101111e-01       4.400098555032e+01 
       4.909854560621e-01       4.341464940838e+01 
       4.941115021801e-01       4.284114297532e+01 
       4.972375484619e-01       4.227825789873e+01 
       5.003635949045e-01       4.172560442862e+01 
       5.034896415047e-01       4.118240273286e+01 
       5.066156882597e-01       4.064783793798e+01 
       5.097417351666e-01       4.012091501427e+01 
       5.128677822226e-01       3.960113643487e+01 
       5.159938294251e-01       3.908808473809e+01 
       5.191198767713e-01       3.858185546836e+01 
       5.222459242587e-01       3.808317041417e+01 
       5.253719718848e-01       3.759270671095e+01 
       5.284980196470e-01       3.711108737895e+01 
       5.316240675430e-01       3.663862065666e+01 
       5.347501155704e-01       3.617528666159e+01 
       5.378761637270e-01       3.572065622143e+01 
       5.410022120104e-01       3.527450798940e+01 
       5.441282604185e-01       3.483678559745e+01 
       5.472543089491e-01       3.440746667400e+01 
       5.503803576002e-01       3.398668794663e+01 
       5.535064063696e-01       3.357425892499e+01 
       5.566324552555e-01       3.316975733081e+01 
       5.597585042558e-01       3.277262530470e+01 
       5.628845533686e-01       3.238212073100e+01 
       5.660106025921e-01       3.199771092142e+01 
       5.691366519245e-01       3.161906973331e+01 
       5.722627013639e-01       3.124616228165e+01 
       5.753887509085e-01       3.087903171875e+01 
       5.785148005568e-01       3.051770243846e+01 
       5.816408503069e-01       3.016200368650e+01 
       5.847669001574e-01       2.981163342996e+01 
       5.878929501065e-01       2.946632356054e+01 
       5.910190001527e-01       2.912594544220e+01 
       5.941450502944e-01       2.879057408821e+01 
       5.972711005302e-01       2.846044550599e+01 
       6.003971508586e-01       2.813587571973e+01 
       6.035232012781e-01       2.781695585053e+01 
       6.066492517874e-01       2.750361271792e+01 
       6.097753023850e-01       2.719560941411e+01 
       6.129013530696e-01       2.689261042043e+01 
       6.160274038398e-01       2.659435893008e+01 
       6.191534546944e-01       2.630071063611e+01 
       6.222795056321e-01       2.601173113496e+01 
       6.254055566517e-01       2.572743906959e+01 
       6.285316077518e-01       2.544775843763e+01 
       6.316576589314e-01       2.517250697635e+01 
       6.347837101892e-01       2.490135396978e+01 
       6.379097615240e-01       2.463398493524e+01 
       6.410358129349e-01       2.437023387467e+01 
       6.441618644205e-01       2.411004097870e+01 
       6.472879159800e-01       2.385351946053e+01 
       6.504139676121e-01       2.360082482667e+01 
       6.535400193159e-01       2.335198789668e+01 
       6.566660710903e-01       2.310689133908e+01 
       6.597921229343e-01       2.286539170174e+01 
       6.629181748469e-01       2.262726580283e+01 
       6.660442268272e-01       2.239239841022e+01 
       6.691702788742e-01       2.216081531904e+01 
       6.722963309870e-01       2.193263105032e+01 
       6.754223831646e-01       2.170794381299e+01 
       6.785484354062e-01       2.148674403197e+01 
       6.816744877109e-01       2.126891831990e+01 
       6.848005400778e-01       2.105425601983e+01 
       6.879265925060e-01       2.084251300765e+01 
       6.910526449948e-01       2.063360977655e+01 
       6.941786975433e-01       2.042749558654e+01 
       6.973047501507e-01       2.022423752985e+01 
       7.004308028162e-01       2.002390057984e+01 
       7.035568555390e-01       1.982646379792e+01 
       7.066829083185e-01       1.963181125104e+01 
       7.098089611537e-01       1.943979498415e+01 
       7.129350140440e-01       1.925022951835e+01 
       7.160610669888e-01       1.906303222076e+01 
       7.191871199871e-01       1.887823009687e+01 
       7.223131730384e-01       1.869590044919e+01 
       7.254392261420e-01       1.851613344370e+01 
       7.285652792972e-01       1.833894685891e+01 
       7.316913325034e-01       1.816422692956e+01 
       7.348173857598e-01       1.799184603996e+01 
       7.379434390658e-01       1.782165336267e+01 
       7.410694924209e-01       1.765356536686e+01 
       7.441955458244e-01       1.748760867781e+01 
       7.473215992756e-01       1.732385320819e+01 
       7.504476527741e-01       1.716233778979e+01 
       7.535737063191e-01       1.700307106781e+01 
       7.566997599102e-01       1.684596285645e+01 
       7.598258135467e-01       1.669085662115e+01 
       7.629518672281e-01       1.653763085324e+01 
       7.660779209538e-01       1.638623397222e+01 
       7.692039747234e-01       1.623667365200e+01 
       7.723300285362e-01       1.608904564973e+01 
       7.754560823917e-01       1.594335104220e+01 
       7.785821362895e-01       1.579953493066e+01 
       7.817081902290e-01       1.565771853545e+01 
       7.848342442097e-01       1.551758835068e+01 
       7.879602982312e-01       1.537909476727e+01 
       7.910863522928e-01       1.524220054138e+01 
       7.942124063943e-01       1.510694512856e+01 
       7.973384605351e-01       1.497329965295e+01 
       8.004645147147e-01       1.484146417380e+01 
       8.035905689326e-01       1.471135509101e+01 
       8.067166231885e-01       1.458289852995e+01 
       8.098426774820e-01       1.445594237604e+01 
       8.129687318124e-01       1.433050371283e+01 
       8.160947861795e-01       1.420646667986e+01 
       8.192208405829e-01       1.408385678269e+01 
       8.223468950220e-01       1.396275916549e+01 
       8.254729494965e-01       1.384319878825e+01 
       8.285990040060e-01       1.372514996764e+01 
       8.317250585502e-01       1.360855079237e+01 
       8.348511131285e-01       1.349330566930e+01 
       8.379771677406e-01       1.337932679537e+01 
       8.411032223862e-01       1.326659339864e+01 
       8.442292770649e-01       1.315512797474e+01 
       8.473553317763e-01       1.304499252582e+01 
       8.504813865200e-01       1.293621787197e+01 
       8.536074412957e-01       1.282878507903e+01 
       8.567334961031e-01       1.272262496448e+01 
       8.598595509417e-01       1.261766764229e+01 
       8.629856058113e-01       1.251383577887e+01 
       8.661116607116e-01       1.241111205523e+01 
       8.692377156421e-01       1.230952711707e+01 
       8.723637706026e-01       1.220913365317e+01 
       8.754898255927e-01       1.210994817495e+01 
       8.786158806121e-01       1.201198145611e+01 
       8.817419356605e-01       1.191513206867e+01 
       8.848679907377e-01       1.181934708250e+01 
       8.879940458432e-01       1.172457228559e+01 
       8.911201009769e-01       1.163077629604e+01 
       8.942461561383e-01       1.153803136400e+01 
       8.973722113273e-01       1.144627998926e+01 
       9.004982665435e-01       1.135562896621e+01 
       9.036243217866e-01       1.126606312704e+01 
       9.067503770564e-01       1.117749230366e+01 
       9.098764323526e-01       1.108986369440e+01 
       9.130024876749e-01       1.100311833682e+01 
       9.161285430230e-01       1.091726223896e+01 
       9.192545983968e-01       1.083231447568e+01 
       9.223806537958e-01       1.074831048861e+01 
       9.255067092199e-01       1.066532703774e+01 
       9.286327646689e-01       1.058326451612e+01 
       9.317588201424e-01       1.050202331295e+01 
       9.348848756402e-01       1.042167578080e+01 
       9.380109311621e-01       1.034212123497e+01 
       9.411369867078e-01       1.026335512465e+01 
       9.442630422771e-01       1.018540867067e+01 
       9.473890978698e-01       1.010832002858e+01 
       9.505151534856e-01       1.003204681371e+01 
       9.536412091243e-01       9.956678599664e+00 
       9.567672647857e-01       9.882159021221e+00 
       9.598933204696e-01       9.808340810357e+00 
       9.630193761757e-01       9.735224728230e+00 
       9.661454319038e-01       9.662822367692e+00 
       9.692714876537e-01       9.591152781588e+00 
       9.723975434252e-01       9.520189356767e+00 
       9.755235992181e-01       9.450079573211e+00 
       9.786496550322e-01       9.380808919609e+00 
       9.817757108673e-01       9.312166033899e+00 
       9.849017667231e-01       9.244197605079e+00 
       9.880278225995e-01       9.176863088416e+00 
       9.911538784963e-01       9.110146853261e+00 
       9.942799344134e-01       9.044119203069e+00 
       9.974059903504e-01       8.978785890593e+00 
       1.000532046307e+00       8.914155007240e+00 
       1.003658102284e+00       8.850205989545e+00 
       1.006784158280e+00       8.786907690559e+00 
       1.009910214295e+00       8.724207194369e+00 
       1.013036270329e+00       8.662078050618e+00 
       1.016162326382e+00       8.600542163245e+00 
       1.019288382454e+00       8.539594268440e+00 
       1.022414438545e+00       8.479275358884e+00 
       1.025540494654e+00       8.419592770265e+00 
       1.028666550781e+00       8.360501871743e+00 
       1.031792606926e+00       8.302015303326e+00 
       1.034918663089e+00       8.244065421278e+00 
       1.038044719270e+00       8.186632613489e+00 
       1.041170775468e+00       8.129722401561e+00 
       1.044296831684e+00       8.073360840806e+00 
       1.047422887917e+00       8.017569927655e+00 
       1.050548944167e+00       7.962355178214e+00 
       1.053675000434e+00       7.907700313665e+00 
       1.056801056718e+00       7.853565540596e+00 
       1.059927113019e+00       7.799914651137e+00 
       1.063053169336e+00       7.746733141568e+00 
       1.066179225670e+00       7.694027265809e+00 
       1.069305282019e+00       7.641823810540e+00 
       1.072431338385e+00       7.590136052016e+00 
       1.075557394767e+00       7.538975886644e+00 
       1.078683451164e+00       7.488316939825e+00 
       1.081809507577e+00       7.438130100522e+00 
       1.084935564006e+00       7.388381433948e+00 
       1.088061620450e+00       7.339063809770e+00 
       1.091187676910e+00       7.290174107021e+00 
       1.094313733384e+00       7.241740533908e+00 
       1.097439789873e+00       7.193779681927e+00 
       1.100565846378e+00       7.146297410176e+00 
       1.367842016088e+00       4.286721697753e+00 
       1.720985182451e+00       2.474989012426e+00 
       2.166579374803e+00       1.414444711730e+00 
       2.727561803545e+00       8.019440574324e-01 
       3.433796866714e+00       4.514094698610e-01 
       4.322894134445e+00       2.524344076476e-01 
       5.442201278349e+00       1.403231680356e-01 
       6.851325485412e+00       7.757710147820e-02 
       8.625307758058e+00       4.267409000014e-02 
       1.085861912116e+01       2.336597596448e-02 
