# Matter power spectrum P(k) at redshift z=2
# for k=1.01776e-05 to 10.8586 h/Mpc,
# number of wavenumbers equal to 728
#    1:k (h/Mpc)              2:P (Mpc/h)^3        
       1.017762622183e-05       9.387139428400e+00 
       2.270599619585e-05       2.036226403913e+01 
       3.527608514283e-05       3.115027889272e+01 
       4.791988385778e-05       4.186305354799e+01 
       6.066988421975e-05       5.256406243394e+01 
       7.355935332593e-05       6.330072324982e+01 
       8.662261594150e-05       7.411346057465e+01 
       9.989534883415e-05       8.503939967169e+01 
       1.134148905905e-04       9.611425817303e+01 
       1.272205705424e-04       1.073734776290e+02 
       1.413540604450e-04       1.188530015008e+02 
       1.558597525164e-04       1.305898749845e+02 
       1.707851673344e-04       1.426227501743e+02 
       1.861813948374e-04       1.549923431859e+02 
       2.021035712214e-04       1.677418684961e+02 
       2.186113937793e-04       1.809174661733e+02 
       2.357696745644e-04       1.945686296384e+02 
       2.536489320239e-04       2.087486365589e+02 
       2.723260172576e-04       2.235149828600e+02 
       2.918847680560e-04       2.389298139611e+02 
       3.124166791059e-04       2.550603426660e+02 
       3.340215703985e-04       2.719792380501e+02 
       3.568082276376e-04       2.897649627955e+02 
       3.808949780657e-04       3.085020252558e+02 
       4.064101524856e-04       3.282811082185e+02 
       4.334923695260e-04       3.491990196945e+02 
       4.622905620153e-04       3.713584023767e+02 
       4.929636490547e-04       3.948671296218e+02 
       5.256797433982e-04       4.198373047751e+02 
       5.606147756581e-04       4.463837810490e+02 
       5.979504195942e-04       4.746221343684e+02 
       6.378712222315e-04       5.046660278895e+02 
       6.805608847774e-04       5.366239734661e+02 
       7.261977096468e-04       5.705955336143e+02 
       7.749493255645e-04       6.066671099903e+02 
       8.269669200523e-04       6.449075409623e+02 
       8.823793310846e-04       6.853638249461e+02 
       9.412874532796e-04       7.280573519125e+02 
       1.003759470115e-03       7.729810526526e+02 
       1.069827407121e-03       8.200977718289e+02 
       1.139485399650e-03       8.693401605334e+02 
       1.212689891188e-03       9.206121052931e+02 
       1.289361754710e-03       9.737916176729e+02 
       1.369390105154e-03       1.028729951540e+03 
       1.452637391706e-03       1.085268302001e+03 
       1.538945256643e-03       1.143236130816e+03 
       1.628140633441e-03       1.202453927287e+03 
       1.720041619037e-03       1.262740204653e+03 
       1.814462767214e-03       1.323915670825e+03 
       1.911219581325e-03       1.385806638086e+03 
       2.010132108911e-03       1.448247721806e+03 
       2.111027641521e-03       1.511083686645e+03 
       2.213742593189e-03       1.574170703457e+03 
       2.318123671520e-03       1.637376917148e+03 
       2.424028471503e-03       1.700582523634e+03 
       2.531325620865e-03       1.763679496073e+03 
       2.639894593864e-03       1.826571106366e+03 
       2.749625293107e-03       1.889171238441e+03 
       2.860417480214e-03       1.951403358385e+03 
       2.972180118218e-03       2.013199982585e+03 
       3.084830672812e-03       2.074501976977e+03 
       3.198294406405e-03       2.135257508392e+03 
       3.312503688439e-03       2.195421626654e+03 
       3.427397337294e-03       2.254955279612e+03 
       3.542920003058e-03       2.313824647778e+03 
       3.659021595992e-03       2.372000917438e+03 
       3.775656762429e-03       2.429459475692e+03 
       3.892784407700e-03       2.486178816014e+03 
       4.010367264318e-03       2.542141904520e+03 
       4.128371502794e-03       2.597333401942e+03 
       4.246766381999e-03       2.651741651980e+03 
       4.365523935796e-03       2.705356392580e+03 
       4.484618692657e-03       2.758170522751e+03 
       4.604027425075e-03       2.810177807237e+03 
       4.723728925759e-03       2.861374065186e+03 
       4.843703807817e-03       2.911757011055e+03 
       4.963934326354e-03       2.961324801399e+03 
       5.084404219170e-03       3.010078052030e+03 
       5.205098564436e-03       3.058016329530e+03 
       5.326003653474e-03       3.105141994132e+03 
       5.447106876962e-03       3.151458424250e+03 
       5.568396623055e-03       3.196967358264e+03 
       5.689862186089e-03       3.241673748914e+03 
       5.811493684704e-03       3.285582098419e+03 
       5.933281988318e-03       3.328696421524e+03 
       6.055218651046e-03       3.371021852730e+03 
       6.177295852232e-03       3.412564204829e+03 
       6.299506342883e-03       3.453328276367e+03 
       6.421843397352e-03       3.493320918929e+03 
       6.544300769712e-03       3.532549266842e+03 
       6.666872654316e-03       3.571018202754e+03 
       6.789553650111e-03       3.608734292581e+03 
       6.912338728289e-03       3.645705718988e+03 
       7.035223202952e-03       3.681938066764e+03 
       7.158202704464e-03       3.717433059606e+03 
       7.281273155227e-03       3.752226147535e+03 
       7.404430747627e-03       3.786405177329e+03 
       7.527671923940e-03       3.819757571225e+03 
       7.650993358003e-03       3.852393151487e+03 
       7.774391938469e-03       3.884331028222e+03 
       7.897864753509e-03       3.915583931366e+03 
       8.021409076804e-03       3.946157805902e+03 
       8.145022354722e-03       3.976057667131e+03 
       8.268702194548e-03       4.005293440648e+03 
       8.392446353698e-03       4.033865320903e+03 
       8.516252729795e-03       4.061788993377e+03 
       8.640119351552e-03       4.089063003080e+03 
       8.764044370380e-03       4.115703481496e+03 
       8.888026052660e-03       4.141706763293e+03 
       9.012062772612e-03       4.167091611802e+03 
       9.136153005724e-03       4.191852402930e+03 
       9.260295322681e-03       4.216008630140e+03 
       9.384488383755e-03       4.239562086668e+03 
       9.508730933617e-03       4.262506028050e+03 
       9.633021796538e-03       4.284883294007e+03 
       9.757359871947e-03       4.306660759660e+03 
       9.881744130310e-03       4.327862384367e+03 
       1.000617360931e-02       4.348503283150e+03 
       1.013064741032e-02       4.368569020068e+03 
       1.025516469508e-02       4.388094893863e+03 
       1.037972468271e-02       4.407060176594e+03 
       1.050432664681e-02       4.425481638323e+03 
       1.062896991285e-02       4.443365119388e+03 
       1.075365385574e-02       4.460725533593e+03 
       1.087837789751e-02       4.477550710795e+03 
       1.100314150524e-02       4.493863912739e+03 
       1.112794418904e-02       4.509655421870e+03 
       1.125278550026e-02       4.524950960518e+03 
       1.137766502974e-02       4.539740427446e+03 
       1.150258240626e-02       4.554034799972e+03 
       1.162753729503e-02       4.567845359387e+03 
       1.175252939633e-02       4.581163816505e+03 
       1.187755844422e-02       4.594012837484e+03 
       1.200262420535e-02       4.606386451775e+03 
       1.212772647786e-02       4.618291860120e+03 
       1.225286509034e-02       4.629733219230e+03 
       1.237803990087e-02       4.640725581038e+03 
       1.250325079614e-02       4.651271379743e+03 
       1.262849769063e-02       4.661366546618e+03 
       1.275378052582e-02       4.671025489807e+03 
       1.287909926952e-02       4.680253503504e+03 
       1.300445391520e-02       4.689055789440e+03 
       1.312984448136e-02       4.697431510051e+03 
       1.325527101102e-02       4.705392195793e+03 
       1.338073357118e-02       4.712934447442e+03 
       1.350623225238e-02       4.720071455864e+03 
       1.363176716822e-02       4.726811107452e+03 
       1.375733845503e-02       4.733153166091e+03 
       1.388294627146e-02       4.739100119587e+03 
       1.400859079823e-02       4.744659059394e+03 
       1.413427223778e-02       4.749833464926e+03 
       1.425999081403e-02       4.754637846362e+03 
       1.438574677219e-02       4.759065744065e+03 
       1.451154037852e-02       4.763125394877e+03 
       1.463737192019e-02       4.766826841538e+03 
       1.476324170512e-02       4.770162514001e+03 
       1.488915006186e-02       4.773150453741e+03 
       1.501509733954e-02       4.775789999205e+03 
       1.514108390773e-02       4.778081770018e+03 
       1.526711015644e-02       4.780036622606e+03 
       1.539317649608e-02       4.781658985446e+03 
       1.551928335748e-02       4.782949743588e+03 
       1.564543119185e-02       4.783913728240e+03 
       1.577162047089e-02       4.784560115292e+03 
       1.589785168677e-02       4.784886069969e+03 
       1.602412535228e-02       4.784893076887e+03 
       1.615044200085e-02       4.784596550360e+03 
       1.627680218673e-02       4.783997044099e+03 
       1.640320648507e-02       4.783101250743e+03 
       1.652965549208e-02       4.781898877558e+03 
       1.665614982521e-02       4.780409430797e+03 
       1.678269012333e-02       4.778634659645e+03 
       1.690927704689e-02       4.776551680690e+03 
       1.703591127819e-02       4.774233434104e+03 
       1.716259352159e-02       4.771627285288e+03 
       1.728932450374e-02       4.768704032378e+03 
       1.741610497386e-02       4.765586762459e+03 
       1.754293570405e-02       4.762141275168e+03 
       1.766981748952e-02       4.758494681036e+03 
       1.779675114898e-02       4.754524689886e+03 
       1.792373752492e-02       4.750350061972e+03 
       1.805077748398e-02       4.745961418748e+03 
       1.817787191730e-02       4.741249196162e+03 
       1.830502174092e-02       4.736342008005e+03 
       1.843222789617e-02       4.731197087979e+03 
       1.855949135006e-02       4.725855497043e+03 
       1.868681309576e-02       4.720250268185e+03 
       1.881419415301e-02       4.714408570447e+03 
       1.894163556861e-02       4.708351441498e+03 
       1.906913841689e-02       4.702094257302e+03 
       1.919670380023e-02       4.695600906350e+03 
       1.932433284956e-02       4.688905683344e+03 
       1.945202672494e-02       4.682000086126e+03 
       1.957978661606e-02       4.674898757265e+03 
       1.970761374289e-02       4.667594232455e+03 
       1.983550935622e-02       4.660094544995e+03 
       1.996347473831e-02       4.652397302851e+03 
       2.009151120355e-02       4.644499627533e+03 
       2.021962009907e-02       4.636439534698e+03 
       2.034780280547e-02       4.628179286474e+03 
       2.047606073751e-02       4.619735893642e+03 
       2.060439534485e-02       4.611127724141e+03 
       2.073280811277e-02       4.602345936678e+03 
       2.086130056300e-02       4.593402844042e+03 
       2.098987425448e-02       4.584275927239e+03 
       2.111853078422e-02       4.574994163914e+03 
       2.124727178813e-02       4.565541256788e+03 
       2.137609894190e-02       4.555943399455e+03 
       2.150501396195e-02       4.546180514061e+03 
       2.163401860629e-02       4.536275730076e+03 
       2.176311467559e-02       4.526234264938e+03 
       2.189230401408e-02       4.516023897544e+03 
       2.202158851064e-02       4.505687293434e+03 
       2.215097009984e-02       4.495200015174e+03 
       2.228045076304e-02       4.484587979648e+03 
       2.241003252953e-02       4.473832665992e+03 
       2.253971747764e-02       4.462940887842e+03 
       2.266950773604e-02       4.451935252632e+03 
       2.279940548487e-02       4.440811629591e+03 
       2.292941295712e-02       4.429553777651e+03 
       2.305953243985e-02       4.418169490254e+03 
       2.318976627563e-02       4.406685350615e+03 
       2.332011686393e-02       4.395077707593e+03 
       2.345058666253e-02       4.383359551844e+03 
       2.358117818904e-02       4.371523600058e+03 
       2.371189402246e-02       4.359607540044e+03 
       2.384273680475e-02       4.347569571567e+03 
       2.397370924251e-02       4.335430774573e+03 
       2.410481410862e-02       4.323196323871e+03 
       2.423605424406e-02       4.310865213693e+03 
       2.436743255969e-02       4.298449337325e+03 
       2.449895203811e-02       4.285934555363e+03 
       2.463061573564e-02       4.273327683434e+03 
       2.476242678429e-02       4.260632914926e+03 
       2.489438839382e-02       4.247861596470e+03 
       2.502650385392e-02       4.235006732903e+03 
       2.515877653636e-02       4.222076579987e+03 
       2.529120989734e-02       4.209072218709e+03 
       2.542380747979e-02       4.195978685847e+03 
       2.555657291588e-02       4.182826962122e+03 
       2.568950992951e-02       4.169601717340e+03 
       2.582262233895e-02       4.156272445621e+03 
       2.595591405954e-02       4.142947571187e+03 
       2.608938910650e-02       4.129513313577e+03 
       2.622305159786e-02       4.116038371707e+03 
       2.635690575744e-02       4.102476862794e+03 
       2.649095591801e-02       4.088874283686e+03 
       2.662520652450e-02       4.075227842892e+03 
       2.675966213736e-02       4.061507398523e+03 
       2.689432743605e-02       4.047742064059e+03 
       2.702920722264e-02       4.033927834246e+03 
       2.716430642557e-02       4.020070539750e+03 
       2.729963010350e-02       4.006151157458e+03 
       2.743518344938e-02       3.992189166600e+03 
       2.757097179463e-02       3.978201322345e+03 
       2.770700061346e-02       3.964149125427e+03 
       2.784327552742e-02       3.950084463272e+03 
       2.797980231011e-02       3.935959267026e+03 
       2.811658689200e-02       3.921824391682e+03 
       2.825363536557e-02       3.907639555504e+03 
       2.839095399053e-02       3.893412858927e+03 
       2.852854919938e-02       3.879164084731e+03 
       2.866642760306e-02       3.864897929920e+03 
       2.880459599693e-02       3.850595313771e+03 
       2.894306136697e-02       3.836269917773e+03 
       2.908183089623e-02       3.821914158987e+03 
       2.922091197155e-02       3.807529910247e+03 
       2.936031219060e-02       3.793123971360e+03 
       2.950003936914e-02       3.778696356590e+03 
       2.964010154871e-02       3.764262026016e+03 
       2.978050700456e-02       3.749811519492e+03 
       2.992126425397e-02       3.735336896277e+03 
       3.006238206491e-02       3.720833335830e+03 
       3.020386946515e-02       3.706338164515e+03 
       3.034573575170e-02       3.691820077759e+03 
       3.048799050075e-02       3.677284190208e+03 
       3.063064357799e-02       3.662738242809e+03 
       3.077370514954e-02       3.648179984603e+03 
       3.091718569320e-02       3.633639547780e+03 
       3.106109601043e-02       3.619057757611e+03 
       3.120544723876e-02       3.604491405746e+03 
       3.135025086488e-02       3.589922877315e+03 
       3.149551873830e-02       3.575339437852e+03 
       3.164126308575e-02       3.560736196701e+03 
       3.178749652624e-02       3.546154972316e+03 
       3.193423208691e-02       3.531558099842e+03 
       3.208148321967e-02       3.516954379693e+03 
       3.222926381867e-02       3.502378102435e+03 
       3.237758823870e-02       3.487791972301e+03 
       3.252647131456e-02       3.473222932793e+03 
       3.267592838139e-02       3.458630534072e+03 
       3.282597529617e-02       3.444035741234e+03 
       3.297662846032e-02       3.429451613883e+03 
       3.312790484351e-02       3.414887493456e+03 
       3.327982200886e-02       3.400316759611e+03 
       3.343239813946e-02       3.385740281858e+03 
       3.358565206645e-02       3.371180940503e+03 
       3.373960329860e-02       3.356632162060e+03 
       3.389427205373e-02       3.342091795996e+03 
       3.404967929183e-02       3.327549929737e+03 
       3.420584675016e-02       3.313027401494e+03 
       3.436279698052e-02       3.298501390155e+03 
       3.452055338865e-02       3.283987886236e+03 
       3.467914027608e-02       3.269471652610e+03 
       3.483858288458e-02       3.254983774010e+03 
       3.499890744337e-02       3.240497263407e+03 
       3.516014121926e-02       3.226016481658e+03 
       3.532231257010e-02       3.211554215640e+03 
       3.548545100158e-02       3.197096388316e+03 
       3.564958722785e-02       3.182651957189e+03 
       3.581475323610e-02       3.168212253537e+03 
       3.598098235552e-02       3.153785405525e+03 
       3.614830933092e-02       3.139361337192e+03 
       3.631677040150e-02       3.124959806503e+03 
       3.648640338511e-02       3.110561169824e+03 
       3.665724776843e-02       3.096172075186e+03 
       3.682934480372e-02       3.081797618080e+03 
       3.700273761257e-02       3.067417436472e+03 
       3.717747129741e-02       3.053057141865e+03 
       3.735359306125e-02       3.038702193859e+03 
       3.753115233669e-02       3.024358290078e+03 
       3.771020092475e-02       3.010024455955e+03 
       3.789079314475e-02       2.995687841121e+03 
       3.807298599596e-02       2.981367136426e+03 
       3.825683933246e-02       2.967044797829e+03 
       3.844241605221e-02       2.952730283002e+03 
       3.862978230205e-02       2.938427616091e+03 
       3.881900769994e-02       2.924121149812e+03 
       3.901016557640e-02       2.909823220051e+03 
       3.920333323705e-02       2.895512053148e+03 
       3.939859224859e-02       2.881220198322e+03 
       3.959602875058e-02       2.866925277492e+03 
       3.979573379598e-02       2.852612396534e+03 
       3.999780372362e-02       2.838305559554e+03 
       4.020234056615e-02       2.824007455982e+03 
       4.040945249762e-02       2.809694718160e+03 
       4.061925432541e-02       2.795366276710e+03 
       4.083186803157e-02       2.781034811828e+03 
       4.104742336992e-02       2.766700024530e+03 
       4.126605852553e-02       2.752352681318e+03 
       4.148792084466e-02       2.737985524767e+03 
       4.171316764413e-02       2.723600526880e+03 
       4.194196711067e-02       2.709197074570e+03 
       4.217449930223e-02       2.694773076776e+03 
       4.241095726528e-02       2.680327079657e+03 
       4.265154828431e-02       2.665849940011e+03 
       4.289649528238e-02       2.651349400641e+03 
       4.314603839480e-02       2.636815152130e+03 
       4.340043674179e-02       2.622246727609e+03 
       4.365997043041e-02       2.607623666343e+03 
       4.392494282161e-02       2.592970660899e+03 
       4.419568310462e-02       2.578269255518e+03 
       4.447254922910e-02       2.563499879189e+03 
       4.475593125466e-02       2.548696367130e+03 
       4.504625518961e-02       2.533799709143e+03 
       4.534398740464e-02       2.518859827205e+03 
       4.564963972515e-02       2.503825058577e+03 
       4.596377532751e-02       2.488714494926e+03 
       4.628701559154e-02       2.473501759778e+03 
       4.662004809513e-02       2.458204554725e+03 
       4.696363597875e-02       2.442794854197e+03 
       4.731862896028e-02       2.427247292513e+03 
       4.768597634693e-02       2.411579739998e+03 
       4.806674247450e-02       2.395766361431e+03 
       4.846212511102e-02       2.379793400799e+03 
       4.887347749634e-02       2.363630902873e+03 
       4.930233486194e-02       2.347275150924e+03 
       4.975044649438e-02       2.330705199176e+03 
       5.021981468560e-02       2.313876197392e+03 
       5.071274226732e-02       2.296778369849e+03 
       5.123189087248e-02       2.279367871197e+03 
       5.178035261792e-02       2.261597350002e+03 
       5.236173856606e-02       2.243419508387e+03 
       5.298028808294e-02       2.224768409120e+03 
       5.364100399446e-02       2.205554044845e+03 
       5.434981906601e-02       2.185712344061e+03 
       5.511379937008e-02       2.165088802344e+03 
       5.594138867535e-02       2.143527749008e+03 
       5.684269333237e-02       2.120823776599e+03 
       5.782979594177e-02       2.096698140745e+03 
       5.891706257277e-02       2.070781322775e+03 
       6.012136336845e-02       2.042581174819e+03 
       6.146204886189e-02       2.011430262537e+03 
       6.296040950467e-02       1.976464500813e+03 
       6.463822202813e-02       1.936569919504e+03 
       6.651496792028e-02       1.890439819360e+03 
       6.860364212746e-02       1.836673227390e+03 
       7.090600236422e-02       1.774108859255e+03 
       7.340937265208e-02       1.702273984467e+03 
       7.608742270290e-02       1.621802376168e+03 
       7.890542130116e-02       1.534688713995e+03 
       8.182746655744e-02       1.443930045550e+03 
       8.482221341874e-02       1.353122918429e+03 
       8.786542304156e-02       1.265774213652e+03 
       9.093988064832e-02       1.184842174270e+03 
       9.403404278283e-02       1.112429642049e+03 
       9.714045393176e-02       1.049687914458e+03 
       1.002544123965e-01       9.968600531900e+02 
       1.033729969642e-01       9.534100925403e+02 
       1.064944091988e-01       9.182095268510e+02 
       1.096175480134e-01       8.896995379491e+02 
       1.127417414644e-01       8.660659203557e+02 
       1.158665802319e-01       8.454313350167e+02 
       1.189918151785e-01       8.259938894058e+02 
       1.221172946752e-01       8.062045550805e+02 
       1.252429263844e-01       7.848756468560e+02 
       1.283686540032e-01       7.613063508632e+02 
       1.314944431259e-01       7.352271286762e+02 
       1.346202726565e-01       7.068766286315e+02 
       1.377461295940e-01       6.768401910694e+02 
       1.408720058654e-01       6.459413473506e+02 
       1.439978964030e-01       6.151413549487e+02 
       1.471237979760e-01       5.853727252371e+02 
       1.502497084804e-01       5.574489570234e+02 
       1.533756265073e-01       5.320031875745e+02 
       1.565015510793e-01       5.094423898768e+02 
       1.596274814905e-01       4.899003793921e+02 
       1.627534172078e-01       4.732978150481e+02 
       1.658793578107e-01       4.593814044689e+02 
       1.690053029541e-01       4.477183391428e+02 
       1.721312523448e-01       4.377723987111e+02 
       1.752572057270e-01       4.289941127655e+02 
       1.783831628730e-01       4.208561585259e+02 
       1.815091235768e-01       4.128793144250e+02 
       1.846350876502e-01       4.045523767905e+02 
       1.877610549200e-01       3.955674568581e+02 
       1.908870252256e-01       3.857502638934e+02 
       1.940129984178e-01       3.750908974537e+02 
       1.971389743573e-01       3.637130009613e+02 
       2.002649529141e-01       3.518513852456e+02 
       2.033909339662e-01       3.397976762501e+02 
       2.065169173992e-01       3.278629760976e+02 
       2.096429031059e-01       3.163246360770e+02 
       2.127688909852e-01       3.054109013966e+02 
       2.158948809419e-01       2.953035952118e+02 
       2.190208728865e-01       2.861047716198e+02 
       2.221468667345e-01       2.778577625329e+02 
       2.252728624060e-01       2.705551861790e+02 
       2.283988598258e-01       2.641135479889e+02 
       2.315248589224e-01       2.584255592739e+02 
       2.346508596284e-01       2.533302459388e+02 
       2.377768618800e-01       2.486445291550e+02 
       2.409028656166e-01       2.441877489281e+02 
       2.440288707807e-01       2.397988940442e+02 
       2.471548773179e-01       2.353437267542e+02 
       2.502808851764e-01       2.307319740202e+02 
       2.534068943069e-01       2.259162849568e+02 
       2.565329046628e-01       2.208868499455e+02 
       2.596589161994e-01       2.156683729417e+02 
       2.627849288744e-01       2.103119214618e+02 
       2.659109426475e-01       2.048934868353e+02 
       2.690369574800e-01       1.995008766520e+02 
       2.721629733354e-01       1.942268123423e+02 
       2.752889901785e-01       1.891558083793e+02 
       2.784150079759e-01       1.843622786723e+02 
       2.815410266957e-01       1.798876178076e+02 
       2.846670463073e-01       1.757507304490e+02 
       2.877930667814e-01       1.719506147372e+02 
       2.909190880901e-01       1.684551326984e+02 
       2.940451102068e-01       1.652258579895e+02 
       2.971711331056e-01       1.622143071879e+02 
       3.002971567621e-01       1.593698094603e+02 
       3.034231811528e-01       1.566393481763e+02 
       3.065492062550e-01       1.539744436316e+02 
       3.096752320471e-01       1.513302108068e+02 
       3.128012585084e-01       1.486726852691e+02 
       3.159272856188e-01       1.459775742466e+02 
       3.190533133592e-01       1.432375934488e+02 
       3.221793417112e-01       1.404573576168e+02 
       3.253053706570e-01       1.376541820387e+02 
       3.284314001797e-01       1.348519609051e+02 
       3.315574302627e-01       1.320760452097e+02 
       3.346834608904e-01       1.293537278243e+02 
       3.378094920476e-01       1.267060510727e+02 
       3.409355237195e-01       1.241527167615e+02 
       3.440615558922e-01       1.217076977577e+02 
       3.471875885521e-01       1.193806616331e+02 
       3.503136216860e-01       1.171756958594e+02 
       3.534396552813e-01       1.150901072209e+02 
       3.565656893258e-01       1.131146639302e+02 
       3.596917238078e-01       1.112333882824e+02 
       3.628177587159e-01       1.094289519445e+02 
       3.659437940391e-01       1.076815070057e+02 
       3.690698297668e-01       1.059738981258e+02 
       3.721958658889e-01       1.042926556807e+02 
       3.753219023954e-01       1.026285140560e+02 
       3.784479392767e-01       1.009749177747e+02 
       3.815739765236e-01       9.932955590526e+01 
       3.847000141272e-01       9.769100805133e+01 
       3.878260520788e-01       9.606050544533e+01 
       3.909520903699e-01       9.444195600816e+01 
       3.940781289926e-01       9.284097997182e+01 
       3.972041679389e-01       9.126543685943e+01 
       4.003302072013e-01       8.972299415455e+01 
       4.034562467723e-01       8.822063741750e+01 
       4.065822866448e-01       8.676292901608e+01 
       4.097083268118e-01       8.535215953310e+01 
       4.128343672668e-01       8.398843532796e+01 
       4.159604080031e-01       8.266967251141e+01 
       4.190864490144e-01       8.139417189340e+01 
       4.222124902946e-01       8.016044826457e+01 
       4.253385318378e-01       7.896439727231e+01 
       4.284645736381e-01       7.780291475413e+01 
       4.315906156900e-01       7.667165133413e+01 
       4.347166579880e-01       7.556541677303e+01 
       4.378427005269e-01       7.447907242742e+01 
       4.409687433014e-01       7.340828183026e+01 
       4.440947863066e-01       7.235035532552e+01 
       4.472208295377e-01       7.130405511912e+01 
       4.503468729899e-01       7.026966346012e+01 
       4.534729166586e-01       6.924801770353e+01 
       4.565989605393e-01       6.824018353774e+01 
       4.597250046278e-01       6.724716549344e+01 
       4.628510489198e-01       6.627011299538e+01 
       4.659770934112e-01       6.531031307527e+01 
       4.691031380980e-01       6.436947984216e+01 
       4.722291829763e-01       6.344983778783e+01 
       4.753552280423e-01       6.255281740271e+01 
       4.784812732924e-01       6.167998757289e+01 
       4.816073187228e-01       6.083070089352e+01 
       4.847333643302e-01       6.000377351209e+01 
       4.878594101111e-01       5.919728097135e+01 
       4.909854560621e-01       5.840848777911e+01 
       4.941115021801e-01       5.763688213542e+01 
       4.972375484619e-01       5.687961391308e+01 
       5.003635949045e-01       5.613609427375e+01 
       5.034896415047e-01       5.540529066628e+01 
       5.066156882597e-01       5.468610682097e+01 
       5.097417351666e-01       5.397720406194e+01 
       5.128677822226e-01       5.327791303351e+01 
       5.159938294251e-01       5.258767209909e+01 
       5.191198767713e-01       5.190660980367e+01 
       5.222459242587e-01       5.123569721735e+01 
       5.253719718848e-01       5.057584533307e+01 
       5.284980196470e-01       4.992789233515e+01 
       5.316240675430e-01       4.929225291121e+01 
       5.347501155704e-01       4.866890027679e+01 
       5.378761637270e-01       4.805726476101e+01 
       5.410022120104e-01       4.745664445951e+01 
       5.441282604185e-01       4.686791053282e+01 
       5.472543089491e-01       4.629052526618e+01 
       5.503803576002e-01       4.572444877603e+01 
       5.535064063696e-01       4.516958027868e+01 
       5.566324552555e-01       4.462537136053e+01 
       5.597585042558e-01       4.409108457160e+01 
       5.628845533686e-01       4.356571409858e+01 
       5.660106025921e-01       4.304854329985e+01 
       5.691366519245e-01       4.253913335758e+01 
       5.722627013639e-01       4.203743736650e+01 
       5.753887509085e-01       4.154351338409e+01 
       5.785148005568e-01       4.105739423002e+01 
       5.816408503069e-01       4.057885017801e+01 
       5.847669001574e-01       4.010747488362e+01 
       5.878929501065e-01       3.964290764310e+01 
       5.910190001527e-01       3.918497539359e+01 
       5.941450502944e-01       3.873378035505e+01 
       5.972711005302e-01       3.828963743745e+01 
       6.003971508586e-01       3.785297309334e+01 
       6.035232012781e-01       3.742390997054e+01 
       6.066492517874e-01       3.700234959041e+01 
       6.097753023850e-01       3.658797322696e+01 
       6.129013530696e-01       3.618032948521e+01 
       6.160274038398e-01       3.577907286593e+01 
       6.191534546944e-01       3.538400922226e+01 
       6.222795056321e-01       3.499522680434e+01 
       6.254055566517e-01       3.461275069236e+01 
       6.285316077518e-01       3.423647863405e+01 
       6.316576589314e-01       3.386616541830e+01 
       6.347837101892e-01       3.350136613734e+01 
       6.379097615240e-01       3.314165764277e+01 
       6.410358129349e-01       3.278681663378e+01 
       6.441618644205e-01       3.243676264517e+01 
       6.472879159800e-01       3.209164799046e+01 
       6.504139676121e-01       3.175168188314e+01 
       6.535400193159e-01       3.141690578759e+01 
       6.566660710903e-01       3.108716185074e+01 
       6.597921229343e-01       3.076225707782e+01 
       6.629181748469e-01       3.044189117883e+01 
       6.660442268272e-01       3.012590918524e+01 
       6.691702788742e-01       2.981434577188e+01 
       6.722963309870e-01       2.950735501144e+01 
       6.754223831646e-01       2.920506903124e+01 
       6.785484354062e-01       2.890747494962e+01 
       6.816744877109e-01       2.861442021890e+01 
       6.848005400778e-01       2.832562142818e+01 
       6.879265925060e-01       2.804075014089e+01 
       6.910526449948e-01       2.775969939084e+01 
       6.941786975433e-01       2.748240091394e+01 
       6.973047501507e-01       2.720894497366e+01 
       7.004308028162e-01       2.693941898284e+01 
       7.035568555390e-01       2.667379477139e+01 
       7.066829083185e-01       2.641191636698e+01 
       7.098089611537e-01       2.615358471597e+01 
       7.129350140440e-01       2.589855028162e+01 
       7.160610669888e-01       2.564670189277e+01 
       7.191871199871e-01       2.539807588204e+01 
       7.223131730384e-01       2.515277625006e+01 
       7.254392261420e-01       2.491092430340e+01 
       7.285652792972e-01       2.467254396096e+01 
       7.316913325034e-01       2.443748216718e+01 
       7.348173857598e-01       2.420556723238e+01 
       7.379434390658e-01       2.397659623865e+01 
       7.410694924209e-01       2.375045680660e+01 
       7.441955458244e-01       2.352718475698e+01 
       7.473215992756e-01       2.330687414800e+01 
       7.504476527741e-01       2.308957722259e+01 
       7.535737063191e-01       2.287530561166e+01 
       7.566997599102e-01       2.266393798228e+01 
       7.598258135467e-01       2.245526373828e+01 
       7.629518672281e-01       2.224911940609e+01 
       7.660779209538e-01       2.204543559115e+01 
       7.692039747234e-01       2.184422261777e+01 
       7.723300285362e-01       2.164560931431e+01 
       7.754560823917e-01       2.144959712960e+01 
       7.785821362895e-01       2.125611220494e+01 
       7.817081902290e-01       2.106531762562e+01 
       7.848342442097e-01       2.087679161220e+01 
       7.879602982312e-01       2.069046742237e+01 
       7.910863522928e-01       2.050629494964e+01 
       7.942124063943e-01       2.032432727613e+01 
       7.973384605351e-01       2.014452555345e+01 
       8.004645147147e-01       1.996715893405e+01 
       8.035905689326e-01       1.979211494546e+01 
       8.067166231885e-01       1.961929419942e+01 
       8.098426774820e-01       1.944849205129e+01 
       8.129687318124e-01       1.927973147552e+01 
       8.160947861795e-01       1.911285660138e+01 
       8.192208405829e-01       1.894790174315e+01 
       8.223468950220e-01       1.878498145074e+01 
       8.254729494965e-01       1.862412930443e+01 
       8.285990040060e-01       1.846531075080e+01 
       8.317250585502e-01       1.830844249656e+01 
       8.348511131285e-01       1.815339593403e+01 
       8.379771677406e-01       1.800005293608e+01 
       8.411032223862e-01       1.784838555682e+01 
       8.442292770649e-01       1.769842406110e+01 
       8.473553317763e-01       1.755025186441e+01 
       8.504813865200e-01       1.740391043110e+01 
       8.536074412957e-01       1.725937428783e+01 
       8.567334961031e-01       1.711655035894e+01 
       8.598595509417e-01       1.697534462219e+01 
       8.629856058113e-01       1.683565303568e+01 
       8.661116607116e-01       1.669745229908e+01 
       8.692377156421e-01       1.656078364208e+01 
       8.723637706026e-01       1.642571795034e+01 
       8.754898255927e-01       1.629227743781e+01 
       8.786158806121e-01       1.616047659899e+01 
       8.817419356605e-01       1.603017897621e+01 
       8.848679907377e-01       1.590131335909e+01 
       8.879940458432e-01       1.577380681262e+01 
       8.911201009769e-01       1.564761711689e+01 
       8.942461561383e-01       1.552284147487e+01 
       8.973722113273e-01       1.539940252832e+01 
       9.004982665435e-01       1.527744395468e+01 
       9.036243217866e-01       1.515694534774e+01 
       9.067503770564e-01       1.503778539853e+01 
       9.098764323526e-01       1.491989306965e+01 
       9.130024876749e-01       1.480318903506e+01 
       9.161285430230e-01       1.468768137776e+01 
       9.192545983968e-01       1.457339576074e+01 
       9.223806537958e-01       1.446037986613e+01 
       9.255067092199e-01       1.434873696421e+01 
       9.286327646689e-01       1.423833304759e+01 
       9.317588201424e-01       1.412903410358e+01 
       9.348848756402e-01       1.402093747269e+01 
       9.380109311621e-01       1.391390769750e+01 
       9.411369867078e-01       1.380793865560e+01 
       9.442630422771e-01       1.370307235046e+01 
       9.473890978698e-01       1.359936011520e+01 
       9.505151534856e-01       1.349674492696e+01 
       9.536412091243e-01       1.339534729463e+01 
       9.567672647857e-01       1.329509138634e+01 
       9.598933204696e-01       1.319577907299e+01 
       9.630193761757e-01       1.309741137849e+01 
       9.661454319038e-01       1.300000389936e+01 
       9.692714876537e-01       1.290358226859e+01 
       9.723975434252e-01       1.280811068186e+01 
       9.755235992181e-01       1.271378755320e+01 
       9.786496550322e-01       1.262059335951e+01 
       9.817757108673e-01       1.252824374185e+01 
       9.849017667231e-01       1.243680151394e+01 
       9.880278225995e-01       1.234621212841e+01 
       9.911538784963e-01       1.225645455648e+01 
       9.942799344134e-01       1.216762338179e+01 
       9.974059903504e-01       1.207972634376e+01 
       1.000532046307e+00       1.199277432814e+01 
       1.003658102284e+00       1.190673966951e+01 
       1.006784158280e+00       1.182158046379e+01 
       1.009910214295e+00       1.173722551983e+01 
       1.013036270329e+00       1.165363925224e+01 
       1.016162326382e+00       1.157085112974e+01 
       1.019288382454e+00       1.148885407058e+01 
       1.022414438545e+00       1.140770322480e+01 
       1.025540494654e+00       1.132740846152e+01 
       1.028666550781e+00       1.124790973600e+01 
       1.031792606926e+00       1.116922405353e+01 
       1.034918663089e+00       1.109126040865e+01 
       1.038044719270e+00       1.101399241589e+01 
       1.041170775468e+00       1.093742750378e+01 
       1.044296831684e+00       1.086160072614e+01 
       1.047422887917e+00       1.078654167610e+01 
       1.050548944167e+00       1.071225777473e+01 
       1.053675000434e+00       1.063872712095e+01 
       1.056801056718e+00       1.056589617802e+01 
       1.059927113019e+00       1.049371623298e+01 
       1.063053169336e+00       1.042216777310e+01 
       1.066179225670e+00       1.035125921188e+01 
       1.069305282019e+00       1.028102658683e+01 
       1.072431338385e+00       1.021148775950e+01 
       1.075557394767e+00       1.014265873530e+01 
       1.078683451164e+00       1.007450403103e+01 
       1.081809507577e+00       1.000698448155e+01 
       1.084935564006e+00       9.940054413438e+00 
       1.088061620450e+00       9.873704242376e+00 
       1.091187676910e+00       9.807929785182e+00 
       1.094313733384e+00       9.742768994008e+00 
       1.097439789873e+00       9.678244191292e+00 
       1.100565846378e+00       9.614363259112e+00 
       1.367842016088e+00       5.767190971542e+00 
       1.720985182451e+00       3.329756497976e+00 
       2.166579374803e+00       1.902926840483e+00 
       2.727561803545e+00       1.078904090353e+00 
       3.433796866714e+00       6.073084965216e-01 
       4.322894134445e+00       3.396144543370e-01 
       5.442201278349e+00       1.887845236792e-01 
       6.851325485412e+00       1.043684280753e-01 
       8.625307758058e+00       5.741104527429e-02 
       1.085861912116e+01       3.143497004627e-02 
