# Matter power spectrum P(k) at redshift z=0
# for k=1.01776e-05 to 10.8586 h/Mpc,
# number of wavenumbers equal to 728
#    1:k (h/Mpc)              2:P (Mpc/h)^3        
       1.017762622183e-05       5.237970775990e+01 
       2.270599619585e-05       1.136200180546e+02 
       3.527608514283e-05       1.738157789669e+02 
       4.791988385778e-05       2.335909319429e+02 
       6.066988421975e-05       2.932993702229e+02 
       7.355935332593e-05       3.532053913082e+02 
       8.662261594150e-05       4.135342210359e+02 
       9.989534883415e-05       4.744926638210e+02 
       1.134148905905e-04       5.362796175886e+02 
       1.272205705424e-04       5.990923905646e+02 
       1.413540604450e-04       6.631310329833e+02 
       1.558597525164e-04       7.286016720975e+02 
       1.707851673344e-04       7.957193124077e+02 
       1.861813948374e-04       8.647103761885e+02 
       2.021035712214e-04       9.358151080670e+02 
       2.186113937793e-04       1.009289939147e+03 
       2.357696745644e-04       1.085409847811e+03 
       2.536489320239e-04       1.164470743693e+03 
       2.723260172576e-04       1.246791860369e+03 
       2.918847680560e-04       1.332718128687e+03 
       3.124166791059e-04       1.422622477754e+03 
       3.340215703985e-04       1.516907983871e+03 
       3.568082276376e-04       1.616009704074e+03 
       3.808949780657e-04       1.720396088031e+03 
       4.064101524856e-04       1.830569667941e+03 
       4.334923695260e-04       1.947066801662e+03 
       4.622905620153e-04       2.070456090664e+03 
       4.929636490547e-04       2.201335087794e+03 
       5.256797433982e-04       2.340324846149e+03 
       5.606147756581e-04       2.488061855992e+03 
       5.979504195942e-04       2.645186990541e+03 
       6.378712222315e-04       2.812331138349e+03 
       6.805608847774e-04       2.990097505583e+03 
       7.261977096468e-04       3.179040806413e+03 
       7.749493255645e-04       3.379644098841e+03 
       8.269669200523e-04       3.592294380382e+03 
       8.823793310846e-04       3.817258684080e+03 
       9.412874532796e-04       4.054662681267e+03 
       1.003759470115e-03       4.304474118433e+03 
       1.069827407121e-03       4.566492890878e+03 
       1.139485399650e-03       4.840349537484e+03 
       1.212689891188e-03       5.125512528023e+03 
       1.289361754710e-03       5.421304147043e+03 
       1.369390105154e-03       5.726895838275e+03 
       1.452637391706e-03       6.041401864625e+03 
       1.538945256643e-03       6.363870757898e+03 
       1.628140633441e-03       6.693301445752e+03 
       1.720041619037e-03       7.028682562227e+03 
       1.814462767214e-03       7.369015819620e+03 
       1.911219581325e-03       7.713334811740e+03 
       2.010132108911e-03       8.060719815054e+03 
       2.111027641521e-03       8.410307596390e+03 
       2.213742593189e-03       8.761298348386e+03 
       2.318123671520e-03       9.112958305150e+03 
       2.424028471503e-03       9.464620299478e+03 
       2.531325620865e-03       9.815682341453e+03 
       2.639894593864e-03       1.016560507982e+04 
       2.749625293107e-03       1.051390860974e+04 
       2.860417480214e-03       1.086016658058e+04 
       2.972180118218e-03       1.120400371881e+04 
       3.084830672812e-03       1.154509080336e+04 
       3.198294406405e-03       1.188313972428e+04 
       3.312503688439e-03       1.221790038287e+04 
       3.427397337294e-03       1.254915528994e+04 
       3.542920003058e-03       1.287671590704e+04 
       3.659021595992e-03       1.320042151168e+04 
       3.775656762429e-03       1.352013502175e+04 
       3.892784407700e-03       1.383573634432e+04 
       4.010367264318e-03       1.414713083316e+04 
       4.128371502794e-03       1.445423296731e+04 
       4.246766381999e-03       1.475697790625e+04 
       4.365523935796e-03       1.505530842322e+04 
       4.484618692657e-03       1.534918494796e+04 
       4.604027425075e-03       1.563856618944e+04 
       4.723728925759e-03       1.592338348402e+04 
       4.843703807817e-03       1.620373398779e+04 
       4.963934326354e-03       1.647952612968e+04 
       5.084404219170e-03       1.675076691984e+04 
       5.205098564436e-03       1.701756725281e+04 
       5.326003653474e-03       1.727982526056e+04 
       5.447106876962e-03       1.753758610981e+04 
       5.568396623055e-03       1.779085103314e+04 
       5.689862186089e-03       1.803908500871e+04 
       5.811493684704e-03       1.828340295189e+04 
       5.933281988318e-03       1.852328289007e+04 
       6.055218651046e-03       1.875875173398e+04 
       6.177295852232e-03       1.898973657551e+04 
       6.299506342883e-03       1.921658134996e+04 
       6.421843397352e-03       1.943913685651e+04 
       6.544300769712e-03       1.965719681571e+04 
       6.666872654316e-03       1.987111903481e+04 
       6.789553650111e-03       2.008100467934e+04 
       6.912338728289e-03       2.028666120636e+04 
       7.035223202952e-03       2.048843027849e+04 
       7.158202704464e-03       2.068580503214e+04 
       7.281273155227e-03       2.087937583928e+04 
       7.404430747627e-03       2.106913552152e+04 
       7.527671923940e-03       2.125497735508e+04 
       7.650993358003e-03       2.143648422925e+04 
       7.774391938469e-03       2.161407248638e+04 
       7.897864753509e-03       2.178816965858e+04 
       8.021409076804e-03       2.195815569858e+04 
       8.145022354722e-03       2.212465844111e+04 
       8.268702194548e-03       2.228817674517e+04 
       8.392446353698e-03       2.244716759232e+04 
       8.516252729795e-03       2.260257332499e+04 
       8.640119351552e-03       2.275448155666e+04 
       8.764044370380e-03       2.290266089192e+04 
       8.888026052660e-03       2.304650919084e+04 
       9.012062772612e-03       2.318780567603e+04 
       9.136153005724e-03       2.332564771500e+04 
       9.260295322681e-03       2.346088932619e+04 
       9.384488383755e-03       2.359200210497e+04 
       9.508730933617e-03       2.371972630024e+04 
       9.633021796538e-03       2.384419154782e+04 
       9.757359871947e-03       2.396434451719e+04 
       9.881744130310e-03       2.408292740764e+04 
       1.000617360931e-02       2.419823697826e+04 
       1.013064741032e-02       2.430942182727e+04 
       1.025516469508e-02       2.441856004407e+04 
       1.037972468271e-02       2.452342520382e+04 
       1.050432664681e-02       2.462605557626e+04 
       1.062896991285e-02       2.472612838755e+04 
       1.075365385574e-02       2.482291120014e+04 
       1.087837789751e-02       2.491548514202e+04 
       1.100314150524e-02       2.500627071726e+04 
       1.112794418904e-02       2.509451308702e+04 
       1.125278550026e-02       2.517950861853e+04 
       1.137766502974e-02       2.526110808048e+04 
       1.150258240626e-02       2.534160361342e+04 
       1.162753729503e-02       2.541902179869e+04 
       1.175252939633e-02       2.549256914396e+04 
       1.187755844422e-02       2.556463045824e+04 
       1.200262420535e-02       2.563323461370e+04 
       1.212772647786e-02       2.569954888348e+04 
       1.225286509034e-02       2.576272713936e+04 
       1.237803990087e-02       2.582393790752e+04 
       1.250325079614e-02       2.588303553046e+04 
       1.262849769063e-02       2.593841465233e+04 
       1.275378052582e-02       2.599169191375e+04 
       1.287909926952e-02       2.604425663320e+04 
       1.300445391520e-02       2.609342043408e+04 
       1.312984448136e-02       2.613999655898e+04 
       1.325527101102e-02       2.618429196177e+04 
       1.338073357118e-02       2.622499004762e+04 
       1.350623225238e-02       2.626476152789e+04 
       1.363176716822e-02       2.630286788825e+04 
       1.375733845503e-02       2.633842886759e+04 
       1.388294627146e-02       2.637188481064e+04 
       1.400859079823e-02       2.640255300382e+04 
       1.413427223778e-02       2.643022580404e+04 
       1.425999081403e-02       2.645839594609e+04 
       1.438574677219e-02       2.648291661953e+04 
       1.451154037852e-02       2.650566541458e+04 
       1.463737192019e-02       2.652600235664e+04 
       1.476324170512e-02       2.654456597897e+04 
       1.488915006186e-02       2.656076927588e+04 
       1.501509733954e-02       2.657575232327e+04 
       1.514108390773e-02       2.658742690741e+04 
       1.526711015644e-02       2.659892268383e+04 
       1.539317649608e-02       2.660733413526e+04 
       1.551928335748e-02       2.661449986005e+04 
       1.564543119185e-02       2.662006201892e+04 
       1.577162047089e-02       2.662403052619e+04 
       1.589785168677e-02       2.662657483613e+04 
       1.602412535228e-02       2.662568489345e+04 
       1.615044200085e-02       2.662385766621e+04 
       1.627680218673e-02       2.662077745403e+04 
       1.640320648507e-02       2.661591347726e+04 
       1.652965549208e-02       2.660923347721e+04 
       1.665614982521e-02       2.660061708015e+04 
       1.678269012333e-02       2.659075304663e+04 
       1.690927704689e-02       2.657934281767e+04 
       1.703591127819e-02       2.656635069214e+04 
       1.716259352159e-02       2.655295480336e+04 
       1.728932450374e-02       2.653575499915e+04 
       1.741610497386e-02       2.651818162285e+04 
       1.754293570405e-02       2.649960435992e+04 
       1.766981748952e-02       2.647871849442e+04 
       1.779675114898e-02       2.645738131391e+04 
       1.792373752492e-02       2.643411398386e+04 
       1.805077748398e-02       2.640908914020e+04 
       1.817787191730e-02       2.638352131787e+04 
       1.830502174092e-02       2.635603460014e+04 
       1.843222789617e-02       2.632739995997e+04 
       1.855949135006e-02       2.629802809107e+04 
       1.868681309576e-02       2.626690324835e+04 
       1.881419415301e-02       2.623443320947e+04 
       1.894163556861e-02       2.620074273740e+04 
       1.906913841689e-02       2.616572944112e+04 
       1.919670380023e-02       2.612897268798e+04 
       1.932433284956e-02       2.609173796636e+04 
       1.945202672494e-02       2.605362626654e+04 
       1.957978661606e-02       2.601379630363e+04 
       1.970761374289e-02       2.597317233042e+04 
       1.983550935622e-02       2.593154333367e+04 
       1.996347473831e-02       2.588932896307e+04 
       2.009151120355e-02       2.584501267016e+04 
       2.021962009907e-02       2.579994034245e+04 
       2.034780280547e-02       2.575385441633e+04 
       2.047606073751e-02       2.570750084499e+04 
       2.060439534485e-02       2.565956397470e+04 
       2.073280811277e-02       2.561084355240e+04 
       2.086130056300e-02       2.556076123279e+04 
       2.098987425448e-02       2.551013001734e+04 
       2.111853078422e-02       2.545802666205e+04 
       2.124727178813e-02       2.540540967010e+04 
       2.137609894190e-02       2.535199011035e+04 
       2.150501396195e-02       2.529773157003e+04 
       2.163401860629e-02       2.524261518192e+04 
       2.176311467559e-02       2.518666261709e+04 
       2.189230401408e-02       2.512985310938e+04 
       2.202158851064e-02       2.507305348581e+04 
       2.215097009984e-02       2.501403116218e+04 
       2.228045076304e-02       2.495559457860e+04 
       2.241003252953e-02       2.489513701816e+04 
       2.253971747764e-02       2.483459274260e+04 
       2.266950773604e-02       2.477333234607e+04 
       2.279940548487e-02       2.471195597355e+04 
       2.292941295712e-02       2.464879947907e+04 
       2.305953243985e-02       2.458542275296e+04 
       2.318976627563e-02       2.452158788249e+04 
       2.332011686393e-02       2.445694310093e+04 
       2.345058666253e-02       2.439175976141e+04 
       2.358117818904e-02       2.432591637809e+04 
       2.371189402246e-02       2.426001846968e+04 
       2.384273680475e-02       2.419264848165e+04 
       2.397370924251e-02       2.412517368232e+04 
       2.410481410862e-02       2.405703979948e+04 
       2.423605424406e-02       2.398847364562e+04 
       2.436743255969e-02       2.391938075146e+04 
       2.449895203811e-02       2.385005962373e+04 
       2.463061573564e-02       2.377960492881e+04 
       2.476242678429e-02       2.370897014344e+04 
       2.489438839382e-02       2.363791131135e+04 
       2.502650385392e-02       2.356663131646e+04 
       2.515877653636e-02       2.349473261888e+04 
       2.529120989734e-02       2.342221134827e+04 
       2.542380747979e-02       2.334918857612e+04 
       2.555657291588e-02       2.327611345675e+04 
       2.568950992951e-02       2.320265508954e+04 
       2.582262233895e-02       2.312828817639e+04 
       2.595591405954e-02       2.305406832773e+04 
       2.608938910650e-02       2.297935984996e+04 
       2.622305159786e-02       2.290471824143e+04 
       2.635690575744e-02       2.282919944875e+04 
       2.649095591801e-02       2.275356544734e+04 
       2.662520652450e-02       2.267727818909e+04 
       2.675966213736e-02       2.260101964664e+04 
       2.689432743605e-02       2.252456719326e+04 
       2.702920722264e-02       2.244747264336e+04 
       2.716430642557e-02       2.237046929149e+04 
       2.729963010350e-02       2.229312879553e+04 
       2.743518344938e-02       2.221526057312e+04 
       2.757097179463e-02       2.213753177470e+04 
       2.770700061346e-02       2.205934307659e+04 
       2.784327552742e-02       2.198097980503e+04 
       2.797980231011e-02       2.190237756066e+04 
       2.811658689200e-02       2.182365432409e+04 
       2.825363536557e-02       2.174480908531e+04 
       2.839095399053e-02       2.166558087854e+04 
       2.852854919938e-02       2.158631188390e+04 
       2.866642760306e-02       2.150691299420e+04 
       2.880459599693e-02       2.142730360748e+04 
       2.894306136697e-02       2.134758474187e+04 
       2.908183089623e-02       2.126786690623e+04 
       2.922091197155e-02       2.118785381996e+04 
       2.936031219060e-02       2.110750307705e+04 
       2.950003936914e-02       2.102726995703e+04 
       2.964010154871e-02       2.094712568735e+04 
       2.978050700456e-02       2.086644658601e+04 
       2.992126425397e-02       2.078615636486e+04 
       3.006238206491e-02       2.070526642434e+04 
       3.020386946515e-02       2.062475982227e+04 
       3.034573575170e-02       2.054391340408e+04 
       3.048799050075e-02       2.046292044028e+04 
       3.063064357799e-02       2.038210213714e+04 
       3.077370514954e-02       2.030113462652e+04 
       3.091718569320e-02       2.022020456888e+04 
       3.106109601043e-02       2.013893406205e+04 
       3.120544723876e-02       2.005800580693e+04 
       3.135025086488e-02       1.997679815132e+04 
       3.149551873830e-02       1.989565599996e+04 
       3.164126308575e-02       1.981446539029e+04 
       3.178749652624e-02       1.973335537575e+04 
       3.193423208691e-02       1.965204858587e+04 
       3.208148321967e-02       1.957078900569e+04 
       3.222926381867e-02       1.948967564702e+04 
       3.237758823870e-02       1.940853436508e+04 
       3.252647131456e-02       1.932739436979e+04 
       3.267592838139e-02       1.924626072975e+04 
       3.282597529617e-02       1.916503917230e+04 
       3.297662846032e-02       1.908387072922e+04 
       3.312790484351e-02       1.900279839902e+04 
       3.327982200886e-02       1.892171925781e+04 
       3.343239813946e-02       1.884063697440e+04 
       3.358565206645e-02       1.875963073566e+04 
       3.373960329860e-02       1.867863090824e+04 
       3.389427205373e-02       1.859771741803e+04 
       3.404967929183e-02       1.851687360999e+04 
       3.420584675016e-02       1.843598002854e+04 
       3.436279698052e-02       1.835513383994e+04 
       3.452055338865e-02       1.827434562762e+04 
       3.467914027608e-02       1.819365120364e+04 
       3.483858288458e-02       1.811299936917e+04 
       3.499890744337e-02       1.803244035038e+04 
       3.516014121926e-02       1.795175101329e+04 
       3.532231257010e-02       1.787130790378e+04 
       3.548545100158e-02       1.779085453249e+04 
       3.564958722785e-02       1.771053338619e+04 
       3.581475323610e-02       1.763017397099e+04 
       3.598098235552e-02       1.754988706342e+04 
       3.614830933092e-02       1.746962309736e+04 
       3.631677040150e-02       1.738945042486e+04 
       3.648640338511e-02       1.730932427119e+04 
       3.665724776843e-02       1.722925147293e+04 
       3.682934480372e-02       1.714926015114e+04 
       3.700273761257e-02       1.706922117403e+04 
       3.717747129741e-02       1.698935792194e+04 
       3.735359306125e-02       1.690947778336e+04 
       3.753115233669e-02       1.682966746057e+04 
       3.771020092475e-02       1.674984889455e+04 
       3.789079314475e-02       1.667005993579e+04 
       3.807298599596e-02       1.659036638639e+04 
       3.825683933246e-02       1.651066836816e+04 
       3.844241605221e-02       1.643103808659e+04 
       3.862978230205e-02       1.635141866653e+04 
       3.881900769994e-02       1.627179668235e+04 
       3.901016557640e-02       1.619223974905e+04 
       3.920333323705e-02       1.611265576591e+04 
       3.939859224859e-02       1.603306674653e+04 
       3.959602875058e-02       1.595351186797e+04 
       3.979573379598e-02       1.587404822824e+04 
       3.999780372362e-02       1.579425857925e+04 
       4.020234056615e-02       1.571469033518e+04 
       4.040945249762e-02       1.563504075808e+04 
       4.061925432541e-02       1.555529171693e+04 
       4.083186803157e-02       1.547560960220e+04 
       4.104742336992e-02       1.539579141443e+04 
       4.126605852553e-02       1.531595434561e+04 
       4.148792084466e-02       1.523600315668e+04 
       4.171316764413e-02       1.515595654796e+04 
       4.194196711067e-02       1.507579890630e+04 
       4.217449930223e-02       1.499549337811e+04 
       4.241095726528e-02       1.491511568231e+04 
       4.265154828431e-02       1.483449596197e+04 
       4.289649528238e-02       1.475379487182e+04 
       4.314603839480e-02       1.467292021923e+04 
       4.340043674179e-02       1.459183259477e+04 
       4.365997043041e-02       1.451044637956e+04 
       4.392494282161e-02       1.442898032945e+04 
       4.419568310462e-02       1.434710170855e+04 
       4.447254922910e-02       1.426490534295e+04 
       4.475593125466e-02       1.418254511412e+04 
       4.504625518961e-02       1.409961845883e+04 
       4.534398740464e-02       1.401639449691e+04 
       4.564963972515e-02       1.393270708306e+04 
       4.596377532751e-02       1.384878303674e+04 
       4.628701559154e-02       1.376400766950e+04 
       4.662004809513e-02       1.367903983084e+04 
       4.696363597875e-02       1.359318239471e+04 
       4.731862896028e-02       1.350661123742e+04 
       4.768597634693e-02       1.341952002341e+04 
       4.806674247450e-02       1.333170750041e+04 
       4.846212511102e-02       1.324273206032e+04 
       4.887347749634e-02       1.315291539811e+04 
       4.930233486194e-02       1.306144176318e+04 
       4.975044649438e-02       1.296956541378e+04 
       5.021981468560e-02       1.287587000748e+04 
       5.071274226732e-02       1.278076161358e+04 
       5.123189087248e-02       1.268385896721e+04 
       5.178035261792e-02       1.258470140991e+04 
       5.236173856606e-02       1.248379948072e+04 
       5.298028808294e-02       1.238003859898e+04 
       5.364100399446e-02       1.227325622178e+04 
       5.434981906601e-02       1.216283377681e+04 
       5.511379937008e-02       1.204802325947e+04 
       5.594138867535e-02       1.192781364527e+04 
       5.684269333237e-02       1.180142356748e+04 
       5.782979594177e-02       1.166713011449e+04 
       5.891706257277e-02       1.152285869573e+04 
       6.012136336845e-02       1.136607912505e+04 
       6.146204886189e-02       1.119272751180e+04 
       6.296040950467e-02       1.099812993455e+04 
       6.463822202813e-02       1.077591658423e+04 
       6.651496792028e-02       1.051919130695e+04 
       6.860364212746e-02       1.022022706264e+04 
       7.090600236422e-02       9.871897601071e+03 
       7.340937265208e-02       9.472412578024e+03 
       7.608742270290e-02       9.024731389556e+03 
       7.890542130116e-02       8.539806798777e+03 
       8.182746655744e-02       8.034836050613e+03 
       8.482221341874e-02       7.529643913163e+03 
       8.786542304156e-02       7.043534696191e+03 
       9.093988064832e-02       6.593269250555e+03 
       9.403404278283e-02       6.190184327557e+03 
       9.714045393176e-02       5.841056700980e+03 
       1.002544123965e-01       5.547268035169e+03 
       1.033729969642e-01       5.305380184442e+03 
       1.064944091988e-01       5.109522066513e+03 
       1.096175480134e-01       4.950880088960e+03 
       1.127417414644e-01       4.819340621036e+03 
       1.158665802319e-01       4.704487493169e+03 
       1.189918151785e-01       4.596400554311e+03 
       1.221172946752e-01       4.486203456858e+03 
       1.252429263844e-01       4.367475660081e+03 
       1.283686540032e-01       4.236366952635e+03 
       1.314944431259e-01       4.091276693811e+03 
       1.346202726565e-01       3.933490936562e+03 
       1.377461295940e-01       3.766322182173e+03 
       1.408720058654e-01       3.594360369658e+03 
       1.439978964030e-01       3.423009377286e+03 
       1.471237979760e-01       3.257447035403e+03 
       1.502497084804e-01       3.102036266430e+03 
       1.533756265073e-01       2.960385756618e+03 
       1.565015510793e-01       2.834891309839e+03 
       1.596274814905e-01       2.726119369486e+03 
       1.627534172078e-01       2.633764344898e+03 
       1.658793578107e-01       2.556291046100e+03 
       1.690053029541e-01       2.491416431516e+03 
       1.721312523448e-01       2.436080249554e+03 
       1.752572057270e-01       2.387180373699e+03 
       1.783831628730e-01       2.341883213279e+03 
       1.815091235768e-01       2.297487297773e+03 
       1.846350876502e-01       2.251190507166e+03 
       1.877610549200e-01       2.201217586077e+03 
       1.908870252256e-01       2.146583156240e+03 
       1.940129984178e-01       2.087264882993e+03 
       1.971389743573e-01       2.023919582126e+03 
       2.002649529141e-01       1.957896281232e+03 
       2.033909339662e-01       1.890822503556e+03 
       2.065169173992e-01       1.824442900657e+03 
       2.096429031059e-01       1.760254209371e+03 
       2.127688909852e-01       1.699491065705e+03 
       2.158948809419e-01       1.643275167408e+03 
       2.190208728865e-01       1.592099385635e+03 
       2.221468667345e-01       1.546201649331e+03 
       2.252728624060e-01       1.505543677065e+03 
       2.283988598258e-01       1.469710766660e+03 
       2.315248589224e-01       1.438043396530e+03 
       2.346508596284e-01       1.409677649264e+03 
       2.377768618800e-01       1.383609793695e+03 
       2.409028656166e-01       1.358805646689e+03 
       2.440288707807e-01       1.334408013292e+03 
       2.471548773179e-01       1.309587323683e+03 
       2.502808851764e-01       1.283954010469e+03 
       2.534068943069e-01       1.257122189514e+03 
       2.565329046628e-01       1.229134673139e+03 
       2.596589161994e-01       1.200134643102e+03 
       2.627849288744e-01       1.170294742713e+03 
       2.659109426475e-01       1.140146006152e+03 
       2.690369574800e-01       1.110170798103e+03 
       2.721629733354e-01       1.080791937448e+03 
       2.752889901785e-01       1.052593328634e+03 
       2.784150079759e-01       1.025902370205e+03 
       2.815410266957e-01       1.001006997440e+03 
       2.846670463073e-01       9.779989434240e+02 
       2.877930667814e-01       9.568361753534e+02 
       2.909190880901e-01       9.373883718522e+02 
       2.940451102068e-01       9.194149923461e+02 
       2.971711331056e-01       9.026596509348e+02 
       3.002971567621e-01       8.868271360527e+02 
       3.034231811528e-01       8.716428269749e+02 
       3.065492062550e-01       8.568034454283e+02 
       3.096752320471e-01       8.420883375280e+02 
       3.128012585084e-01       8.273256525371e+02 
       3.159272856188e-01       8.123051837952e+02 
       3.190533133592e-01       7.970562933597e+02 
       3.221793417112e-01       7.815857402265e+02 
       3.253053706570e-01       7.659872929317e+02 
       3.284314001797e-01       7.504173215854e+02 
       3.315574302627e-01       7.349499608910e+02 
       3.346834608904e-01       7.198136242426e+02 
       3.378094920476e-01       7.050682110018e+02 
       3.409355237195e-01       6.908680846351e+02 
       3.440615558922e-01       6.772526967701e+02 
       3.471875885521e-01       6.643044304134e+02 
       3.503136216860e-01       6.520345157829e+02 
       3.534396552813e-01       6.404445802891e+02 
       3.565656893258e-01       6.294509581716e+02 
       3.596917238078e-01       6.189701979554e+02 
       3.628177587159e-01       6.089276468929e+02 
       3.659437940391e-01       5.992026417982e+02 
       3.690698297668e-01       5.897002667908e+02 
       3.721958658889e-01       5.803435849066e+02 
       3.753219023954e-01       5.710987288217e+02 
       3.784479392767e-01       5.618839509804e+02 
       3.815739765236e-01       5.527276017356e+02 
       3.847000141272e-01       5.436097892585e+02 
       3.878260520788e-01       5.345342752462e+02 
       3.909520903699e-01       5.255393612421e+02 
       3.940781289926e-01       5.166321679281e+02 
       3.972041679389e-01       5.078525921097e+02 
       4.003302072013e-01       4.992709274051e+02 
       4.034562467723e-01       4.909112895772e+02 
       4.065822866448e-01       4.828015020645e+02 
       4.097083268118e-01       4.749531205764e+02 
       4.128343672668e-01       4.673644665792e+02 
       4.159604080031e-01       4.600244271558e+02 
       4.190864490144e-01       4.529243626001e+02 
       4.222124902946e-01       4.460591768259e+02 
       4.253385318378e-01       4.394039141383e+02 
       4.284645736381e-01       4.329413951231e+02 
       4.315906156900e-01       4.266457194769e+02 
       4.347166579880e-01       4.204898041832e+02 
       4.378427005269e-01       4.144447038954e+02 
       4.409687433014e-01       4.084846378357e+02 
       4.440947863066e-01       4.025987192483e+02 
       4.472208295377e-01       3.967771691189e+02 
       4.503468729899e-01       3.910207792438e+02 
       4.534729166586e-01       3.853355582678e+02 
       4.565989605393e-01       3.797364581033e+02 
       4.597250046278e-01       3.742047874561e+02 
       4.628510489198e-01       3.687653516441e+02 
       4.659770934112e-01       3.634245093800e+02 
       4.691031380980e-01       3.581893897844e+02 
       4.722291829763e-01       3.530770607754e+02 
       4.753552280423e-01       3.480812846272e+02 
       4.784812732924e-01       3.432261707675e+02 
       4.816073187228e-01       3.384997045059e+02 
       4.847333643302e-01       3.338988186628e+02 
       4.878594101111e-01       3.294088527122e+02 
       4.909854560621e-01       3.250257161443e+02 
       4.941115021801e-01       3.207253677208e+02 
       4.972375484619e-01       3.165111731636e+02 
       5.003635949045e-01       3.123737703028e+02 
       5.034896415047e-01       3.083071351359e+02 
       5.066156882597e-01       3.043051651029e+02 
       5.097417351666e-01       3.003604113398e+02 
       5.128677822226e-01       2.964691488294e+02 
       5.159938294251e-01       2.926282516499e+02 
       5.191198767713e-01       2.888384340328e+02 
       5.222459242587e-01       2.851050981154e+02 
       5.253719718848e-01       2.814333115843e+02 
       5.284980196470e-01       2.778277370847e+02 
       5.316240675430e-01       2.742906808057e+02 
       5.347501155704e-01       2.708219928341e+02 
       5.378761637270e-01       2.674263746233e+02 
       5.410022120104e-01       2.640823648420e+02 
       5.441282604185e-01       2.608012803786e+02 
       5.472543089491e-01       2.575876323086e+02 
       5.503803576002e-01       2.544428434505e+02 
       5.535064063696e-01       2.513571111150e+02 
       5.566324552555e-01       2.483208906409e+02 
       5.597585042558e-01       2.453478116964e+02 
       5.628845533686e-01       2.424243487923e+02 
       5.660106025921e-01       2.395465153752e+02 
       5.691366519245e-01       2.367118668248e+02 
       5.722627013639e-01       2.339201433947e+02 
       5.753887509085e-01       2.311716681817e+02 
       5.785148005568e-01       2.284666238171e+02 
       5.816408503069e-01       2.258037319507e+02 
       5.847669001574e-01       2.231807314128e+02 
       5.878929501065e-01       2.205956150095e+02 
       5.910190001527e-01       2.180474196991e+02 
       5.941450502944e-01       2.155366690731e+02 
       5.972711005302e-01       2.130652040790e+02 
       6.003971508586e-01       2.106353534703e+02 
       6.035232012781e-01       2.082478023613e+02 
       6.066492517874e-01       2.059020009030e+02 
       6.097753023850e-01       2.035961752822e+02 
       6.129013530696e-01       2.013278135423e+02 
       6.160274038398e-01       1.990949930866e+02 
       6.191534546944e-01       1.968966336230e+02 
       6.222795056321e-01       1.947332263003e+02 
       6.254055566517e-01       1.926049107795e+02 
       6.285316077518e-01       1.905111181630e+02 
       6.316576589314e-01       1.884504840506e+02 
       6.347837101892e-01       1.864205324556e+02 
       6.379097615240e-01       1.844189093958e+02 
       6.410358129349e-01       1.824443720219e+02 
       6.441618644205e-01       1.804964726189e+02 
       6.472879159800e-01       1.785760587736e+02 
       6.504139676121e-01       1.766842946861e+02 
       6.535400193159e-01       1.748214110634e+02 
       6.566660710903e-01       1.729865294806e+02 
       6.597921229343e-01       1.711785759294e+02 
       6.629181748469e-01       1.693958811520e+02 
       6.660442268272e-01       1.676375791604e+02 
       6.691702788742e-01       1.659038645429e+02 
       6.722963309870e-01       1.641955945766e+02 
       6.754223831646e-01       1.625135044465e+02 
       6.785484354062e-01       1.608575224585e+02 
       6.816744877109e-01       1.592267997957e+02 
       6.848005400778e-01       1.576197594603e+02 
       6.879265925060e-01       1.560345739264e+02 
       6.910526449948e-01       1.544706480290e+02 
       6.941786975433e-01       1.529276019477e+02 
       6.973047501507e-01       1.514059379748e+02 
       7.004308028162e-01       1.499061425295e+02 
       7.035568555390e-01       1.484280588640e+02 
       7.066829083185e-01       1.469708190773e+02 
       7.098089611537e-01       1.455333155313e+02 
       7.129350140440e-01       1.441141596632e+02 
       7.160610669888e-01       1.427127328305e+02 
       7.191871199871e-01       1.413292371635e+02 
       7.223131730384e-01       1.399642513304e+02 
       7.254392261420e-01       1.386184503092e+02 
       7.285652792972e-01       1.372919671735e+02 
       7.316913325034e-01       1.359839502348e+02 
       7.348173857598e-01       1.346934441184e+02 
       7.379434390658e-01       1.334193196796e+02 
       7.410694924209e-01       1.321609515830e+02 
       7.441955458244e-01       1.309185391551e+02 
       7.473215992756e-01       1.296926057889e+02 
       7.504476527741e-01       1.284834421993e+02 
       7.535737063191e-01       1.272911131207e+02 
       7.566997599102e-01       1.261149433972e+02 
       7.598258135467e-01       1.249537611611e+02 
       7.629518672281e-01       1.238066567541e+02 
       7.660779209538e-01       1.226732440198e+02 
       7.692039747234e-01       1.215535804038e+02 
       7.723300285362e-01       1.204483827706e+02 
       7.754560823917e-01       1.193576591849e+02 
       7.785821362895e-01       1.182809986477e+02 
       7.817081902290e-01       1.172193086530e+02 
       7.848342442097e-01       1.161702421670e+02 
       7.879602982312e-01       1.151334277787e+02 
       7.910863522928e-01       1.141085866611e+02 
       7.942124063943e-01       1.130960141952e+02 
       7.973384605351e-01       1.120954942265e+02 
       8.004645147147e-01       1.111085244925e+02 
       8.035905689326e-01       1.101344791475e+02 
       8.067166231885e-01       1.091728051362e+02 
       8.098426774820e-01       1.082223641959e+02 
       8.129687318124e-01       1.072832838248e+02 
       8.160947861795e-01       1.063546966240e+02 
       8.192208405829e-01       1.054367935505e+02 
       8.223468950220e-01       1.045302120316e+02 
       8.254729494965e-01       1.036351389346e+02 
       8.285990040060e-01       1.027513819843e+02 
       8.317250585502e-01       1.018784776952e+02 
       8.348511131285e-01       1.010157104260e+02 
       8.379771677406e-01       1.001624228616e+02 
       8.411032223862e-01       9.931845950710e+01 
       8.442292770649e-01       9.848398877587e+01 
       8.473553317763e-01       9.765947483720e+01 
       8.504813865200e-01       9.684514841548e+01 
       8.536074412957e-01       9.604086775691e+01 
       8.567334961031e-01       9.524611493425e+01 
       8.598595509417e-01       9.446036676192e+01 
       8.629856058113e-01       9.368304429566e+01 
       8.661116607116e-01       9.291401786505e+01 
       8.692377156421e-01       9.215351686870e+01 
       8.723637706026e-01       9.140193571704e+01 
       8.754898255927e-01       9.065939798289e+01 
       8.786158806121e-01       8.992598428527e+01 
       8.817419356605e-01       8.920093527450e+01 
       8.848679907377e-01       8.848385467860e+01 
       8.879940458432e-01       8.777433662831e+01 
       8.911201009769e-01       8.707214616737e+01 
       8.942461561383e-01       8.637782417079e+01 
       8.973722113273e-01       8.569094015399e+01 
       9.004982665435e-01       8.501229361259e+01 
       9.036243217866e-01       8.434177100405e+01 
       9.067503770564e-01       8.367869730980e+01 
       9.098764323526e-01       8.302267725185e+01 
       9.130024876749e-01       8.237326943070e+01 
       9.161285430230e-01       8.173051884175e+01 
       9.192545983968e-01       8.109456830787e+01 
       9.223806537958e-01       8.046568318142e+01 
       9.255067092199e-01       7.984443813649e+01 
       9.286327646689e-01       7.923008749970e+01 
       9.317588201424e-01       7.862188556851e+01 
       9.348848756402e-01       7.802037401937e+01 
       9.380109311621e-01       7.742479910807e+01 
       9.411369867078e-01       7.683512677833e+01 
       9.442630422771e-01       7.625159076615e+01 
       9.473890978698e-01       7.567447671428e+01 
       9.505151534856e-01       7.510346730847e+01 
       9.536412091243e-01       7.453923311990e+01 
       9.567672647857e-01       7.398135217021e+01 
       9.598933204696e-01       7.342872195110e+01 
       9.630193761757e-01       7.288134815110e+01 
       9.661454319038e-01       7.233931754657e+01 
       9.692714876537e-01       7.180277276198e+01 
       9.723975434252e-01       7.127151455202e+01 
       9.755235992181e-01       7.074664699418e+01 
       9.786496550322e-01       7.022806144443e+01 
       9.817757108673e-01       6.971417556750e+01 
       9.849017667231e-01       6.920533889163e+01 
       9.880278225995e-01       6.870124788343e+01 
       9.911538784963e-01       6.820178552570e+01 
       9.942799344134e-01       6.770747813437e+01 
       9.974059903504e-01       6.721836877944e+01 
       1.000532046307e+00       6.673451804136e+01 
       1.003658102284e+00       6.625577198249e+01 
       1.006784158280e+00       6.578189743573e+01 
       1.009910214295e+00       6.531249826265e+01 
       1.013036270329e+00       6.484737645527e+01 
       1.016162326382e+00       6.438669600415e+01 
       1.019288382454e+00       6.393041751186e+01 
       1.022414438545e+00       6.347884787269e+01 
       1.025540494654e+00       6.303204201166e+01 
       1.028666550781e+00       6.258966581331e+01 
       1.031792606926e+00       6.215181391117e+01 
       1.034918663089e+00       6.171797990235e+01 
       1.038044719270e+00       6.128801695779e+01 
       1.041170775468e+00       6.086196640267e+01 
       1.044296831684e+00       6.044002327917e+01 
       1.047422887917e+00       6.002235224008e+01 
       1.050548944167e+00       5.960899455733e+01 
       1.053675000434e+00       5.919982833294e+01 
       1.056801056718e+00       5.879455561709e+01 
       1.059927113019e+00       5.839290529476e+01 
       1.063053169336e+00       5.799476872533e+01 
       1.066179225670e+00       5.760019265756e+01 
       1.069305282019e+00       5.720937756962e+01 
       1.072431338385e+00       5.682242278894e+01 
       1.075557394767e+00       5.643941729544e+01 
       1.078683451164e+00       5.606016362647e+01 
       1.081809507577e+00       5.568444394231e+01 
       1.084935564006e+00       5.531200427544e+01 
       1.088061620450e+00       5.494279139975e+01 
       1.091187676910e+00       5.457678217841e+01 
       1.094313733384e+00       5.421418798169e+01 
       1.097439789873e+00       5.385513314762e+01 
       1.100565846378e+00       5.349966160261e+01 
       1.367842016088e+00       3.209180938163e+01 
       1.720985182451e+00       1.852863765509e+01 
       2.166579374803e+00       1.058891959863e+01 
       2.727561803545e+00       6.003563164837e+00 
       3.433796866714e+00       3.379383204435e+00 
       4.322894134445e+00       1.889744955202e+00 
       5.442201278349e+00       1.050448370716e+00 
       6.851325485412e+00       5.807538533401e-01 
       8.625307758058e+00       3.194537295231e-01 
       1.085861912116e+01       1.749099773181e-01 
