# Matter power spectrum P(k) at redshift z=1
# for k=1.01776e-05 to 10.8586 h/Mpc,
# number of wavenumbers equal to 728
#    1:k (h/Mpc)              2:P (Mpc/h)^3        
       1.017762622183e-05       1.976170220385e+01 
       2.270599619585e-05       4.286637671857e+01 
       3.527608514283e-05       6.557706787674e+01 
       4.791988385778e-05       8.812923757396e+01 
       6.066988421975e-05       1.106564632605e+02 
       7.355935332593e-05       1.332585199077e+02 
       8.662261594150e-05       1.560204517509e+02 
       9.989534883415e-05       1.790203574340e+02 
       1.134148905905e-04       2.023333605697e+02 
       1.272205705424e-04       2.260339965251e+02 
       1.413540604450e-04       2.501978466138e+02 
       1.558597525164e-04       2.749027984752e+02 
       1.707851673344e-04       3.002301078357e+02 
       1.861813948374e-04       3.262653570673e+02 
       2.021035712214e-04       3.530993663941e+02 
       2.186113937793e-04       3.808290903211e+02 
       2.357696745644e-04       4.095585118523e+02 
       2.536489320239e-04       4.393995463330e+02 
       2.723260172576e-04       4.704729474795e+02 
       2.918847680560e-04       5.029092100580e+02 
       3.124166791059e-04       5.368494409401e+02 
       3.340215703985e-04       5.724461707374e+02 
       3.568082276376e-04       6.098640551898e+02 
       3.808949780657e-04       6.492803983868e+02 
       4.064101524856e-04       6.908854169202e+02 
       4.334923695260e-04       7.348821310814e+02 
       4.622905620153e-04       7.814857534044e+02 
       4.929636490547e-04       8.309224218407e+02 
       5.256797433982e-04       8.834271087790e+02 
       5.606147756581e-04       9.392405313176e+02 
       5.979504195942e-04       9.986049274394e+02 
       6.378712222315e-04       1.061758569271e+03 
       6.805608847774e-04       1.128929026684e+03 
       7.261977096468e-04       1.200325269361e+03 
       7.749493255645e-04       1.276128907717e+03 
       8.269669200523e-04       1.356485024526e+03 
       8.823793310846e-04       1.441493243356e+03 
       9.412874532796e-04       1.531199811062e+03 
       1.003759470115e-03       1.625591534403e+03 
       1.069827407121e-03       1.724592198354e+03 
       1.139485399650e-03       1.828062102883e+03 
       1.212689891188e-03       1.935800791007e+03 
       1.289361754710e-03       2.047552871062e+03 
       1.369390105154e-03       2.163006008672e+03 
       1.452637391706e-03       2.281826040733e+03 
       1.538945256643e-03       2.403653644205e+03 
       1.628140633441e-03       2.528110431973e+03 
       1.720041619037e-03       2.654814014130e+03 
       1.814462767214e-03       2.783387009709e+03 
       1.911219581325e-03       2.913464313619e+03 
       2.010132108911e-03       3.044698659447e+03 
       2.111027641521e-03       3.176764258503e+03 
       2.213742593189e-03       3.309359213768e+03 
       2.318123671520e-03       3.442206488668e+03 
       2.424028471503e-03       3.575054081259e+03 
       2.531325620865e-03       3.707674534323e+03 
       2.639894593864e-03       3.839864083108e+03 
       2.749625293107e-03       3.971441434101e+03 
       2.860417480214e-03       4.102245587799e+03 
       2.972180118218e-03       4.232134821486e+03 
       3.084830672812e-03       4.360984898161e+03 
       3.198294406405e-03       4.488687000179e+03 
       3.312503688439e-03       4.615146655958e+03 
       3.427397337294e-03       4.740281703806e+03 
       3.542920003058e-03       4.864020932524e+03 
       3.659021595992e-03       4.986303657863e+03 
       3.775656762429e-03       5.107078095161e+03 
       3.892784407700e-03       5.226298955264e+03 
       4.010367264318e-03       5.343930594385e+03 
       4.128371502794e-03       5.459940592059e+03 
       4.246766381999e-03       5.574304503735e+03 
       4.365523935796e-03       5.687000719439e+03 
       4.484618692657e-03       5.798014294275e+03 
       4.604027425075e-03       5.907332062090e+03 
       4.723728925759e-03       6.014945202294e+03 
       4.843703807817e-03       6.120848915777e+03 
       4.963934326354e-03       6.225039212162e+03 
       5.084404219170e-03       6.327517573341e+03 
       5.205098564436e-03       6.428282863639e+03 
       5.326003653474e-03       6.527340174738e+03 
       5.447106876962e-03       6.624696616086e+03 
       5.568396623055e-03       6.720355832982e+03 
       5.689862186089e-03       6.814328221751e+03 
       5.811493684704e-03       6.906623664583e+03 
       5.933281988318e-03       6.997249564897e+03 
       6.055218651046e-03       7.086328501493e+03 
       6.177295852232e-03       7.173685692066e+03 
       6.299506342883e-03       7.259357120679e+03 
       6.421843397352e-03       7.343324080246e+03 
       6.544300769712e-03       7.425707385314e+03 
       6.666872654316e-03       7.506525692877e+03 
       6.789553650111e-03       7.585715350131e+03 
       6.912338728289e-03       7.663428782512e+03 
       7.035223202952e-03       7.739653146641e+03 
       7.158202704464e-03       7.814349341068e+03 
       7.281273155227e-03       7.887279778935e+03 
       7.404430747627e-03       7.959168267913e+03 
       7.527671923940e-03       8.029262456266e+03 
       7.650993358003e-03       8.097873584155e+03 
       7.774391938469e-03       8.165030656080e+03 
       7.897864753509e-03       8.230736790341e+03 
       8.021409076804e-03       8.294998223110e+03 
       8.145022354722e-03       8.357852936035e+03 
       8.268702194548e-03       8.419342498498e+03 
       8.392446353698e-03       8.479406117798e+03 
       8.516252729795e-03       8.538106671062e+03 
       8.640119351552e-03       8.595442256959e+03 
       8.764044370380e-03       8.651446253764e+03 
       8.888026052660e-03       8.706089805093e+03 
       9.012062772612e-03       8.759456559524e+03 
       9.136153005724e-03       8.811509695701e+03 
       9.260295322681e-03       8.862314612437e+03 
       9.384488383755e-03       8.911826052260e+03 
       9.508730933617e-03       8.960068789192e+03 
       9.633021796538e-03       9.007101575905e+03 
       9.757359871947e-03       9.052854200594e+03 
       9.881744130310e-03       9.097429965607e+03 
       1.000617360931e-02       9.140844486038e+03 
       1.013064741032e-02       9.183002361865e+03 
       1.025516469508e-02       9.224076019765e+03 
       1.037972468271e-02       9.263944185891e+03 
       1.050432664681e-02       9.302635454791e+03 
       1.062896991285e-02       9.340264260343e+03 
       1.075365385574e-02       9.376756117664e+03 
       1.087837789751e-02       9.412084134832e+03 
       1.100314150524e-02       9.446377208025e+03 
       1.112794418904e-02       9.479578840025e+03 
       1.125278550026e-02       9.511724475825e+03 
       1.137766502974e-02       9.542485931094e+03 
       1.150258240626e-02       9.572862529854e+03 
       1.162753729503e-02       9.601931983353e+03 
       1.175252939633e-02       9.629888549203e+03 
       1.187755844422e-02       9.656936904017e+03 
       1.200262420535e-02       9.682937578060e+03 
       1.212772647786e-02       9.707961988257e+03 
       1.225286509034e-02       9.731983964931e+03 
       1.237803990087e-02       9.755089355953e+03 
       1.250325079614e-02       9.777286315132e+03 
       1.262849769063e-02       9.798473927933e+03 
       1.275378052582e-02       9.818768679052e+03 
       1.287909926952e-02       9.838219493034e+03 
       1.300445391520e-02       9.856718808781e+03 
       1.312984448136e-02       9.874323181369e+03 
       1.325527101102e-02       9.891056635959e+03 
       1.338073357118e-02       9.906865424478e+03 
       1.350623225238e-02       9.921872000815e+03 
       1.363176716822e-02       9.936040226607e+03 
       1.375733845503e-02       9.949409364466e+03 
       1.388294627146e-02       9.961913078418e+03 
       1.400859079823e-02       9.973594684867e+03 
       1.413427223778e-02       9.984418714600e+03 
       1.425999081403e-02       9.994571316582e+03 
       1.438574677219e-02       1.000386512133e+04 
       1.451154037852e-02       1.001241392192e+04 
       1.463737192019e-02       1.002018470678e+04 
       1.476324170512e-02       1.002719888832e+04 
       1.488915006186e-02       1.003341876366e+04 
       1.501509733954e-02       1.003902965324e+04 
       1.514108390773e-02       1.004380303314e+04 
       1.526711015644e-02       1.004796576967e+04 
       1.539317649608e-02       1.005131732382e+04 
       1.551928335748e-02       1.005402205113e+04 
       1.564543119185e-02       1.005604742385e+04 
       1.577162047089e-02       1.005746653194e+04 
       1.589785168677e-02       1.005814603323e+04 
       1.602412535228e-02       1.005813070060e+04 
       1.615044200085e-02       1.005746616950e+04 
       1.627680218673e-02       1.005621715882e+04 
       1.640320648507e-02       1.005438962227e+04 
       1.652965549208e-02       1.005185986971e+04 
       1.665614982521e-02       1.004865825994e+04 
       1.678269012333e-02       1.004492711105e+04 
       1.690927704689e-02       1.004040140875e+04 
       1.703591127819e-02       1.003571377435e+04 
       1.716259352159e-02       1.003027848326e+04 
       1.728932450374e-02       1.002391682489e+04 
       1.741610497386e-02       1.001750975722e+04 
       1.754293570405e-02       1.001007581327e+04 
       1.766981748952e-02       1.000260404679e+04 
       1.779675114898e-02       9.994092576169e+03 
       1.792373752492e-02       9.985316223768e+03 
       1.805077748398e-02       9.976254757209e+03 
       1.817787191730e-02       9.966191209858e+03 
       1.830502174092e-02       9.955882738085e+03 
       1.843222789617e-02       9.945069192626e+03 
       1.855949135006e-02       9.933990702821e+03 
       1.868681309576e-02       9.922270030149e+03 
       1.881419415301e-02       9.910001047857e+03 
       1.894163556861e-02       9.897190582580e+03 
       1.906913841689e-02       9.884105497364e+03 
       1.919670380023e-02       9.870386711452e+03 
       1.932433284956e-02       9.856312256736e+03 
       1.945202672494e-02       9.841733195188e+03 
       1.957978661606e-02       9.826797775104e+03 
       1.970761374289e-02       9.811478510315e+03 
       1.983550935622e-02       9.795714480006e+03 
       1.996347473831e-02       9.779638468488e+03 
       2.009151120355e-02       9.762913302185e+03 
       2.021962009907e-02       9.746029415971e+03 
       2.034780280547e-02       9.728541743913e+03 
       2.047606073751e-02       9.710984408686e+03 
       2.060439534485e-02       9.692879205720e+03 
       2.073280811277e-02       9.674428722702e+03 
       2.086130056300e-02       9.655484801232e+03 
       2.098987425448e-02       9.636449978663e+03 
       2.111853078422e-02       9.616907525755e+03 
       2.124727178813e-02       9.596892360359e+03 
       2.137609894190e-02       9.576780766468e+03 
       2.150501396195e-02       9.556204975419e+03 
       2.163401860629e-02       9.535434650477e+03 
       2.176311467559e-02       9.514349201215e+03 
       2.189230401408e-02       9.492894589923e+03 
       2.202158851064e-02       9.471249751115e+03 
       2.215097009984e-02       9.449119125213e+03 
       2.228045076304e-02       9.426896168616e+03 
       2.241003252953e-02       9.404061415236e+03 
       2.253971747764e-02       9.381252164923e+03 
       2.266950773604e-02       9.358083414345e+03 
       2.279940548487e-02       9.334875380065e+03 
       2.292941295712e-02       9.311150360736e+03 
       2.305953243985e-02       9.287201845381e+03 
       2.318976627563e-02       9.263061491479e+03 
       2.332011686393e-02       9.238680010242e+03 
       2.345058666253e-02       9.214009138726e+03 
       2.358117818904e-02       9.189107340586e+03 
       2.371189402246e-02       9.164181508089e+03 
       2.384273680475e-02       9.138778309562e+03 
       2.397370924251e-02       9.113289442614e+03 
       2.410481410862e-02       9.087543410458e+03 
       2.423605424406e-02       9.061629415724e+03 
       2.436743255969e-02       9.035526452835e+03 
       2.449895203811e-02       9.009311809189e+03 
       2.463061573564e-02       8.982720724728e+03 
       2.476242678429e-02       8.956035893597e+03 
       2.489438839382e-02       8.929187903188e+03 
       2.502650385392e-02       8.902201541792e+03 
       2.515877653636e-02       8.875021684837e+03 
       2.529120989734e-02       8.847669916910e+03 
       2.542380747979e-02       8.820089823384e+03 
       2.555657291588e-02       8.792486887293e+03 
       2.568950992951e-02       8.764764243786e+03 
       2.582262233895e-02       8.736620360245e+03 
       2.595591405954e-02       8.708601417878e+03 
       2.608938910650e-02       8.680404886559e+03 
       2.622305159786e-02       8.652185609062e+03 
       2.635690575744e-02       8.623603725150e+03 
       2.649095591801e-02       8.595084882141e+03 
       2.662520652450e-02       8.566291322624e+03 
       2.675966213736e-02       8.537458584765e+03 
       2.689432743605e-02       8.508616020515e+03 
       2.702920722264e-02       8.479480616484e+03 
       2.716430642557e-02       8.450344455623e+03 
       2.729963010350e-02       8.421141665123e+03 
       2.743518344938e-02       8.391740926614e+03 
       2.757097179463e-02       8.362362984180e+03 
       2.770700061346e-02       8.332824231921e+03 
       2.784327552742e-02       8.303254722049e+03 
       2.797980231011e-02       8.273553462796e+03 
       2.811658689200e-02       8.243825194252e+03 
       2.825363536557e-02       8.214003365863e+03 
       2.839095399053e-02       8.184103101564e+03 
       2.852854919938e-02       8.154141657700e+03 
       2.866642760306e-02       8.124182074907e+03 
       2.880459599693e-02       8.094097153756e+03 
       2.894306136697e-02       8.063987395428e+03 
       2.908183089623e-02       8.033891341703e+03 
       2.922091197155e-02       8.003680635796e+03 
       2.936031219060e-02       7.973302108108e+03 
       2.950003936914e-02       7.942968469812e+03 
       2.964010154871e-02       7.912696143809e+03 
       2.978050700456e-02       7.882242607742e+03 
       2.992126425397e-02       7.851892101008e+03 
       3.006238206491e-02       7.821336963619e+03 
       3.020386946515e-02       7.790968711511e+03 
       3.034573575170e-02       7.760387811393e+03 
       3.048799050075e-02       7.729800455332e+03 
       3.063064357799e-02       7.699260187410e+03 
       3.077370514954e-02       7.668678999292e+03 
       3.091718569320e-02       7.638111546478e+03 
       3.106109601043e-02       7.607410081958e+03 
       3.120544723876e-02       7.576834017262e+03 
       3.135025086488e-02       7.546173957351e+03 
       3.149551873830e-02       7.515515898241e+03 
       3.164126308575e-02       7.484834907117e+03 
       3.178749652624e-02       7.454205231010e+03 
       3.193423208691e-02       7.423496956130e+03 
       3.208148321967e-02       7.392804884863e+03 
       3.222926381867e-02       7.362166129726e+03 
       3.237758823870e-02       7.331513789234e+03 
       3.252647131456e-02       7.300864860856e+03 
       3.267592838139e-02       7.270219672757e+03 
       3.282597529617e-02       7.239535606279e+03 
       3.297662846032e-02       7.208879077406e+03 
       3.312790484351e-02       7.178248862635e+03 
       3.327982200886e-02       7.147622004259e+03 
       3.343239813946e-02       7.117001373703e+03 
       3.358565206645e-02       7.086385642601e+03 
       3.373960329860e-02       7.055798002548e+03 
       3.389427205373e-02       7.025233713334e+03 
       3.404967929183e-02       6.994690606130e+03 
       3.420584675016e-02       6.964140344986e+03 
       3.436279698052e-02       6.933606743966e+03 
       3.452055338865e-02       6.903090619296e+03 
       3.467914027608e-02       6.872589655161e+03 
       3.483858288458e-02       6.842140377083e+03 
       3.499890744337e-02       6.811687554185e+03 
       3.516014121926e-02       6.781235640044e+03 
       3.532231257010e-02       6.750841267362e+03 
       3.548545100158e-02       6.720450668710e+03 
       3.564958722785e-02       6.690098670813e+03 
       3.581475323610e-02       6.659734575752e+03 
       3.598098235552e-02       6.629414898289e+03 
       3.614830933092e-02       6.599093813198e+03 
       3.631677040150e-02       6.568819954297e+03 
       3.648640338511e-02       6.538551833819e+03 
       3.665724776843e-02       6.508304727023e+03 
       3.682934480372e-02       6.478088562888e+03 
       3.700273761257e-02       6.447846118411e+03 
       3.717747129741e-02       6.417680431218e+03 
       3.735359306125e-02       6.387501570608e+03 
       3.753115233669e-02       6.357349305560e+03 
       3.771020092475e-02       6.327221275902e+03 
       3.789079314475e-02       6.297083196787e+03 
       3.807298599596e-02       6.266980216330e+03 
       3.825683933246e-02       6.236861333670e+03 
       3.844241605221e-02       6.206787488904e+03 
       3.862978230205e-02       6.176705641855e+03 
       3.881900769994e-02       6.146643809625e+03 
       3.901016557640e-02       6.116591376093e+03 
       3.920333323705e-02       6.086516440514e+03 
       3.939859224859e-02       6.056466151685e+03 
       3.959602875058e-02       6.026409988628e+03 
       3.979573379598e-02       5.996365447488e+03 
       3.999780372362e-02       5.966243981087e+03 
       4.020234056615e-02       5.936188443499e+03 
       4.040945249762e-02       5.906102267377e+03 
       4.061925432541e-02       5.875995734202e+03 
       4.083186803157e-02       5.845872327503e+03 
       4.104742336992e-02       5.815739743859e+03 
       4.126605852553e-02       5.785574561856e+03 
       4.148792084466e-02       5.755373926845e+03 
       4.171316764413e-02       5.725141129776e+03 
       4.194196711067e-02       5.694864299594e+03 
       4.217449930223e-02       5.664547086427e+03 
       4.241095726528e-02       5.634175635998e+03 
       4.265154828431e-02       5.603741578625e+03 
       4.289649528238e-02       5.573265257465e+03 
       4.314603839480e-02       5.542711800943e+03 
       4.340043674179e-02       5.512088109222e+03 
       4.365997043041e-02       5.481326031918e+03 
       4.392494282161e-02       5.450551213935e+03 
       4.419568310462e-02       5.419644690822e+03 
       4.447254922910e-02       5.388598111398e+03 
       4.475593125466e-02       5.357477514918e+03 
       4.504625518961e-02       5.326174330005e+03 
       4.534398740464e-02       5.294734937496e+03 
       4.564963972515e-02       5.263128229855e+03 
       4.596377532751e-02       5.231389347428e+03 
       4.628701559154e-02       5.199390852225e+03 
       4.662004809513e-02       5.167271134113e+03 
       4.696363597875e-02       5.134866593948e+03 
       4.731862896028e-02       5.102181124637e+03 
       4.768597634693e-02       5.069297313569e+03 
       4.806674247450e-02       5.036030872075e+03 
       4.846212511102e-02       5.002482243222e+03 
       4.887347749634e-02       4.968483280143e+03 
       4.930233486194e-02       4.934068637633e+03 
       4.975044649438e-02       4.899249330298e+03 
       5.021981468560e-02       4.863819652837e+03 
       5.071274226732e-02       4.827883266754e+03 
       5.123189087248e-02       4.791351998153e+03 
       5.178035261792e-02       4.753957154805e+03 
       5.236173856606e-02       4.715814745555e+03 
       5.298028808294e-02       4.676567381694e+03 
       5.364100399446e-02       4.636163433065e+03 
       5.434981906601e-02       4.594471344591e+03 
       5.511379937008e-02       4.551134510388e+03 
       5.594138867535e-02       4.505784423496e+03 
       5.684269333237e-02       4.458064269713e+03 
       5.782979594177e-02       4.407332608869e+03 
       5.891706257277e-02       4.352805735295e+03 
       6.012136336845e-02       4.293631163075e+03 
       6.146204886189e-02       4.228128764664e+03 
       6.296040950467e-02       4.154649058369e+03 
       6.463822202813e-02       4.070758631161e+03 
       6.651496792028e-02       3.973789840075e+03 
       6.860364212746e-02       3.860673789076e+03 
       7.090600236422e-02       3.729254154242e+03 
       7.340937265208e-02       3.578168986249e+03 
       7.608742270290e-02       3.409049433602e+03 
       7.890542130116e-02       3.225950508194e+03 
       8.182746655744e-02       3.035159659506e+03 
       8.482221341874e-02       2.844282279768e+03 
       8.786542304156e-02       2.660668858332e+03 
       9.093988064832e-02       2.490587084427e+03 
       9.403404278283e-02       2.338345234881e+03 
       9.714045393176e-02       2.206456147571e+03 
       1.002544123965e-01       2.095462165744e+03 
       1.033729969642e-01       2.004113693398e+03 
       1.064944091988e-01       1.930096800486e+03 
       1.096175480134e-01       1.870180541896e+03 
       1.127417414644e-01       1.820507753754e+03 
       1.158665802319e-01       1.777121234026e+03 
       1.189918151785e-01       1.736274808866e+03 
       1.221172946752e-01       1.694666642876e+03 
       1.252429263844e-01       1.649827393340e+03 
       1.283686540032e-01       1.600297537055e+03 
       1.314944431259e-01       1.545457201738e+03 
       1.346202726565e-01       1.485868440223e+03 
       1.377461295940e-01       1.422736263396e+03 
       1.408720058654e-01       1.357778357770e+03 
       1.439978964030e-01       1.293046920737e+03 
       1.471237979760e-01       1.230489816754e+03 
       1.502497084804e-01       1.171790045209e+03 
       1.533756265073e-01       1.118278634112e+03 
       1.565015510793e-01       1.070865129524e+03 
       1.596274814905e-01       1.029791894808e+03 
       1.627534172078e-01       9.948950743319e+02 
       1.658793578107e-01       9.656331131983e+02 
       1.690053029541e-01       9.411229257703e+02 
       1.721312523448e-01       9.202216172387e+02 
       1.752572057270e-01       9.017599667723e+02 
       1.783831628730e-01       8.846565151631e+02 
       1.815091235768e-01       8.678845615093e+02 
       1.846350876502e-01       8.503941068871e+02 
       1.877610549200e-01       8.315075611904e+02 
       1.908870252256e-01       8.108714674084e+02 
       1.940129984178e-01       7.884647890096e+02 
       1.971389743573e-01       7.645365346122e+02 
       2.002649529141e-01       7.396011082940e+02 
       2.033909339662e-01       7.142676611066e+02 
       2.065169173992e-01       6.891888959099e+02 
       2.096429031059e-01       6.649282218394e+02 
       2.127688909852e-01       6.419831570444e+02 
       2.158948809419e-01       6.207417098029e+02 
       2.190208728865e-01       6.014099005860e+02 
       2.221468667345e-01       5.840701725702e+02 
       2.252728624060e-01       5.687183080090e+02 
       2.283988598258e-01       5.551796926278e+02 
       2.315248589224e-01       5.432218259996e+02 
       2.346508596284e-01       5.325063910235e+02 
       2.377768618800e-01       5.226621717695e+02 
       2.409028656166e-01       5.132914869065e+02 
       2.440288707807e-01       5.040723768462e+02 
       2.471548773179e-01       4.946975707756e+02 
       2.502808851764e-01       4.850132737960e+02 
       2.534068943069e-01       4.748824677602e+02 
       2.565329046628e-01       4.643102120718e+02 
       2.596589161994e-01       4.533485046196e+02 
       2.627849288744e-01       4.420804277550e+02 
       2.659109426475e-01       4.306940150035e+02 
       2.690369574800e-01       4.193632805282e+02 
       2.721629733354e-01       4.082676460230e+02 
       2.752889901785e-01       3.976111325274e+02 
       2.784150079759e-01       3.875330757786e+02 
       2.815410266957e-01       3.781320194730e+02 
       2.846670463073e-01       3.694388422210e+02 
       2.877930667814e-01       3.614445582739e+02 
       2.909190880901e-01       3.540984079010e+02 
       2.940451102068e-01       3.473070744815e+02 
       2.971711331056e-01       3.409804565507e+02 
       3.002971567621e-01       3.349975552030e+02 
       3.034231811528e-01       3.292655750783e+02 
       3.065492062550e-01       3.236604854546e+02 
       3.096752320471e-01       3.181012128146e+02 
       3.128012585084e-01       3.125193286252e+02 
       3.159272856188e-01       3.068521399849e+02 
       3.190533133592e-01       3.010907456520e+02 
       3.221793417112e-01       2.952466799392e+02 
       3.253053706570e-01       2.893561114500e+02 
       3.284314001797e-01       2.834673996809e+02 
       3.315574302627e-01       2.776287810351e+02 
       3.346834608904e-01       2.719057761848e+02 
       3.378094920476e-01       2.663404482316e+02 
       3.409355237195e-01       2.609749045274e+02 
       3.440615558922e-01       2.558327856323e+02 
       3.471875885521e-01       2.509398187923e+02 
       3.503136216860e-01       2.463054157366e+02 
       3.534396552813e-01       2.419266036046e+02 
       3.565656893258e-01       2.377742066996e+02 
       3.596917238078e-01       2.338176809916e+02 
       3.628177587159e-01       2.300245287130e+02 
       3.659437940391e-01       2.263480073301e+02 
       3.690698297668e-01       2.227585829213e+02 
       3.721958658889e-01       2.192245896155e+02 
       3.753219023954e-01       2.157315498649e+02 
       3.784479392767e-01       2.122528600770e+02 
       3.815739765236e-01       2.087947141753e+02 
       3.847000141272e-01       2.053504293653e+02 
       3.878260520788e-01       2.019231598161e+02 
       3.909520903699e-01       1.985227564285e+02 
       3.940781289926e-01       1.951575646472e+02 
       3.972041679389e-01       1.918413672257e+02 
       4.003302072013e-01       1.885989571022e+02 
       4.034562467723e-01       1.854410896654e+02 
       4.065822866448e-01       1.823798345925e+02 
       4.097083268118e-01       1.794157212625e+02 
       4.128343672668e-01       1.765490288455e+02 
       4.159604080031e-01       1.737743700599e+02 
       4.190864490144e-01       1.710926371272e+02 
       4.222124902946e-01       1.685007333632e+02 
       4.253385318378e-01       1.659842332968e+02 
       4.284645736381e-01       1.635452424274e+02 
       4.315906156900e-01       1.611649666761e+02 
       4.347166579880e-01       1.588395340774e+02 
       4.378427005269e-01       1.565560272672e+02 
       4.409687433014e-01       1.543072439507e+02 
       4.440947863066e-01       1.520825950076e+02 
       4.472208295377e-01       1.498839259683e+02 
       4.503468729899e-01       1.477082594235e+02 
       4.534729166586e-01       1.455614003785e+02 
       4.565989605393e-01       1.434451243683e+02 
       4.597250046278e-01       1.413558732781e+02 
       4.628510489198e-01       1.393006762381e+02 
       4.659770934112e-01       1.372831593390e+02 
       4.691031380980e-01       1.353055598729e+02 
       4.722291829763e-01       1.333753327598e+02 
       4.753552280423e-01       1.314872172882e+02 
       4.784812732924e-01       1.296551805744e+02 
       4.816073187228e-01       1.278698420410e+02 
       4.847333643302e-01       1.261316865802e+02 
       4.878594101111e-01       1.244349213268e+02 
       4.909854560621e-01       1.227768315948e+02 
       4.941115021801e-01       1.211550266370e+02 
       4.972375484619e-01       1.195617138248e+02 
       5.003635949045e-01       1.179988259361e+02 
       5.034896415047e-01       1.164626678258e+02 
       5.066156882597e-01       1.149509344758e+02 
       5.097417351666e-01       1.134608116669e+02 
       5.128677822226e-01       1.119908922925e+02 
       5.159938294251e-01       1.105399958403e+02 
       5.191198767713e-01       1.091083927260e+02 
       5.222459242587e-01       1.076981244479e+02 
       5.253719718848e-01       1.063111061581e+02 
       5.284980196470e-01       1.049490998329e+02 
       5.316240675430e-01       1.036129771039e+02 
       5.347501155704e-01       1.023026814232e+02 
       5.378761637270e-01       1.010193661116e+02 
       5.410022120104e-01       9.975574594784e+01 
       5.441282604185e-01       9.851748822640e+01 
       5.472543089491e-01       9.730442718544e+01 
       5.503803576002e-01       9.611567859759e+01 
       5.535064063696e-01       9.494926910356e+01 
       5.566324552555e-01       9.380312590120e+01 
       5.597585042558e-01       9.268004847150e+01 
       5.628845533686e-01       9.157571300559e+01 
       5.660106025921e-01       9.048861312343e+01 
       5.691366519245e-01       8.941782654546e+01 
       5.722627013639e-01       8.836325476975e+01 
       5.753887509085e-01       8.732501984796e+01 
       5.785148005568e-01       8.630319077263e+01 
       5.816408503069e-01       8.529728465580e+01 
       5.847669001574e-01       8.430644734673e+01 
       5.878929501065e-01       8.332992061561e+01 
       5.910190001527e-01       8.236734064245e+01 
       5.941450502944e-01       8.141898268907e+01 
       5.972711005302e-01       8.048538908628e+01 
       6.003971508586e-01       7.956751535281e+01 
       6.035232012781e-01       7.866561816560e+01 
       6.066492517874e-01       7.777949160102e+01 
       6.097753023850e-01       7.690846593521e+01 
       6.129013530696e-01       7.605159248047e+01 
       6.160274038398e-01       7.520814505619e+01 
       6.191534546944e-01       7.437771554292e+01 
       6.222795056321e-01       7.356048940138e+01 
       6.254055566517e-01       7.275651928354e+01 
       6.285316077518e-01       7.196559018754e+01 
       6.316576589314e-01       7.118718660745e+01 
       6.347837101892e-01       7.042037422007e+01 
       6.379097615240e-01       6.966426171510e+01 
       6.410358129349e-01       6.891838059769e+01 
       6.441618644205e-01       6.818256168599e+01 
       6.472879159800e-01       6.745712510575e+01 
       6.504139676121e-01       6.674251059331e+01 
       6.535400193159e-01       6.603880531065e+01 
       6.566660710903e-01       6.534567747065e+01 
       6.597921229343e-01       6.466272145061e+01 
       6.629181748469e-01       6.398930377277e+01 
       6.660442268272e-01       6.332510337230e+01 
       6.691702788742e-01       6.267019096935e+01 
       6.722963309870e-01       6.202489050017e+01 
       6.754223831646e-01       6.138947974572e+01 
       6.785484354062e-01       6.076393164673e+01 
       6.816744877109e-01       6.014792550675e+01 
       6.848005400778e-01       5.954086553837e+01 
       6.879265925060e-01       5.894206129154e+01 
       6.910526449948e-01       5.835128787665e+01 
       6.941786975433e-01       5.776840177124e+01 
       6.973047501507e-01       5.719359270317e+01 
       7.004308028162e-01       5.662704441662e+01 
       7.035568555390e-01       5.606869769492e+01 
       7.066829083185e-01       5.551822466600e+01 
       7.098089611537e-01       5.497520690740e+01 
       7.129350140440e-01       5.443911988696e+01 
       7.160610669888e-01       5.390972994110e+01 
       7.191871199871e-01       5.338711348041e+01 
       7.223131730384e-01       5.287148915771e+01 
       7.254392261420e-01       5.236311199317e+01 
       7.285652792972e-01       5.186203228147e+01 
       7.316913325034e-01       5.136792829378e+01 
       7.348173857598e-01       5.088043912846e+01 
       7.379434390658e-01       5.039913824237e+01 
       7.410694924209e-01       4.992378940472e+01 
       7.441955458244e-01       4.945446791220e+01 
       7.473215992756e-01       4.899137147715e+01 
       7.504476527741e-01       4.853460991091e+01 
       7.535737063191e-01       4.808420765169e+01 
       7.566997599102e-01       4.763990965003e+01 
       7.598258135467e-01       4.720127322471e+01 
       7.629518672281e-01       4.676795475366e+01 
       7.660779209538e-01       4.633980837617e+01 
       7.692039747234e-01       4.591685579911e+01 
       7.723300285362e-01       4.549936782967e+01 
       7.754560823917e-01       4.508734751105e+01 
       7.785821362895e-01       4.468063959734e+01 
       7.817081902290e-01       4.427958690058e+01 
       7.848342442097e-01       4.388330284894e+01 
       7.879602982312e-01       4.349164716822e+01 
       7.910863522928e-01       4.310451454176e+01 
       7.942124063943e-01       4.272201654830e+01 
       7.973384605351e-01       4.234407151133e+01 
       8.004645147147e-01       4.197124517526e+01 
       8.035905689326e-01       4.160330110771e+01 
       8.067166231885e-01       4.124003039779e+01 
       8.098426774820e-01       4.088100155156e+01 
       8.129687318124e-01       4.052626488262e+01 
       8.160947861795e-01       4.017549193353e+01 
       8.192208405829e-01       3.982875481852e+01 
       8.223468950220e-01       3.948629431325e+01 
       8.254729494965e-01       3.914818099468e+01 
       8.285990040060e-01       3.881434223087e+01 
       8.317250585502e-01       3.848460293365e+01 
       8.348511131285e-01       3.815869276427e+01 
       8.379771677406e-01       3.783636340675e+01 
       8.411032223862e-01       3.751755610545e+01 
       8.442292770649e-01       3.720233447215e+01 
       8.473553317763e-01       3.689087384702e+01 
       8.504813865200e-01       3.658326139368e+01 
       8.536074412957e-01       3.627944357271e+01 
       8.567334961031e-01       3.597922474075e+01 
       8.598595509417e-01       3.568240725819e+01 
       8.629856058113e-01       3.538877242986e+01 
       8.661116607116e-01       3.509827129952e+01 
       8.692377156421e-01       3.481099056205e+01 
       8.723637706026e-01       3.452707925748e+01 
       8.754898255927e-01       3.424658411664e+01 
       8.786158806121e-01       3.396953564510e+01 
       8.817419356605e-01       3.369564703161e+01 
       8.848679907377e-01       3.342476861132e+01 
       8.879940458432e-01       3.315674709748e+01 
       8.911201009769e-01       3.289149377149e+01 
       8.942461561383e-01       3.262921298188e+01 
       8.973722113273e-01       3.236974212365e+01 
       9.004982665435e-01       3.211338319550e+01 
       9.036243217866e-01       3.186009328753e+01 
       9.067503770564e-01       3.160961739143e+01 
       9.098764323526e-01       3.136180617230e+01 
       9.130024876749e-01       3.111649287240e+01 
       9.161285430230e-01       3.087369446559e+01 
       9.192545983968e-01       3.063346487294e+01 
       9.223806537958e-01       3.039590429416e+01 
       9.255067092199e-01       3.016122977340e+01 
       9.286327646689e-01       2.992915959662e+01 
       9.317588201424e-01       2.969941204345e+01 
       9.348848756402e-01       2.947219170410e+01 
       9.380109311621e-01       2.924721382649e+01 
       9.411369867078e-01       2.902446552773e+01 
       9.442630422771e-01       2.880403509554e+01 
       9.473890978698e-01       2.858603043968e+01 
       9.505151534856e-01       2.837033170896e+01 
       9.536412091243e-01       2.815719222853e+01 
       9.567672647857e-01       2.794645261268e+01 
       9.598933204696e-01       2.773769640467e+01 
       9.630193761757e-01       2.753092577373e+01 
       9.661454319038e-01       2.732617352315e+01 
       9.692714876537e-01       2.712349355238e+01 
       9.723975434252e-01       2.692281061608e+01 
       9.755235992181e-01       2.672454179361e+01 
       9.786496550322e-01       2.652864605395e+01 
       9.817757108673e-01       2.633452567537e+01 
       9.849017667231e-01       2.614231269500e+01 
       9.880278225995e-01       2.595189245446e+01 
       9.911538784963e-01       2.576322075092e+01 
       9.942799344134e-01       2.557649639906e+01 
       9.974059903504e-01       2.539173566548e+01 
       1.000532046307e+00       2.520896142871e+01 
       1.003658102284e+00       2.502811553087e+01 
       1.006784158280e+00       2.484910988225e+01 
       1.009910214295e+00       2.467179482790e+01 
       1.013036270329e+00       2.449609555268e+01 
       1.016162326382e+00       2.432207398379e+01 
       1.019288382454e+00       2.414971521827e+01 
       1.022414438545e+00       2.397913516675e+01 
       1.025540494654e+00       2.381035456148e+01 
       1.028666550781e+00       2.364324717799e+01 
       1.031792606926e+00       2.347784875392e+01 
       1.034918663089e+00       2.331396799245e+01 
       1.038044719270e+00       2.315154943669e+01 
       1.041170775468e+00       2.299060871382e+01 
       1.044296831684e+00       2.283121952554e+01 
       1.047422887917e+00       2.267344410248e+01 
       1.050548944167e+00       2.251729807799e+01 
       1.053675000434e+00       2.236273545608e+01 
       1.056801056718e+00       2.220964374496e+01 
       1.059927113019e+00       2.205792059890e+01 
       1.063053169336e+00       2.190752506142e+01 
       1.066179225670e+00       2.175847490410e+01 
       1.069305282019e+00       2.161084599061e+01 
       1.072431338385e+00       2.146467593871e+01 
       1.075557394767e+00       2.131999725139e+01 
       1.078683451164e+00       2.117673623400e+01 
       1.081809507577e+00       2.103481087770e+01 
       1.084935564006e+00       2.089412508560e+01 
       1.088061620450e+00       2.075465851584e+01 
       1.091187676910e+00       2.061640215572e+01 
       1.094313733384e+00       2.047943554615e+01 
       1.097439789873e+00       2.034380540990e+01 
       1.100565846378e+00       2.020952823085e+01 
       1.367842016088e+00       1.212264048508e+01 
       1.720985182451e+00       6.999266645626e+00 
       2.166579374803e+00       3.999985749964e+00 
       2.727561803545e+00       2.267887938779e+00 
       3.433796866714e+00       1.276570682345e+00 
       4.322894134445e+00       7.138742914702e-01 
       5.442201278349e+00       3.968266323846e-01 
       6.851325485412e+00       2.193838504554e-01 
       8.625307758058e+00       1.206769170605e-01 
       1.085861912116e+01       6.607417156447e-02 
