# k[h/Mpc]   P_Zel   P_A    P_W    P_d    P_dd     P_d^2    P_d^2d^2  P_dd^2    P_s^2    P_ds^2    P_d^2s^2   P_s^2s^2   P_D2d     P_dD2d
# 
1.0000e-03 2.8529e+03 3.7809e-02 -2.3168e-02 5.7066e+03 2.0943e+03 -2.7525e-02 9.4502e+02 1.9655e-01 1.7101e-01 1.3031e-01 2.5193e+03 1.6790e+03 0.0000e+00 0.0000e+00
1.0842e-03 3.0723e+03 4.8733e-02 -2.9358e-02 6.1494e+03 2.3882e+03 -3.2231e-02 9.4502e+02 2.3111e-01 2.0102e-01 1.5295e-01 2.5191e+03 1.6788e+03 0.0000e+00 0.0000e+00
1.1756e-03 3.3077e+03 6.2639e-02 -3.7179e-02 6.6239e+03 2.6963e+03 -3.7717e-02 9.4501e+02 2.7177e-01 2.3628e-01 1.7946e-01 2.5189e+03 1.6786e+03 0.0000e+00 0.0000e+00
1.2746e-03 3.5602e+03 8.0309e-02 -4.7054e-02 7.1319e+03 3.0191e+03 -4.4102e-02 9.4500e+02 3.1959e-01 2.7770e-01 2.1051e-01 2.5187e+03 1.6783e+03 0.0000e+00 0.0000e+00
1.3819e-03 3.8308e+03 1.0272e-01 -5.9510e-02 7.6753e+03 3.3573e+03 -5.1521e-02 9.4499e+02 3.7585e-01 3.2634e-01 2.4686e-01 2.5185e+03 1.6780e+03 0.0000e+00 0.0000e+00
1.4983e-03 4.1203e+03 1.3110e-01 -7.5205e-02 8.2557e+03 3.7113e+03 -6.0126e-02 9.4498e+02 4.4203e-01 3.8343e-01 2.8937e-01 2.5182e+03 1.6776e+03 0.0000e+00 0.0000e+00
1.6246e-03 4.4298e+03 1.6697e-01 -9.4959e-02 8.8750e+03 4.0816e+03 -7.0081e-02 9.4496e+02 5.1991e-01 4.5042e-01 3.3905e-01 2.5178e+03 1.6772e+03 0.0000e+00 0.0000e+00
1.7614e-03 4.7600e+03 2.1223e-01 -1.1979e-01 9.5348e+03 4.4686e+03 -8.1565e-02 9.4495e+02 6.1156e-01 5.2898e-01 3.9706e-01 2.5174e+03 1.6767e+03 0.0000e+00 0.0000e+00
1.9098e-03 5.1118e+03 2.6924e-01 -1.5096e-01 1.0237e+04 4.8729e+03 -9.4771e-02 9.4493e+02 7.1942e-01 6.2105e-01 4.6473e-01 2.5169e+03 1.6761e+03 0.0000e+00 0.0000e+00
2.0706e-03 5.4858e+03 3.4093e-01 -1.9002e-01 1.0982e+04 5.2949e+03 -1.0989e-01 9.4490e+02 8.4639e-01 7.2883e-01 5.4359e-01 2.5163e+03 1.6754e+03 0.0000e+00 0.0000e+00
2.2450e-03 5.8825e+03 4.3092e-01 -2.3890e-01 1.1772e+04 5.7347e+03 -1.2713e-01 9.4487e+02 9.9589e-01 8.5490e-01 6.3534e-01 2.5157e+03 1.6746e+03 0.0000e+00 0.0000e+00
2.4341e-03 6.3021e+03 5.4368e-01 -2.9995e-01 1.2608e+04 6.1926e+03 -1.4667e-01 9.4484e+02 1.1719e+00 1.0021e+00 7.4195e-01 2.5149e+03 1.6736e+03 0.0000e+00 0.0000e+00
2.6392e-03 6.7447e+03 6.8469e-01 -3.7604e-01 1.3490e+04 6.6688e+03 -1.6864e-01 9.4480e+02 1.3793e+00 1.1739e+00 8.6561e-01 2.5140e+03 1.6725e+03 0.0000e+00 0.0000e+00
2.8615e-03 7.2102e+03 8.6067e-01 -4.7066e-01 1.4418e+04 7.1633e+03 -1.9315e-01 9.4476e+02 1.6236e+00 1.3737e+00 1.0088e+00 2.5129e+03 1.6712e+03 0.0000e+00 0.0000e+00
3.1025e-03 7.6982e+03 1.0798e+00 -5.8806e-01 1.5393e+04 7.6758e+03 -2.2019e-01 9.4471e+02 1.9116e+00 1.6058e+00 1.1741e+00 2.5116e+03 1.6697e+03 0.0000e+00 0.0000e+00
3.3638e-03 8.2081e+03 1.3522e+00 -7.3331e-01 1.6413e+04 8.2059e+03 -2.4959e-01 9.4464e+02 2.2510e+00 1.8745e+00 1.3646e+00 2.5101e+03 1.6679e+03 0.0000e+00 0.0000e+00
3.6472e-03 8.7389e+03 1.6898e+00 -9.1252e-01 1.7476e+04 8.7530e+03 -2.8096e-01 9.4457e+02 2.6512e+00 2.1846e+00 1.5834e+00 2.5084e+03 1.6658e+03 0.0000e+00 0.0000e+00
3.9544e-03 9.2898e+03 2.1071e+00 -1.1329e+00 1.8581e+04 9.3162e+03 -3.1360e-01 9.4448e+02 3.1234e+00 2.5411e+00 1.8340e+00 2.5064e+03 1.6635e+03 0.0000e+00 0.0000e+00
4.2875e-03 9.8593e+03 2.6217e+00 -1.4031e+00 1.9723e+04 9.8943e+03 -3.4633e-01 9.4438e+02 3.6805e+00 2.9487e+00 2.1197e+00 2.5040e+03 1.6607e+03 0.0000e+00 0.0000e+00
4.6486e-03 1.0446e+04 3.2543e+00 -1.7329e+00 2.0899e+04 1.0485e+04 -3.7733e-01 9.4427e+02 4.3381e+00 3.4124e+00 2.4442e+00 2.5012e+03 1.6575e+03 0.0000e+00 0.0000e+00
5.0402e-03 1.1046e+04 4.0294e+00 -2.1338e+00 2.2102e+04 1.1088e+04 -4.0390e-01 9.4413e+02 5.1146e+00 3.9361e+00 2.8107e+00 2.4980e+03 1.6538e+03 0.0000e+00 0.0000e+00
5.4648e-03 1.1658e+04 4.9759e+00 -2.6189e+00 2.3327e+04 1.1698e+04 -4.2216e-01 9.4397e+02 6.0318e+00 4.5229e+00 3.2224e+00 2.4942e+03 1.6495e+03 0.0000e+00 0.0000e+00
5.9251e-03 1.2276e+04 6.1275e+00 -3.2029e+00 2.4565e+04 1.2314e+04 -4.2664e-01 9.4378e+02 7.1154e+00 5.1743e+00 3.6818e+00 2.4898e+03 1.6446e+03 0.0000e+00 0.0000e+00
6.4242e-03 1.2896e+04 7.5233e+00 -3.9019e+00 2.5807e+04 1.2931e+04 -4.0977e-01 9.4355e+02 8.3961e+00 5.8893e+00 4.1903e+00 2.4847e+03 1.6390e+03 0.0000e+00 0.0000e+00
6.9653e-03 1.3511e+04 9.2076e+00 -4.7334e+00 2.7042e+04 1.3544e+04 -3.6127e-01 9.4329e+02 9.9097e+00 6.6640e+00 4.7481e+00 2.4788e+03 1.6325e+03 0.0000e+00 0.0000e+00
7.5520e-03 1.4116e+04 1.1230e+01 -5.7156e+00 2.8257e+04 1.4147e+04 -2.6737e-01 9.4299e+02 1.1699e+01 7.4907e+00 5.3535e+00 2.4720e+03 1.6251e+03 0.0000e+00 0.0000e+00
8.1881e-03 1.4704e+04 1.3646e+01 -6.8671e+00 2.9438e+04 1.4734e+04 -1.0988e-01 9.4264e+02 1.3814e+01 8.3569e+00 6.0023e+00 2.4640e+03 1.6168e+03 0.0000e+00 0.0000e+00
8.8778e-03 1.5266e+04 1.6514e+01 -8.2057e+00 3.0568e+04 1.5297e+04 1.3489e-01 9.4222e+02 1.6312e+01 9.2452e+00 6.6870e+00 2.4549e+03 1.6073e+03 0.0000e+00 0.0000e+00
9.6256e-03 1.5793e+04 1.9895e+01 -9.7467e+00 3.1629e+04 1.5828e+04 4.9741e-01 9.4174e+02 1.9263e+01 1.0132e+01 7.3962e+00 2.4443e+03 1.5966e+03 0.0000e+00 0.0000e+00
1.0436e-02 1.6274e+04 2.3853e+01 -1.1502e+01 3.2602e+04 1.6315e+04 1.0163e+00 9.4117e+02 2.2745e+01 1.0989e+01 8.1141e+00 2.4322e+03 1.5846e+03 0.0000e+00 0.0000e+00
1.1315e-02 1.6699e+04 2.8445e+01 -1.3476e+01 3.3463e+04 1.6749e+04 1.7400e+00 9.4051e+02 2.6849e+01 1.1780e+01 8.8191e+00 2.4184e+03 1.5712e+03 0.0000e+00 0.0000e+00
1.2269e-02 1.7056e+04 3.3724e+01 -1.5667e+01 3.4189e+04 1.7117e+04 2.7279e+00 9.3974e+02 3.1679e+01 1.2460e+01 9.4841e+00 2.4026e+03 1.5563e+03 0.0000e+00 0.0000e+00
1.3302e-02 1.7332e+04 3.9729e+01 -1.8058e+01 3.4755e+04 1.7406e+04 4.0524e+00 9.3885e+02 3.7351e+01 1.2978e+01 1.0076e+01 2.3847e+03 1.5397e+03 0.0000e+00 0.0000e+00
1.4422e-02 1.7513e+04 4.6482e+01 -2.0618e+01 3.5136e+04 1.7604e+04 5.7990e+00 9.3781e+02 4.3993e+01 1.3265e+01 1.0555e+01 2.3644e+03 1.5215e+03 0.0000e+00 0.0000e+00
1.5637e-02 1.7589e+04 5.3974e+01 -2.3300e+01 3.5306e+04 1.7697e+04 8.0670e+00 9.3660e+02 5.1747e+01 1.3242e+01 1.0877e+01 2.3415e+03 1.5014e+03 0.0000e+00 0.0000e+00
1.6955e-02 1.7546e+04 6.2162e+01 -2.6033e+01 3.5242e+04 1.7674e+04 1.0968e+01 9.3520e+02 6.0761e+01 1.2814e+01 1.0996e+01 2.3159e+03 1.4796e+03 0.0000e+00 0.0000e+00
1.8383e-02 1.7375e+04 7.0957e+01 -2.8725e+01 3.4925e+04 1.7524e+04 1.4626e+01 9.3358e+02 7.1188e+01 1.1880e+01 1.0861e+01 2.2873e+03 1.4559e+03 0.0000e+00 0.0000e+00
1.9931e-02 1.7068e+04 8.0225e+01 -3.1263e+01 3.4339e+04 1.7241e+04 1.9167e+01 9.3170e+02 8.3179e+01 1.0348e+01 1.0426e+01 2.2555e+03 1.4302e+03 0.0000e+00 0.0000e+00
2.1610e-02 1.6623e+04 8.9781e+01 -3.3519e+01 3.3478e+04 1.6820e+04 2.4720e+01 9.2952e+02 9.6873e+01 8.1533e+00 9.6516e+00 2.2205e+03 1.4026e+03 0.0000e+00 0.0000e+00
2.3430e-02 1.6043e+04 9.9397e+01 -3.5354e+01 3.2348e+04 1.6265e+04 3.1402e+01 9.2701e+02 1.1239e+02 5.2654e+00 8.5062e+00 2.1821e+03 1.3730e+03 0.0000e+00 0.0000e+00
2.5404e-02 1.5335e+04 1.0881e+02 -3.6636e+01 3.0966e+04 1.5586e+04 3.9311e+01 9.2411e+02 1.2981e+02 1.6710e+00 6.9731e+00 2.1401e+03 1.3415e+03 0.0000e+00 0.0000e+00
2.7544e-02 1.4519e+04 1.1778e+02 -3.7256e+01 2.9366e+04 1.4798e+04 4.8511e+01 9.2077e+02 1.4919e+02 -2.6439e+00 5.0502e+00 2.0946e+03 1.3080e+03 0.0000e+00 0.0000e+00
2.9864e-02 1.3620e+04 1.2609e+02 -3.7145e+01 2.7601e+04 1.3928e+04 5.9029e+01 9.1692e+02 1.7052e+02 -7.6843e+00 2.7490e+00 2.0454e+03 1.2725e+03 0.0000e+00 0.0000e+00
3.2379e-02 1.2671e+04 1.3362e+02 -3.6297e+01 2.5736e+04 1.3008e+04 7.0847e+01 9.1249e+02 1.9374e+02 -1.3405e+01 8.8583e-02 1.9926e+03 1.2351e+03 0.0000e+00 0.0000e+00
3.5106e-02 1.1711e+04 1.4042e+02 -3.4778e+01 2.3850e+04 1.2077e+04 8.3915e+01 9.0742e+02 2.1876e+02 -1.9724e+01 -2.9147e+00 1.9360e+03 1.1959e+03 0.0000e+00 0.0000e+00
3.8064e-02 1.0783e+04 1.4667e+02 -3.2723e+01 2.2026e+04 1.1178e+04 9.8172e+01 9.0162e+02 2.4547e+02 -2.6625e+01 -6.2608e+00 1.8757e+03 1.1549e+03 0.0000e+00 0.0000e+00
4.1270e-02 9.9228e+03 1.5275e+02 -3.0313e+01 2.0341e+04 1.0348e+04 1.1358e+02 8.9500e+02 2.7379e+02 -3.4190e+01 -9.9787e+00 1.8117e+03 1.1123e+03 0.0000e+00 0.0000e+00
4.4746e-02 9.1613e+03 1.5914e+02 -2.7732e+01 1.8855e+04 9.6200e+03 1.3020e+02 8.8746e+02 3.0370e+02 -4.2496e+01 -1.4134e+01 1.7439e+03 1.0685e+03 0.0000e+00 0.0000e+00
4.8515e-02 8.5123e+03 1.6628e+02 -2.5089e+01 1.7597e+04 9.0076e+03 1.4819e+02 8.7892e+02 3.3529e+02 -5.1671e+01 -1.8823e+01 1.6724e+03 1.0238e+03 0.0000e+00 0.0000e+00
5.2602e-02 7.9692e+03 1.7438e+02 -2.2343e+01 1.6557e+04 8.5055e+03 1.6787e+02 8.6927e+02 3.6872e+02 -6.1942e+01 -2.4143e+01 1.5976e+03 9.7854e+02 0.0000e+00 0.0000e+00
5.7032e-02 7.5011e+03 1.8311e+02 -1.9230e+01 1.5671e+04 8.0832e+03 1.8961e+02 8.5840e+02 4.0421e+02 -7.3359e+01 -3.0142e+01 1.5200e+03 9.3318e+02 0.0000e+00 0.0000e+00
6.1836e-02 7.0557e+03 1.9141e+02 -1.5278e+01 1.4833e+04 7.6861e+03 2.1373e+02 8.4623e+02 4.4176e+02 -8.5833e+01 -3.6750e+01 1.4402e+03 8.8806e+02 0.0000e+00 0.0000e+00
6.7045e-02 6.5703e+03 1.9743e+02 -9.9219e+00 1.3913e+04 7.2468e+03 2.4011e+02 8.3265e+02 4.8095e+02 -9.8946e+01 -4.3719e+01 1.3593e+03 8.4338e+02 0.0000e+00 0.0000e+00
7.2692e-02 5.9955e+03 1.9907e+02 -2.8009e+00 1.2803e+04 6.7102e+03 2.6799e+02 8.1759e+02 5.2065e+02 -1.1193e+02 -5.0614e+01 1.2785e+03 7.9920e+02 0.0000e+00 0.0000e+00
7.8815e-02 5.3267e+03 1.9512e+02 5.8473e+00 1.1490e+04 6.0655e+03 2.9572e+02 8.0099e+02 5.5892e+02 -1.2382e+02 -5.6904e+01 1.1986e+03 7.5545e+02 0.0000e+00 0.0000e+00
8.5454e-02 4.6158e+03 1.8629e+02 1.5035e+01 1.0076e+04 5.3644e+03 3.2119e+02 7.8284e+02 5.9347e+02 -1.3384e+02 -6.2155e+01 1.1203e+03 7.1209e+02 0.0000e+00 0.0000e+00
9.2652e-02 3.9578e+03 1.7549e+02 2.3286e+01 8.7562e+03 4.7068e+03 3.4261e+02 7.6317e+02 6.2256e+02 -1.4173e+02 -6.6257e+01 1.0435e+03 6.6928e+02 0.0000e+00 0.0000e+00
1.0046e-01 3.4378e+03 1.6637e+02 2.9456e+01 7.7124e+03 4.1884e+03 3.5963e+02 7.4204e+02 6.4601e+02 -1.4802e+02 -6.9501e+01 9.6807e+02 6.2737e+02 0.0000e+00 0.0000e+00
1.0892e-01 3.0775e+03 1.6081e+02 3.3512e+01 6.9975e+03 3.8392e+03 3.7380e+02 7.1955e+02 6.6546e+02 -1.5361e+02 -7.2384e+01 8.9381e+02 5.8687e+02 0.0000e+00 0.0000e+00
1.1809e-01 2.8173e+03 1.5716e+02 3.6605e+01 6.4903e+03 3.5980e+03 3.8748e+02 6.9576e+02 6.8320e+02 -1.5911e+02 -7.5202e+01 8.2135e+02 5.4811e+02 0.0000e+00 0.0000e+00
1.2804e-01 2.5524e+03 1.5106e+02 4.0152e+01 5.9672e+03 3.3464e+03 4.0151e+02 6.7075e+02 6.9974e+02 -1.6417e+02 -7.7734e+01 7.5187e+02 5.1107e+02 0.0000e+00 0.0000e+00
1.3883e-01 2.2227e+03 1.3958e+02 4.4360e+01 5.2936e+03 3.0102e+03 4.1359e+02 6.4459e+02 7.1249e+02 -1.6765e+02 -7.9344e+01 6.8640e+02 4.7547e+02 0.0000e+00 0.0000e+00
1.5052e-01 1.8786e+03 1.2514e+02 4.7783e+01 4.5725e+03 2.6421e+03 4.2008e+02 6.1745e+02 7.1784e+02 -1.6873e+02 -7.9605e+01 6.2511e+02 4.4117e+02 0.0000e+00 0.0000e+00
1.6320e-01 1.6101e+03 1.1243e+02 4.9125e+01 4.0021e+03 2.3505e+03 4.2027e+02 5.8955e+02 7.1545e+02 -1.6788e+02 -7.8809e+01 5.6737e+02 4.0839e+02 0.0000e+00 0.0000e+00
1.7694e-01 1.4267e+03 1.0217e+02 4.8824e+01 3.6107e+03 2.1543e+03 4.1734e+02 5.6111e+02 7.0872e+02 -1.6624e+02 -7.7578e+01 5.1289e+02 3.7745e+02 0.0000e+00 0.0000e+00
1.9185e-01 1.2601e+03 9.1214e+01 4.8073e+01 3.2499e+03 1.9720e+03 4.1346e+02 5.3231e+02 6.9979e+02 -1.6416e+02 -7.6072e+01 4.6212e+02 3.4829e+02 0.0000e+00 0.0000e+00
2.0801e-01 1.0783e+03 7.8630e+01 4.6974e+01 2.8458e+03 1.7607e+03 4.0667e+02 5.0329e+02 6.8660e+02 -1.6099e+02 -7.3934e+01 4.1546e+02 3.2067e+02 0.0000e+00 0.0000e+00
2.2553e-01 9.2144e+02 6.6541e+01 4.4933e+01 2.4880e+03 1.5712e+03 3.9539e+02 4.7428e+02 6.6779e+02 -1.5649e+02 -7.1091e+01 3.7260e+02 2.9459e+02 0.0000e+00 0.0000e+00
2.4453e-01 8.0088e+02 5.5236e+01 4.2020e+01 2.2055e+03 1.4220e+03 3.8157e+02 4.4550e+02 6.4561e+02 -1.5137e+02 -6.7918e+01 3.3316e+02 2.7017e+02 0.0000e+00 0.0000e+00
2.6512e-01 6.8946e+02 4.4063e+01 3.8591e+01 1.9385e+03 1.2784e+03 3.6617e+02 4.1710e+02 6.2104e+02 -1.4584e+02 -6.4541e+01 2.9718e+02 2.4730e+02 0.0000e+00 0.0000e+00
2.8746e-01 5.8889e+02 3.3404e+01 3.4769e+01 1.6907e+03 1.1423e+03 3.4837e+02 3.8925e+02 5.9340e+02 -1.3971e+02 -6.0864e+01 2.6451e+02 2.2588e+02 0.0000e+00 0.0000e+00
3.1167e-01 5.0501e+02 2.3254e+01 3.0573e+01 1.4769e+03 1.0238e+03 3.2889e+02 3.6209e+02 5.6358e+02 -1.3318e+02 -5.7025e+01 2.3487e+02 2.0593e+02 0.0000e+00 0.0000e+00
3.3792e-01 4.3072e+02 1.3780e+01 2.6114e+01 1.2820e+03 9.1377e+02 3.0822e+02 3.3575e+02 5.3220e+02 -1.2643e+02 -5.3115e+01 2.0808e+02 1.8734e+02 0.0000e+00 0.0000e+00
3.6639e-01 3.6639e+02 5.0119e+00 2.1559e+01 1.1077e+03 8.1353e+02 2.8648e+02 3.1034e+02 4.9950e+02 -1.1944e+02 -4.9154e+01 1.8393e+02 1.7008e+02 0.0000e+00 0.0000e+00
3.9725e-01 3.1067e+02 -2.9876e+00 1.6971e+01 9.5169e+02 7.2212e+02 2.6412e+02 2.8595e+02 4.6602e+02 -1.1234e+02 -4.5212e+01 1.6222e+02 1.5406e+02 0.0000e+00 0.0000e+00
4.3071e-01 2.6235e+02 -1.0135e+01 1.2484e+01 8.1202e+02 6.3850e+02 2.4141e+02 2.6263e+02 4.3212e+02 -1.0516e+02 -4.1325e+01 1.4272e+02 1.3924e+02 0.0000e+00 0.0000e+00
4.6699e-01 2.2057e+02 -1.6381e+01 8.1955e+00 6.8742e+02 5.6215e+02 2.1865e+02 2.4044e+02 3.9817e+02 -9.7977e+01 -3.7531e+01 1.2525e+02 1.2553e+02 0.0000e+00 0.0000e+00
5.0632e-01 1.8450e+02 -2.1670e+01 4.2133e+00 5.7660e+02 4.9246e+02 1.9614e+02 2.1941e+02 3.6453e+02 -9.0817e+01 -3.3861e+01 1.0963e+02 1.1289e+02 0.0000e+00 0.0000e+00
5.4897e-01 1.5344e+02 -2.5957e+01 6.3111e-01 4.7853e+02 4.2896e+02 1.7414e+02 1.9955e+02 3.3149e+02 -8.3722e+01 -3.0341e+01 9.5675e+01 1.0125e+02 0.0000e+00 0.0000e+00
5.9521e-01 1.2677e+02 -2.9215e+01 -2.4677e+00 3.9232e+02 3.7128e+02 1.5293e+02 1.8087e+02 2.9933e+02 -7.6730e+01 -2.6991e+01 8.3233e+01 9.0549e+01 0.0000e+00 0.0000e+00
6.4535e-01 1.0398e+02 -3.1435e+01 -5.0174e+00 3.1718e+02 3.1908e+02 1.3273e+02 1.6337e+02 2.6833e+02 -6.9874e+01 -2.3830e+01 7.2161e+01 8.0732e+01 0.0000e+00 0.0000e+00
6.9971e-01 8.4606e+01 -3.2634e+01 -6.9755e+00 2.5239e+02 2.7210e+02 1.1379e+02 1.4702e+02 2.3871e+02 -6.3192e+01 -2.0873e+01 6.2327e+01 7.1745e+01 0.0000e+00 0.0000e+00
7.5865e-01 6.8239e+01 -3.2861e+01 -8.3278e+00 1.9725e+02 2.3010e+02 9.6270e+01 1.3180e+02 2.1067e+02 -5.6721e+01 -1.8131e+01 5.3615e+01 6.3541e+01 0.0000e+00 0.0000e+00
8.2255e-01 5.4524e+01 -3.2201e+01 -9.0921e+00 1.5106e+02 1.9286e+02 8.0342e+01 1.1771e+02 1.8441e+02 -5.0505e+01 -1.5613e+01 4.5920e+01 5.6071e+01 0.0000e+00 0.0000e+00
8.9184e-01 4.3139e+01 -3.0772e+01 -9.3186e+00 1.1306e+02 1.6016e+02 6.6107e+01 1.0469e+02 1.6007e+02 -4.4586e+01 -1.3325e+01 3.9148e+01 4.9292e+01 0.0000e+00 0.0000e+00
9.6696e-01 3.3787e+01 -2.8720e+01 -9.0866e+00 8.2441e+01 1.3177e+02 5.3616e+01 9.2731e+01 1.3775e+02 -3.9009e+01 -1.1269e+01 3.3212e+01 4.3164e+01 0.0000e+00 0.0000e+00
1.0484e+00 2.6194e+01 -2.6213e+01 -8.4966e+00 5.8340e+01 1.0739e+02 4.2864e+01 8.1787e+01 1.1753e+02 -3.3812e+01 -9.4427e+00 2.8035e+01 3.7645e+01 0.0000e+00 0.0000e+00
1.1367e+00 2.0105e+01 -2.3425e+01 -7.6593e+00 3.9850e+01 8.6736e+01 3.3787e+01 7.1823e+01 9.9428e+01 -2.9031e+01 -7.8403e+00 2.3544e+01 3.2697e+01 0.0000e+00 0.0000e+00
1.2325e+00 1.5285e+01 -2.0523e+01 -6.6838e+00 2.6056e+01 6.9452e+01 2.6273e+01 6.2798e+01 8.3417e+01 -2.4692e+01 -6.4519e+00 1.9671e+01 2.8284e+01 0.0000e+00 0.0000e+00
1.3363e+00 1.1517e+01 -1.7653e+01 -5.6660e+00 1.6077e+01 5.5171e+01 2.0171e+01 5.4667e+01 6.9427e+01 -2.0807e+01 -5.2640e+00 1.6353e+01 2.4366e+01 0.0000e+00 0.0000e+00
1.4488e+00 8.6083e+00 -1.4932e+01 -4.6814e+00 9.0966e+00 4.3514e+01 1.5306e+01 4.7383e+01 5.7347e+01 -1.7377e+01 -4.2601e+00 1.3528e+01 2.0907e+01 0.0000e+00 0.0000e+00
1.5709e+00 6.3887e+00 -1.2440e+01 -3.7819e+00 4.3971e+00 3.4105e+01 1.1491e+01 4.0894e+01 4.7035e+01 -1.4390e+01 -3.4217e+00 1.1139e+01 1.7869e+01 0.0000e+00 0.0000e+00
1.7032e+00 4.7125e+00 -1.0227e+01 -2.9964e+00 1.3751e+00 2.6587e+01 8.5470e+00 3.5148e+01 3.8325e+01 -1.1823e+01 -2.7294e+00 9.1315e+00 1.5215e+01 0.0000e+00 0.0000e+00
1.8467e+00 3.4585e+00 -8.3104e+00 -2.3350e+00 -4.5529e-01 2.0633e+01 6.3052e+00 3.0087e+01 3.1042e+01 -9.6432e+00 -2.1636e+00 7.4560e+00 1.2909e+01 0.0000e+00 0.0000e+00
2.0022e+00 2.5277e+00 -6.6855e+00 -1.7945e+00 -1.4691e+00 1.5952e+01 4.6188e+00 2.5655e+01 2.5007e+01 -7.8138e+00 -1.7055e+00 6.0656e+00 1.0914e+01 0.0000e+00 0.0000e+00
2.1709e+00 1.8413e+00 -5.3328e+00 -1.3634e+00 -1.9450e+00 1.2296e+01 3.3631e+00 2.1794e+01 2.0047e+01 -6.2941e+00 -1.3378e+00 4.9184e+00 9.1978e+00 0.0000e+00 0.0000e+00
2.3537e+00 1.3379e+00 -4.2234e+00 -1.0261e+00 -2.0829e+00 9.4554e+00 2.4363e+00 1.8449e+01 1.6001e+01 -5.0431e+00 -1.0448e+00 3.9765e+00 7.7276e+00 0.0000e+00 0.0000e+00
2.5520e+00 9.7026e-01 -3.3249e+00 -7.6647e-01 -2.0209e+00 7.2571e+00 1.7572e+00 1.5565e+01 1.2722e+01 -4.0218e+00 -8.1288e-01 3.2069e+00 6.4737e+00 0.0000e+00 0.0000e+00
2.7669e+00 7.0270e-01 -2.6046e+00 -5.6906e-01 -1.8513e+00 5.5617e+00 1.2626e+00 1.3090e+01 1.0079e+01 -3.1940e+00 -6.3042e-01 2.5807e+00 5.4085e+00 0.0000e+00 0.0000e+00
3.0000e+00 5.0845e-01 -2.0320e+00 -4.2048e-01 -1.6334e+00 4.2575e+00 9.0428e-01 1.0976e+01 7.9609e+00 -2.5272e+00 -4.8755e-01 2.0729e+00 4.5072e+00 0.0000e+00 0.0000e+00
