    0.10178E-04    0.52377E+02
    0.10497E-04    0.53962E+02
    0.10826E-04    0.55595E+02
    0.11166E-04    0.57277E+02
    0.11516E-04    0.59010E+02
    0.11877E-04    0.60795E+02
    0.12250E-04    0.62634E+02
    0.12634E-04    0.64529E+02
    0.13031E-04    0.66481E+02
    0.13439E-04    0.68493E+02
    0.13861E-04    0.70565E+02
    0.14296E-04    0.72700E+02
    0.14744E-04    0.74899E+02
    0.15207E-04    0.77165E+02
    0.15684E-04    0.79500E+02
    0.16176E-04    0.81905E+02
    0.16683E-04    0.84383E+02
    0.17206E-04    0.86936E+02
    0.17746E-04    0.89566E+02
    0.18303E-04    0.92276E+02
    0.18877E-04    0.95068E+02
    0.19469E-04    0.97944E+02
    0.20080E-04    0.10091E+03
    0.20710E-04    0.10396E+03
    0.21359E-04    0.10711E+03
    0.22029E-04    0.11035E+03
    0.22720E-04    0.11368E+03
    0.23433E-04    0.11712E+03
    0.24168E-04    0.12067E+03
    0.24926E-04    0.12432E+03
    0.25708E-04    0.12808E+03
    0.26515E-04    0.13195E+03
    0.27346E-04    0.13595E+03
    0.28204E-04    0.14006E+03
    0.29089E-04    0.14430E+03
    0.30001E-04    0.14866E+03
    0.30943E-04    0.15316E+03
    0.31913E-04    0.15779E+03
    0.32914E-04    0.16257E+03
    0.33947E-04    0.16748E+03
    0.35012E-04    0.17255E+03
    0.36110E-04    0.17777E+03
    0.37243E-04    0.18315E+03
    0.38411E-04    0.18869E+03
    0.39616E-04    0.19440E+03
    0.40859E-04    0.20028E+03
    0.42140E-04    0.20634E+03
    0.43462E-04    0.21258E+03
    0.44826E-04    0.21901E+03
    0.46232E-04    0.22563E+03
    0.47682E-04    0.23246E+03
    0.49178E-04    0.23949E+03
    0.50720E-04    0.24674E+03
    0.52311E-04    0.25420E+03
    0.53952E-04    0.26189E+03
    0.55645E-04    0.26981E+03
    0.57390E-04    0.27797E+03
    0.59191E-04    0.28638E+03
    0.61047E-04    0.29505E+03
    0.62962E-04    0.30397E+03
    0.64937E-04    0.31316E+03
    0.66975E-04    0.32264E+03
    0.69075E-04    0.33240E+03
    0.71242E-04    0.34245E+03
    0.73477E-04    0.35281E+03
    0.75782E-04    0.36348E+03
    0.78159E-04    0.37447E+03
    0.80611E-04    0.38580E+03
    0.83140E-04    0.39746E+03
    0.85748E-04    0.40948E+03
    0.88438E-04    0.42187E+03
    0.91212E-04    0.43463E+03
    0.94073E-04    0.44777E+03
    0.97024E-04    0.46131E+03
    0.10007E-03    0.47526E+03
    0.10321E-03    0.48963E+03
    0.10644E-03    0.50443E+03
    0.10978E-03    0.51968E+03
    0.11323E-03    0.53540E+03
    0.11678E-03    0.55158E+03
    0.12044E-03    0.56826E+03
    0.12422E-03    0.58543E+03
    0.12812E-03    0.60313E+03
    0.13214E-03    0.62136E+03
    0.13628E-03    0.64014E+03
    0.14056E-03    0.65949E+03
    0.14496E-03    0.67942E+03
    0.14951E-03    0.69995E+03
    0.15420E-03    0.72110E+03
    0.15904E-03    0.74288E+03
    0.16403E-03    0.76533E+03
    0.16917E-03    0.78844E+03
    0.17448E-03    0.81226E+03
    0.17995E-03    0.83679E+03
    0.18560E-03    0.86206E+03
    0.19142E-03    0.88809E+03
    0.19743E-03    0.91490E+03
    0.20362E-03    0.94252E+03
    0.21001E-03    0.97097E+03
    0.21659E-03    0.10003E+04
    0.22339E-03    0.10305E+04
    0.23040E-03    0.10615E+04
    0.23762E-03    0.10936E+04
    0.24508E-03    0.11265E+04
    0.25276E-03    0.11605E+04
    0.26069E-03    0.11955E+04
    0.26887E-03    0.12315E+04
    0.27731E-03    0.12686E+04
    0.28600E-03    0.13068E+04
    0.29498E-03    0.13462E+04
    0.30423E-03    0.13867E+04
    0.31377E-03    0.14285E+04
    0.32362E-03    0.14715E+04
    0.33377E-03    0.15157E+04
    0.34424E-03    0.15613E+04
    0.35504E-03    0.16082E+04
    0.36617E-03    0.16566E+04
    0.37766E-03    0.17063E+04
    0.38951E-03    0.17575E+04
    0.40172E-03    0.18103E+04
    0.41433E-03    0.18646E+04
    0.42732E-03    0.19205E+04
    0.44073E-03    0.19780E+04
    0.45455E-03    0.20373E+04
    0.46881E-03    0.20982E+04
    0.48352E-03    0.21610E+04
    0.49869E-03    0.22256E+04
    0.51433E-03    0.22921E+04
    0.53046E-03    0.23605E+04
    0.54710E-03    0.24309E+04
    0.56426E-03    0.25033E+04
    0.58197E-03    0.25779E+04
    0.60022E-03    0.26546E+04
    0.61905E-03    0.27335E+04
    0.63847E-03    0.28147E+04
    0.65850E-03    0.28982E+04
    0.67915E-03    0.29841E+04
    0.70046E-03    0.30724E+04
    0.72243E-03    0.31633E+04
    0.74509E-03    0.32568E+04
    0.76846E-03    0.33529E+04
    0.79257E-03    0.34517E+04
    0.81743E-03    0.35532E+04
    0.84308E-03    0.36577E+04
    0.86952E-03    0.37650E+04
    0.89680E-03    0.38753E+04
    0.92493E-03    0.39887E+04
    0.95394E-03    0.41052E+04
    0.98387E-03    0.42249E+04
    0.10147E-02    0.43479E+04
    0.10466E-02    0.44742E+04
    0.10794E-02    0.46040E+04
    0.11133E-02    0.47372E+04
    0.11482E-02    0.48740E+04
    0.11842E-02    0.50145E+04
    0.12213E-02    0.51587E+04
    0.12596E-02    0.53067E+04
    0.12992E-02    0.54585E+04
    0.13399E-02    0.56143E+04
    0.13819E-02    0.57742E+04
    0.14253E-02    0.59381E+04
    0.14700E-02    0.61062E+04
    0.15161E-02    0.62786E+04
    0.15637E-02    0.64552E+04
    0.16127E-02    0.66363E+04
    0.16633E-02    0.68218E+04
    0.17155E-02    0.70118E+04
    0.17693E-02    0.72064E+04
    0.18248E-02    0.74057E+04
    0.18821E-02    0.76096E+04
    0.19411E-02    0.78183E+04
    0.20020E-02    0.80319E+04
    0.20648E-02    0.82502E+04
    0.21296E-02    0.84736E+04
    0.21964E-02    0.87018E+04
    0.22653E-02    0.89350E+04
    0.23363E-02    0.91733E+04
    0.24096E-02    0.94166E+04
    0.24852E-02    0.96649E+04
    0.25632E-02    0.99184E+04
    0.26436E-02    0.10177E+05
    0.27265E-02    0.10440E+05
    0.28120E-02    0.10709E+05
    0.29002E-02    0.10983E+05
    0.29912E-02    0.11262E+05
    0.30850E-02    0.11545E+05
    0.31818E-02    0.11834E+05
    0.32816E-02    0.12127E+05
    0.33846E-02    0.12426E+05
    0.34907E-02    0.12729E+05
    0.36002E-02    0.13037E+05
    0.37132E-02    0.13349E+05
    0.38296E-02    0.13666E+05
    0.39498E-02    0.13987E+05
    0.40737E-02    0.14312E+05
    0.42015E-02    0.14641E+05
    0.43333E-02    0.14974E+05
    0.44692E-02    0.15311E+05
    0.46094E-02    0.15651E+05
    0.47540E-02    0.15994E+05
    0.49031E-02    0.16340E+05
    0.50569E-02    0.16689E+05
    0.52155E-02    0.17040E+05
    0.53791E-02    0.17393E+05
    0.55479E-02    0.17748E+05
    0.57219E-02    0.18104E+05
    0.59014E-02    0.18461E+05
    0.60865E-02    0.18819E+05
    0.62775E-02    0.19177E+05
    0.64744E-02    0.19534E+05
    0.66775E-02    0.19890E+05
    0.68869E-02    0.20246E+05
    0.71030E-02    0.20599E+05
    0.73258E-02    0.20950E+05
    0.75556E-02    0.21297E+05
    0.77926E-02    0.21641E+05
    0.80370E-02    0.21981E+05
    0.82892E-02    0.22315E+05
    0.85492E-02    0.22644E+05
    0.88174E-02    0.22966E+05
    0.90939E-02    0.23281E+05
    0.93792E-02    0.23587E+05
    0.96734E-02    0.23885E+05
    0.99769E-02    0.24172E+05
    0.10290E-01    0.24449E+05
    0.10613E-01    0.24715E+05
    0.10946E-01    0.24967E+05
    0.11289E-01    0.25206E+05
    0.11643E-01    0.25430E+05
    0.12008E-01    0.25638E+05
    0.12385E-01    0.25830E+05
    0.12773E-01    0.26003E+05
    0.13174E-01    0.26158E+05
    0.13587E-01    0.26293E+05
    0.14014E-01    0.26407E+05
    0.14453E-01    0.26498E+05
    0.14907E-01    0.26566E+05
    0.15374E-01    0.26611E+05
    0.15856E-01    0.26630E+05
    0.16354E-01    0.26622E+05
    0.16867E-01    0.26588E+05
    0.17396E-01    0.26526E+05
    0.17942E-01    0.26435E+05
    0.18504E-01    0.26315E+05
    0.19085E-01    0.26166E+05
    0.19684E-01    0.25986E+05
    0.20301E-01    0.25776E+05
    0.20938E-01    0.25536E+05
    0.21595E-01    0.25265E+05
    0.22272E-01    0.24964E+05
    0.22971E-01    0.24634E+05
    0.23691E-01    0.24275E+05
    0.24435E-01    0.23889E+05
    0.25201E-01    0.23477E+05
    0.25992E-01    0.23039E+05
    0.26807E-01    0.22579E+05
    0.27648E-01    0.22098E+05
    0.28515E-01    0.21599E+05
    0.29410E-01    0.21084E+05
    0.30332E-01    0.20556E+05
    0.31284E-01    0.20018E+05
    0.32265E-01    0.19474E+05
    0.33277E-01    0.18926E+05
    0.34321E-01    0.18379E+05
    0.35398E-01    0.17837E+05
    0.36508E-01    0.17301E+05
    0.37653E-01    0.16777E+05
    0.38834E-01    0.16267E+05
    0.40052E-01    0.15774E+05
    0.41309E-01    0.15301E+05
    0.42605E-01    0.14851E+05
    0.43941E-01    0.14425E+05
    0.45320E-01    0.14024E+05
    0.46741E-01    0.13649E+05
    0.48207E-01    0.13300E+05
    0.49720E-01    0.12976E+05
    0.51279E-01    0.12676E+05
    0.52888E-01    0.12396E+05
    0.54547E-01    0.12134E+05
    0.56258E-01    0.11885E+05
    0.58023E-01    0.11644E+05
    0.59843E-01    0.11405E+05
    0.61720E-01    0.11162E+05
    0.63656E-01    0.10910E+05
    0.65653E-01    0.10642E+05
    0.67713E-01    0.10354E+05
    0.69837E-01    0.10040E+05
    0.72027E-01    0.96995E+04
    0.74287E-01    0.93318E+04
    0.76617E-01    0.89389E+04
    0.79021E-01    0.85251E+04
    0.81499E-01    0.80964E+04
    0.84056E-01    0.76617E+04
    0.86693E-01    0.72309E+04
    0.89412E-01    0.68146E+04
    0.92217E-01    0.64229E+04
    0.95110E-01    0.60644E+04
    0.98093E-01    0.57456E+04
    0.10117E+00    0.54708E+04
    0.10434E+00    0.52387E+04
    0.10762E+00    0.50470E+04
    0.11099E+00    0.48886E+04
    0.11447E+00    0.47525E+04
    0.11807E+00    0.46270E+04
    0.12177E+00    0.44983E+04
    0.12559E+00    0.43541E+04
    0.12953E+00    0.41857E+04
    0.13359E+00    0.39891E+04
    0.13778E+00    0.37677E+04
    0.14210E+00    0.35300E+04
    0.14656E+00    0.32899E+04
    0.15116E+00    0.30620E+04
    0.15590E+00    0.28596E+04
    0.16079E+00    0.26907E+04
    0.16584E+00    0.25573E+04
    0.17104E+00    0.24542E+04
    0.17640E+00    0.23701E+04
    0.18194E+00    0.22908E+04
    0.18764E+00    0.22026E+04
    0.19353E+00    0.20970E+04
    0.19960E+00    0.19735E+04
    0.20586E+00    0.18399E+04
    0.21232E+00    0.17089E+04
    0.21898E+00    0.15929E+04
    0.22585E+00    0.14986E+04
    0.23293E+00    0.14251E+04
    0.24024E+00    0.13642E+04
    0.24778E+00    0.13049E+04
    0.25555E+00    0.12385E+04
    0.26357E+00    0.11630E+04
    0.27183E+00    0.10841E+04
    0.28036E+00    0.10105E+04
    0.28916E+00    0.94822E+03
    0.29823E+00    0.89726E+03
    0.30758E+00    0.85207E+03
    0.31723E+00    0.80614E+03
    0.32718E+00    0.75685E+03
    0.33745E+00    0.70687E+03
    0.34803E+00    0.66097E+03
    0.35895E+00    0.62141E+03
    0.37021E+00    0.58633E+03
    0.38182E+00    0.55218E+03
    0.39380E+00    0.51750E+03
    0.40615E+00    0.48387E+03
    0.41889E+00    0.45332E+03
    0.43203E+00    0.42587E+03
    0.44558E+00    0.39988E+03
    0.45956E+00    0.37445E+03
    0.47398E+00    0.35025E+03
    0.48885E+00    0.32802E+03
    0.50418E+00    0.30742E+03
    0.52000E+00    0.28777E+03
    0.53631E+00    0.26908E+03
    0.55313E+00    0.25169E+03
    0.57048E+00    0.23548E+03
    0.58838E+00    0.22016E+03
    0.60684E+00    0.20573E+03
    0.62587E+00    0.19226E+03
    0.64550E+00    0.17963E+03
    0.66575E+00    0.16776E+03
    0.68664E+00    0.15665E+03
    0.70818E+00    0.14625E+03
    0.73039E+00    0.13649E+03
    0.75330E+00    0.12736E+03
    0.77693E+00    0.11881E+03
    0.80130E+00    0.11081E+03
    0.82644E+00    0.10333E+03
    0.85237E+00    0.96324E+02
    0.87910E+00    0.89777E+02
    0.90668E+00    0.83658E+02
    0.93512E+00    0.77940E+02
    0.96446E+00    0.72598E+02
    0.99471E+00    0.67608E+02
    0.10259E+01    0.62948E+02
    0.10581E+01    0.58597E+02
    0.10913E+01    0.54536E+02
    0.11255E+01    0.50747E+02
    0.11608E+01    0.47211E+02
    0.11972E+01    0.43914E+02
    0.12348E+01    0.40840E+02
    0.12735E+01    0.37974E+02
    0.13135E+01    0.35302E+02
    0.13547E+01    0.32813E+02
    0.13972E+01    0.30494E+02
    0.14410E+01    0.28334E+02
    0.14862E+01    0.26322E+02
    0.15328E+01    0.24449E+02
    0.15809E+01    0.22706E+02
    0.16305E+01    0.21083E+02
    0.16817E+01    0.19573E+02
    0.17344E+01    0.18168E+02
    0.17888E+01    0.16862E+02
    0.18449E+01    0.15647E+02
    0.19028E+01    0.14518E+02
    0.19625E+01    0.13467E+02
    0.20240E+01    0.12491E+02
    0.20875E+01    0.11584E+02
    0.21530E+01    0.10742E+02
    0.22206E+01    0.99588E+01
    0.22902E+01    0.92317E+01
    0.23621E+01    0.85565E+01
    0.24362E+01    0.79297E+01
    0.25126E+01    0.73477E+01
    0.25914E+01    0.68076E+01
    0.26727E+01    0.63063E+01
    0.27565E+01    0.58411E+01
    0.28430E+01    0.54095E+01
    0.29322E+01    0.50092E+01
    0.30242E+01    0.46380E+01
    0.31190E+01    0.42938E+01
    0.32169E+01    0.39746E+01
    0.33178E+01    0.36786E+01
    0.34219E+01    0.34043E+01
    0.35292E+01    0.31501E+01
    0.36399E+01    0.29145E+01
    0.37541E+01    0.26963E+01
    0.38718E+01    0.24941E+01
    0.39933E+01    0.23068E+01
    0.41186E+01    0.21333E+01
    0.42478E+01    0.19727E+01
    0.43810E+01    0.18239E+01
    0.45184E+01    0.16862E+01
    0.46602E+01    0.15588E+01
    0.48064E+01    0.14408E+01
    0.49571E+01    0.13316E+01
    0.51126E+01    0.12305E+01
    0.52730E+01    0.11370E+01
    0.54384E+01    0.10506E+01
    0.56090E+01    0.97056E+00
    0.57850E+01    0.89656E+00
    0.59664E+01    0.82811E+00
    0.61536E+01    0.76482E+00
    0.63466E+01    0.70631E+00
    0.65457E+01    0.65221E+00
    0.67510E+01    0.60220E+00
    0.69628E+01    0.55597E+00
    0.71812E+01    0.51324E+00
    0.74065E+01    0.47376E+00
    0.76388E+01    0.43728E+00
    0.78785E+01    0.40357E+00
    0.81256E+01    0.37242E+00
    0.83805E+01    0.34365E+00
    0.86434E+01    0.31708E+00
    0.89145E+01    0.29254E+00
    0.91942E+01    0.26987E+00
    0.94826E+01    0.24894E+00
    0.97800E+01    0.22962E+00
    0.10087E+02    0.21178E+00
    0.10403E+02    0.19530E+00
    0.10730E+02    0.18010E+00
    0.11066E+02    0.16607E+00
    0.11413E+02    0.15312E+00
    0.11771E+02    0.14116E+00
    0.12141E+02    0.13013E+00
    0.12521E+02    0.11996E+00
    0.12914E+02    0.11057E+00
    0.13319E+02    0.10191E+00
    0.13737E+02    0.93919E-01
    0.14168E+02    0.86549E-01
    0.14612E+02    0.79752E-01
    0.15071E+02    0.73483E-01
    0.15544E+02    0.67703E-01
    0.16031E+02    0.62372E-01
    0.16534E+02    0.57458E-01
    0.17053E+02    0.52927E-01
    0.17588E+02    0.48750E-01
    0.18139E+02    0.44900E-01
    0.18708E+02    0.41350E-01
    0.19295E+02    0.38079E-01
    0.19901E+02    0.35065E-01
    0.20525E+02    0.32286E-01
    0.21169E+02    0.29726E-01
    0.21833E+02    0.27368E-01
    0.22518E+02    0.25194E-01
    0.23224E+02    0.23192E-01
    0.23952E+02    0.21347E-01
    0.24704E+02    0.19648E-01
    0.25479E+02    0.18083E-01
    0.26278E+02    0.16642E-01
    0.27102E+02    0.15314E-01
    0.27952E+02    0.14091E-01
    0.28829E+02    0.12966E-01
    0.29734E+02    0.11929E-01
    0.30666E+02    0.10974E-01
    0.31628E+02    0.10096E-01
    0.32621E+02    0.92867E-02
    0.33644E+02    0.85419E-02
    0.34699E+02    0.78563E-02
    0.35788E+02    0.72253E-02
    0.36910E+02    0.66445E-02
    0.38068E+02    0.61100E-02
    0.39262E+02    0.56181E-02
    0.40494E+02    0.51655E-02
    0.41764E+02    0.47489E-02
    0.43074E+02    0.43657E-02
    0.44425E+02    0.40131E-02
    0.45819E+02    0.36887E-02
    0.47256E+02    0.33903E-02
    0.48739E+02    0.31157E-02
    0.50268E+02    0.28632E-02
