# s8 = 0.8195 
#  k, 0.95*s8, 0.97*s8, 1.*s8, 1.03*s8, 1.05*s8
1.017799999999999979e-05 1.785655071382819870e+01 1.861631974143042001e+01 1.978565176047445817e+01 2.099059795268735584e+01 2.181368106592309175e+01
1.049699999999999962e-05 1.839691447810292857e+01 1.917967516060614486e+01 2.038439277352125600e+01 2.162580229342869842e+01 2.247379303280717977e+01
1.082599999999999935e-05 1.895364257088566617e+01 1.976009118553609412e+01 2.100126600652151510e+01 2.228024310631867522e+01 2.315389577218996919e+01
1.116599999999999948e-05 1.952707591568699286e+01 2.035792324550681087e+01 2.163664921405760921e+01 2.295432115119372085e+01 2.385440575849851896e+01
1.151599999999999952e-05 2.011789635952807842e+01 2.097388219909138130e+01 2.229129790529426103e+01 2.364883794772668679e+01 2.457615594058692920e+01
1.187699999999999996e-05 2.072644482591949000e+01 2.160832347557634847e+01 2.296558983481384431e+01 2.436419425575400766e+01 2.531956279288225886e+01
1.224999999999999960e-05 2.135340316188241871e+01 2.226195793353481278e+01 2.366028051178107461e+01 2.510119159494853491e+01 2.608545926423862582e+01
1.263399999999999965e-05 2.199945321443800950e+01 2.293549643153986040e+01 2.437612544536067105e+01 2.586063148498313780e+01 2.687467830351014797e+01
1.303099999999999941e-05 2.266493590709686146e+01 2.362929439887804506e+01 2.511350239013502872e+01 2.664291468569424737e+01 2.768763638512387004e+01
1.343899999999999957e-05 2.335087401039071864e+01 2.434441812340900313e+01 2.587354460985121563e+01 2.744924347659115327e+01 2.852558293236096176e+01
1.386099999999999993e-05 2.405726752431957749e+01 2.508086760513274172e+01 2.665625210450923532e+01 2.827961785767384484e+01 2.938851794522142669e+01
1.429600000000000001e-05 2.478513921941519982e+01 2.583970913190888297e+01 2.746275813785618070e+01 2.913524010845161527e+01 3.027769084698643454e+01
1.474399999999999978e-05 2.553483001918815987e+01 2.662129813302397707e+01 2.829344046447441130e+01 3.001651098876090273e+01 3.119351811208304426e+01
1.520700000000000026e-05 2.630736269417021234e+01 2.742670089633767105e+01 2.914943234811103778e+01 3.092463277811099687e+01 3.213724916379241137e+01
1.568400000000000095e-05 2.710341909138250571e+01 2.825662828042305108e+01 3.003148929793075084e+01 3.186040699617473493e+01 3.310971695096866085e+01
1.617599999999999895e-05 2.792334013433565332e+01 2.911143571456667090e+01 3.093998906851595621e+01 3.282423440278858351e+01 3.411133794803885166e+01
1.668299999999999934e-05 2.876814859356138498e+01 2.999218948662814910e+01 3.187606492361372901e+01 3.381731727746179672e+01 3.514336157828413576e+01
1.720600000000000094e-05 2.963852631608088473e+01 3.089960045518061804e+01 3.284047237238878836e+01 3.484045713986726867e+01 3.620662079055864524e+01
1.774599999999999916e-05 3.053515514891529392e+01 3.183437947879711416e+01 3.383396692400586403e+01 3.589445550967782594e+01 3.730194853371646246e+01
1.830300000000000077e-05 3.145905786259638504e+01 3.279759284533732711e+01 3.485768184221205246e+01 3.698051466640276885e+01 3.843059423103878913e+01
1.887699999999999900e-05 3.241091630414531721e+01 3.378995141337432528e+01 3.591237263617209408e+01 3.809943612971497373e+01 3.959339083137973603e+01
1.946899999999999944e-05 3.339141232058325670e+01 3.481216604148121263e+01 3.699879481505069378e+01 3.925202141928728139e+01 4.079117128359339262e+01
2.008000000000000087e-05 3.440259145297369514e+01 3.586636930537723345e+01 3.811921490634204446e+01 4.044067509413828532e+01 4.202643443424210545e+01
2.070999999999999992e-05 3.544240816025315155e+01 3.695042862934315053e+01 3.927136638255196033e+01 4.166299259524937781e+01 4.329668143676354930e+01
2.135899999999999997e-05 3.651631721859094171e+01 3.807003088196368878e+01 4.046129331699827958e+01 4.292538608000348432e+01 4.460857588199061041e+01
2.202899999999999864e-05 3.762090939288124503e+01 3.922162177037336761e+01 4.168521816385734979e+01 4.422384795003625158e+01 4.595795302565272777e+01
2.271999999999999931e-05 3.875618468312406861e+01 4.040520129457223675e+01 4.294314092312917097e+01 4.555837820534772220e+01 4.734481286774990139e+01
2.343300000000000079e-05 3.992896155953106785e+01 4.162787804029115790e+01 4.424261668646101242e+01 4.693699204266648906e+01 4.877748489682326039e+01
2.416799999999999968e-05 4.113924002210223563e+01 4.288965200753018792e+01 4.558364545385288835e+01 4.835968946199253793e+01 5.025596911287281188e+01
2.492600000000000157e-05 4.238361083573173715e+01 4.418696890342381778e+01 4.696244967948115345e+01 4.982246286496155818e+01 5.177610077162797353e+01
2.570799999999999849e-05 4.366548323552542854e+01 4.552338302083754229e+01 4.838280690916946014e+01 5.132931984993787466e+01 5.334204461735932767e+01
2.651499999999999940e-05 4.498485722148328847e+01 4.689889435977134013e+01 4.984471714291776578e+01 5.288026041692147317e+01 5.495380065006685300e+01
2.734599999999999873e-05 4.634855126381700785e+01 4.832061150595615118e+01 5.135573547237341785e+01 5.448329976264095365e+01 5.661969835829168574e+01
2.820399999999999966e-05 4.774974689231488867e+01 4.978142587366103555e+01 5.290830680588909729e+01 5.613042269036772325e+01 5.833140825349272518e+01
2.908899999999999881e-05 4.919526257718863604e+01 5.128844604861694023e+01 5.450998623511205210e+01 5.782964439683038194e+01 6.009725982421104362e+01
3.000099999999999956e-05 5.068168908333237255e+01 5.283811773795837752e+01 5.615699621421869381e+01 5.957695728366460486e+01 6.191308832617612268e+01
3.094299999999999834e-05 5.221584488095780330e+01 5.443754952741628017e+01 5.785689183485629172e+01 6.138037654759902750e+01 6.378722324792905596e+01
3.191299999999999752e-05 5.379432073495906508e+01 5.608318712412518892e+01 5.960589555120117922e+01 6.323589459026933213e+01 6.571549984519931797e+01
3.291399999999999692e-05 5.542393511554785590e+01 5.778213911381602941e+01 6.141156245490066823e+01 6.515152660840411158e+01 6.770624760652798102e+01
3.394699999999999871e-05 5.709786955251248486e+01 5.952729691075789020e+01 6.326633745430746103e+01 6.711925740527479434e+01 6.975113704337397280e+01
3.501200000000000292e-05 5.882635175117047055e+01 6.132932339354714912e+01 6.518155318689248645e+01 6.915110977597423414e+01 7.186266238854896926e+01
3.610999999999999816e-05 6.060597247641597107e+01 6.318466426931832558e+01 6.715343210683208497e+01 7.124307612213817720e+01 7.403665889778238807e+01
3.724300000000000239e-05 6.244014096335479991e+01 6.509687383093688595e+01 6.918575175994993742e+01 7.339916404213086309e+01 7.627729131534479734e+01
3.841100000000000205e-05 6.432885721198697127e+01 6.706595207840285866e+01 7.127851214624595855e+01 7.561937353595234867e+01 7.858455964123619708e+01
3.961600000000000153e-05 6.627553045741835547e+01 6.909545330458165324e+01 7.343549081154388602e+01 7.790771220196691615e+01 8.096262861972715541e+01
4.085900000000000301e-05 6.828016069964890278e+01 7.118537750947332654e+01 7.565668775584367722e+01 8.026418004017457974e+01 8.341149825081765812e+01
4.213999999999999972e-05 7.034615717378449062e+01 7.333927898594330941e+01 7.794588052496897035e+01 8.269278464893957903e+01 8.593533327877830175e+01
4.346199999999999825e-05 7.247351987982510479e+01 7.555715773399161606e+01 8.030306911891977961e+01 8.519352602826198506e+01 8.853413370360902945e+01
4.482600000000000077e-05 7.466565805287652324e+01 7.784256804648367734e+01 8.273203108351967217e+01 8.777041177650600901e+01 9.121206426958045199e+01
4.623200000000000053e-05 7.692257169293880281e+01 8.019550992341952167e+01 8.523276641876877591e+01 9.042344189367176455e+01 9.396912497669256936e+01
4.768200000000000189e-05 7.925107927022362730e+01 8.262309195053009603e+01 8.781283021631425356e+01 9.316063157648780191e+01 9.681364531348646096e+01
4.917800000000000247e-05 8.164777154962513350e+01 8.512175983494989850e+01 9.046844493033253798e+01 9.597797322658981045e+01 9.974146053569164394e+01
5.072000000000000228e-05 8.411946700135497679e+01 8.769862216240986186e+01 9.320716565247087715e+01 9.888348204070635461e+01 1.027609001318491408e+02
5.231100000000000111e-05 8.666275639030733657e+01 9.035012464004451260e+01 9.602521483690564708e+01 1.018731504204731806e+02 1.058677993576884546e+02
5.395200000000000115e-05 8.928445818669391087e+01 9.308337585358484034e+01 9.893014757528410996e+01 1.049549935626188955e+02 1.090704877017507073e+02
5.564500000000000002e-05 9.198457239051465706e+01 9.589837580303073139e+01 1.019219638676062516e+02 1.081290114671434708e+02 1.123689651640359273e+02
5.738999999999999771e-05 9.476650823687543834e+01 9.879867878124774450e+01 1.050044412596957812e+02 1.113992117324112314e+02 1.157673964888145832e+02
5.919100000000000300e-05 9.763367496088204689e+01 1.017878390811012963e+02 1.081813572973762376e+02 1.147696019567864312e+02 1.192699464203572859e+02
6.104700000000000014e-05 1.005894817976403601e+02 1.048694109954568745e+02 1.114564895264713300e+02 1.182441897386334375e+02 1.228807797029346460e+02
6.296199999999999789e-05 1.036305195120445575e+02 1.080398402314490056e+02 1.148260604011573918e+02 1.218189674795878688e+02 1.265957315922760245e+02
6.493700000000000524e-05 1.067636065743062517e+02 1.113062353748085798e+02 1.182976250130817277e+02 1.255019503763784030e+02 1.304231315769226285e+02
6.697500000000000165e-05 1.099955614546371265e+02 1.146757050112665866e+02 1.218787384538915717e+02 1.293011536257335763e+02 1.343713091454154664e+02
6.907499999999999849e-05 1.133229749179313757e+02 1.181446948479574957e+02 1.255656231777632996e+02 1.332125696292891064e+02 1.384360995534840697e+02
7.124200000000000671e-05 1.167492561992948197e+02 1.217167591777468516e+02 1.293620567305206066e+02 1.372402059854092897e+02 1.426216675453989353e+02
7.347700000000000140e-05 1.202812237689391566e+02 1.253990065863655019e+02 1.332755942038106980e+02 1.413920778908227476e+02 1.469363426097013132e+02
7.578200000000000051e-05 1.239188776268643295e+02 1.291914370738134892e+02 1.373062355976335880e+02 1.456681853455295368e+02 1.513801247463910329e+02
7.815899999999999486e-05 1.276656270081762017e+02 1.330976049329562443e+02 1.414577584578129859e+02 1.500725359478938117e+02 1.559571786997388472e+02
8.061100000000000459e-05 1.315282903830864427e+02 1.371246187495247000e+02 1.457377178759960543e+02 1.546131448946442219e+02 1.606758339582856649e+02
8.313999999999999342e-05 1.355034585164892178e+02 1.412689242306533970e+02 1.501423363063592262e+02 1.592860045874164996e+02 1.655319257777610744e+02
8.574800000000000640e-05 1.396013591137020455e+02 1.455411842549387416e+02 1.546829463863734304e+02 1.641031378213035623e+02 1.705379483909767373e+02
8.843799999999999589e-05 1.438254014098307039e+02 1.499449531152461930e+02 1.593633256618622625e+02 1.690685521946696497e+02 1.756980665422031791e+02
9.121199999999999339e-05 1.481755854048751928e+02 1.544802308115757512e+02 1.641834741328257223e+02 1.741822477075148186e+02 1.810122802314403430e+02
9.407300000000000547e-05 1.526553203339414893e+02 1.591505716367928187e+02 1.691471693450875193e+02 1.794482319582033085e+02 1.864847542029589818e+02
9.702399999999999805e-05 1.572714246672410354e+02 1.639630841766283993e+02 1.742619663902948162e+02 1.848745201434637977e+02 1.921238179453000043e+02
1.000699999999999957e-04 1.620273076398798651e+02 1.689213227239478954e+02 1.795316428142713505e+02 1.904651198616604688e+02 1.979336362027341352e+02
1.032099999999999961e-04 1.669263784869637561e+02 1.740288415716168231e+02 1.849599761628406895e+02 1.962240387111577604e+02 2.039183737195318997e+02
1.064400000000000041e-04 1.719720464435984866e+02 1.792891950125005849e+02 1.905507439818265709e+02 2.021552842903197700e+02 2.100821952399637951e+02
1.097799999999999959e-04 1.771711299799957544e+02 1.847094916323301845e+02 1.963115013628761574e+02 2.082668717958753462e+02 2.164334302525709575e+02
1.132299999999999984e-04 1.825304475663672861e+02 1.902968400168365122e+02 2.022498033976368390e+02 2.145668164245529113e+02 2.229804082458946084e+02
1.167800000000000034e-04 1.880465899676071331e+02 1.960476858731540233e+02 2.083618725402849066e+02 2.210511105779882541e+02 2.297189644756640803e+02
1.204400000000000056e-04 1.937331941241386630e+02 2.019762463727446971e+02 2.146628189741148844e+02 2.277357846496384468e+02 2.366657579189616456e+02
1.242199999999999999e-04 1.995868508008560980e+02 2.080789672227429890e+02 2.211488651533031771e+02 2.346168310411393634e+02 2.438166238315167789e+02
1.281200000000000134e-04 2.056211969381828339e+02 2.143700655946107361e+02 2.278351212611443373e+02 2.417102801459480474e+02 2.511882211904116957e+02
1.321399999999999918e-04 2.118362325361187004e+02 2.208495414883480521e+02 2.347215872976384787e+02 2.490161319640646127e+02 2.587805499956464246e+02
1.362799999999999895e-04 2.182387760648755091e+02 2.275245034896857135e+02 2.418158183544326789e+02 2.565424016922175383e+02 2.666019397357620164e+02
1.405599999999999959e-04 2.248356459946648158e+02 2.344020601843547240e+02 2.491253695231742995e+02 2.642971045271356729e+02 2.746607198992996928e+02
1.449599999999999945e-04 2.316302515605925123e+02 2.414857658652204861e+02 2.566540183496869645e+02 2.722842480671828866e+02 2.829610552305298938e+02
1.495099999999999966e-04 2.386294112328702681e+02 2.487827291180140321e+02 2.644093199256180355e+02 2.805118475090882271e+02 2.915112752179938980e+02
1.542000000000000076e-04 2.458399434817098381e+02 2.563000585284661383e+02 2.723988293426147038e+02 2.889879180495799460e+02 3.003197093502328130e+02
1.590399999999999952e-04 2.532652575422168582e+02 2.640413083894424631e+02 2.806263241465006786e+02 2.977164672870225104e+02 3.093905223715169654e+02
1.640300000000000135e-04 2.609189903548148095e+02 2.720206958724047013e+02 2.891069145205704558e+02 3.067135256148731628e+02 3.187403732589289120e+02
1.691700000000000083e-04 2.687977326843978858e+02 2.802346666844874790e+02 2.978368229190003262e+02 3.159750854347674363e+02 3.283650972681979283e+02
1.744799999999999964e-04 2.769185307064950621e+02 2.887009922900180072e+02 3.068349370709086656e+02 3.255211847385269834e+02 3.382855181206768407e+02
1.799500000000000101e-04 2.852813844211065657e+02 2.974196726889963429e+02 3.161012569762953603e+02 3.353518235261517475e+02 3.485016358163656491e+02
1.856000000000000119e-04 2.938965215335497305e+02 3.064013707600187786e+02 3.256471152726312539e+02 3.454790245927345609e+02 3.590259445880760154e+02
1.914200000000000070e-04 3.027707605140364535e+02 3.156531950888164033e+02 3.354800670515638785e+02 3.559108031350041301e+02 3.698667739243492179e+02
1.974300000000000122e-04 3.119109198327781201e+02 3.251822542611201357e+02 3.456076674047403117e+02 3.666551743496889344e+02 3.810324533137261369e+02
2.036200000000000054e-04 3.213272271950922914e+02 3.349992111555261545e+02 3.560412489696314537e+02 3.777241610318819767e+02 3.925354769890185480e+02
2.100100000000000035e-04 3.310265010711909213e+02 3.451111743577657194e+02 3.667883668378847233e+02 3.891257783783118498e+02 4.043841744387677863e+02
2.165900000000000117e-04 3.410257876366027858e+02 3.555359153321657573e+02 3.778679087386180413e+02 4.008800643807998654e+02 4.165993693843263372e+02
2.233899999999999872e-04 3.513216776562222776e+02 3.662698797858610078e+02 3.892760971260080964e+02 4.129830114409820681e+02 4.291768970814239310e+02
2.303999999999999896e-04 3.618903064843085531e+02 3.772881876687933413e+02 4.009864891792892649e+02 4.254065663703080418e+02 4.420876043201664061e+02
2.376199999999999916e-04 3.728339511740365992e+02 3.886974677669263087e+02 4.131124112731707214e+02 4.382709571197067930e+02 4.554564334286707776e+02
2.450800000000000049e-04 3.840503346722314291e+02 4.003910912942964160e+02 4.255405370329434049e+02 4.514559557382495996e+02 4.691584420788201442e+02
2.527599999999999856e-04 3.956417340320678591e+02 4.124756870368672708e+02 4.383841928333163196e+02 4.650817901768652973e+02 4.833185725987312367e+02
2.606899999999999994e-04 4.075740569024878823e+02 4.249157120659843940e+02 4.516056032160531117e+02 4.791083844519106947e+02 4.978951775456984592e+02
2.688699999999999922e-04 4.198473032834913283e+02 4.377111663816477289e+02 4.652047681811537814e+02 4.935357385633861327e+02 5.128882569197221528e+02
2.773100000000000131e-04 4.324955655261364313e+02 4.508975929125116977e+02 4.792194631868548527e+02 5.084039284949342914e+02 5.283394581635074019e+02
2.860000000000000129e-04 4.455188436304234187e+02 4.644749916585766414e+02 4.936496882331560982e+02 5.237129542465553413e+02 5.442487812770546043e+02
2.949800000000000252e-04 4.589512299474104680e+02 4.784789055484972096e+02 5.085332187782941560e+02 5.395028918018923605e+02 5.606578737030694128e+02
3.042300000000000061e-04 4.727586321260393447e+02 4.928737916536181274e+02 5.238322793640325017e+02 5.557336651773021003e+02 5.775250879988458337e+02
3.137699999999999994e-04 4.870092348684265176e+02 5.077307358312493193e+02 5.396224209068437858e+02 5.724854263400706031e+02 5.949337190497953998e+02
3.236199999999999949e-04 5.016689458235140364e+02 5.230141951527360789e+02 5.558658679484919958e+02 5.897180993065551320e+02 6.128421194132124583e+02
3.337699999999999977e-04 5.167377649913015603e+02 5.387241696180783492e+02 5.725626204889769042e+02 6.074316840767554595e+02 6.312502890890968956e+02
3.442399999999999974e-04 5.322838770739057281e+02 5.549317450845851454e+02 5.897882294447709910e+02 6.257063326179575142e+02 6.502415229628600173e+02
3.550399999999999888e-04 5.482731897202685332e+02 5.716013786236019314e+02 6.075049193576383004e+02 6.445019689465185593e+02 6.697741735917962842e+02
3.661700000000000263e-04 5.647738876325065576e+02 5.888041560924381201e+02 6.257882411440515398e+02 6.638987450297242958e+02 6.899315358613167746e+02
3.776599999999999857e-04 5.817177861085028781e+02 6.064689916337842988e+02 6.445626438875376607e+02 6.838165089002887953e+02 7.106303148860102965e+02
3.895099999999999756e-04 5.991730698503744179e+02 6.246669711049498801e+02 6.639036785045700526e+02 7.043354125254982137e+02 7.319538055512884966e+02
4.017199999999999959e-04 6.171738312091792977e+02 6.434336374345892864e+02 6.838491204533843302e+02 7.254955318889954015e+02 7.539436552998561183e+02
4.143300000000000260e-04 6.356859778338592832e+02 6.627334476940480954e+02 7.043611942757445377e+02 7.472567910071372808e+02 7.765582166890081908e+02
4.273200000000000219e-04 6.547436020754730635e+02 6.826019448119808430e+02 7.254776754298870856e+02 7.696592658635672706e+02 7.998391371614503669e+02
4.407300000000000171e-04 6.743467039340201836e+02 7.030391287883875293e+02 7.471985639158117465e+02 7.927029564582848025e+02 8.237864167171825329e+02
4.545500000000000170e-04 6.945634681116174534e+02 7.241160854805771123e+02 7.695994106499916825e+02 8.164680147585759187e+02 8.484833502416158808e+02
4.688100000000000058e-04 7.153257099061480631e+02 7.457617290312407476e+02 7.926046647159535041e+02 8.408742887971551454e+02 8.738466428493388776e+02
4.835199999999999785e-04 7.367357063707875113e+02 7.680826882263424977e+02 8.163276524884070113e+02 8.660420065249511481e+02 9.000012368684689363e+02
4.986899999999999840e-04 7.587593651544767681e+02 7.910434201372270309e+02 8.407305985091155662e+02 8.919310919583207351e+02 9.269054848563001769e+02
5.143300000000000172e-04 7.814307786082747498e+02 8.146794676925492240e+02 8.658512782363155793e+02 9.185816210809073254e+02 9.546010342555380248e+02
5.304599999999999593e-04 8.047499467321813427e+02 8.389908308923095319e+02 8.916896916700070506e+02 9.459935938927102370e+02 9.830878850661827073e+02
5.471000000000000169e-04 8.287509618772544400e+02 8.640130526651622631e+02 9.182836142684262768e+02 9.742070863773732299e+02 1.012407684730939991e+03
5.642600000000000220e-04 8.534338240434948375e+02 8.897461330111071902e+02 9.456330460315731443e+02 1.003222098534895963e+03 1.042560433249809648e+03
5.819700000000000133e-04 8.788667179330186627e+02 9.162611577874538398e+02 9.738135378759207015e+02 1.033118782332564479e+03 1.073629425508202530e+03
6.002200000000000504e-04 9.050155511947673403e+02 9.435225840655476759e+02 1.002787314343232424e+03 1.063857061786735585e+03 1.105573014063414121e+03
6.190500000000000039e-04 9.319144161797999004e+02 9.715659547740427797e+02 1.032592150891744950e+03 1.095477012881052133e+03 1.138432846358148936e+03
6.384700000000000314e-04 9.595974052391741225e+02 1.000426812841594369e+03 1.063265822979694349e+03 1.128018711599157768e+03 1.172250569835113083e+03
6.585000000000000141e-04 9.880645183728905749e+02 1.030105158268202331e+03 1.094808330607080961e+03 1.161482157941052037e+03 1.207026184494306563e+03
6.791500000000000011e-04 1.017349847932006810e+03 1.060636533982521314e+03 1.127257449232140516e+03 1.195907427890377676e+03 1.242801337778435027e+03
7.004599999999999715e-04 1.047453393916523737e+03 1.092020939984550523e+03 1.160613178854873695e+03 1.231294521447135594e+03 1.279576029687498476e+03
7.224300000000000339e-04 1.078443341028557143e+03 1.124329462131600849e+03 1.194951070391753092e+03 1.267723590578610811e+03 1.317433555106907988e+03
7.450900000000000101e-04 1.110319689268107595e+03 1.157562100423670472e+03 1.230271123842778707e+03 1.305194635284803780e+03 1.356373914036663564e+03
7.684599999999999981e-04 1.143082438635175322e+03 1.191718854860760530e+03 1.266573339207950085e+03 1.343707655565714731e+03 1.396397106476764975e+03
7.925700000000000366e-04 1.176765681480817648e+03 1.226835268371525217e+03 1.303895491945504546e+03 1.383302727404985717e+03 1.437544779869918784e+03
8.174299999999999579e-04 1.211369417805035482e+03 1.262911340955964533e+03 1.342237582055441180e+03 1.423979850802617420e+03 1.479816934216124082e+03
8.430799999999999579e-04 1.246995924661003983e+03 1.300053701400042655e+03 1.381712935912469675e+03 1.465859253709538962e+03 1.523338511843497599e+03
8.695200000000000368e-04 1.283577017346605771e+03 1.338191263846450511e+03 1.422246002600117208e+03 1.508860784158464185e+03 1.568026217866629167e+03
8.968000000000000060e-04 1.321180880563957771e+03 1.377395114152496262e+03 1.463912333034856374e+03 1.553064594116678791e+03 1.613963347170928955e+03
9.249300000000000230e-04 1.359841606664118217e+03 1.417700795246835469e+03 1.506749702674923583e+03 1.598510759567826199e+03 1.661191547199103525e+03
9.539400000000000180e-04 1.399559195647087563e+03 1.459108307129468130e+03 1.550758111520318835e+03 1.645199280511906636e+03 1.709710817951151739e+03
9.838699999999999703e-04 1.440367739863923589e+03 1.501653192729048442e+03 1.595975335029278540e+03 1.693170232932561703e+03 1.759562806869779706e+03
1.014700000000000107e-03 1.482301331665685439e+03 1.545370994974231280e+03 1.642439148660039564e+03 1.742463692813435728e+03 1.810789161397693533e+03
1.046599999999999961e-03 1.525359971052372657e+03 1.590261713865016191e+03 1.690149552412601452e+03 1.793079660154528710e+03 1.863389881534892993e+03
1.079400000000000108e-03 1.569611842726101941e+03 1.636396435258713836e+03 1.739182097203436797e+03 1.845098286923126125e+03 1.917448262166789164e+03
1.113300000000000010e-03 1.615022854335814145e+03 1.683739616226667977e+03 1.789499007574308962e+03 1.898479497135584552e+03 1.972922655850675937e+03
1.148200000000000045e-03 1.661661190583626876e+03 1.732362342626188138e+03 1.841175834441692132e+03 1.953303442759191057e+03 2.029896357471965530e+03
1.184200000000000053e-03 1.709560943820598823e+03 1.782300157385928969e+03 1.894250353263821125e+03 2.009610199777587468e+03 2.088411014473362684e+03
1.221300000000000033e-03 1.758722114046729075e+03 1.833553060505891608e+03 1.948722564040696852e+03 2.067399768190774921e+03 2.148466626854868537e+03
1.259600000000000043e-03 1.809178793613076550e+03 1.886156594914729567e+03 2.004630242230555496e+03 2.126712223982396154e+03 2.210104842059187831e+03
1.299199999999999921e-03 1.860930982519640338e+03 1.940110760612442846e+03 2.061973387833396828e+03 2.187547567152450938e+03 2.273325660086320113e+03
1.339899999999999989e-03 1.914046865468538499e+03 1.995486643456341199e+03 2.120827551765693443e+03 2.249985949668224748e+03 2.338212375821677142e+03
1.381899999999999925e-03 1.968560534810828585e+03 2.052319786375078820e+03 2.181230509485682433e+03 2.314067447513361003e+03 2.404806636707965026e+03
1.425300000000000004e-03 2.024437898195452590e+03 2.110574646440001288e+03 2.243144485535127842e+03 2.379751984704217193e+03 2.473066795302478113e+03
1.469999999999999953e-03 2.081747140324526754e+03 2.170322309508418130e+03 2.306645030830500218e+03 2.447119713208077883e+03 2.543076146490626797e+03
1.516100000000000043e-03 2.140522353549109994e+03 2.231598318508983539e+03 2.371769920830038700e+03 2.516210709008588765e+03 2.614876337715117643e+03
1.563699999999999899e-03 2.200729445518143166e+03 2.294367130513042412e+03 2.438481380075504603e+03 2.586984896122103692e+03 2.688425721533244541e+03
1.612699999999999897e-03 2.262470693284801655e+03 2.358735374306559606e+03 2.506892734941608978e+03 2.659562502499552011e+03 2.763849240273123542e+03
1.663299999999999935e-03 2.325712004498027454e+03 2.424667506960880019e+03 2.576966209970114051e+03 2.733903452157293032e+03 2.841105246492050810e+03
1.715500000000000011e-03 2.390487471508878571e+03 2.492199071404658298e+03 2.648739580619256685e+03 2.810047821078969264e+03 2.920235387632730180e+03
1.769299999999999909e-03 2.456831186668413920e+03 2.561365610566549549e+03 2.722250622347272838e+03 2.888035685248222308e+03 3.001281311137868215e+03
1.824799999999999903e-03 2.524777242327691056e+03 2.632202667375207966e+03 2.797537110612400284e+03 2.967907120648695127e+03 3.084284664450171022e+03
1.882100000000000049e-03 2.594291546135651970e+03 2.704674698901978445e+03 2.874561269956400793e+03 3.049622051296745212e+03 3.169203800126932492e+03
1.941100000000000074e-03 2.665442282794413586e+03 2.778852791004170285e+03 2.953398651295748550e+03 3.133260629159660311e+03 3.256122013053563023e+03
2.001999999999999873e-03 2.738263544655033456e+03 2.854772486610439046e+03 3.034087030088679512e+03 3.218862930221080660e+03 3.345080950672769632e+03
2.064799999999999882e-03 2.812687147015396022e+03 2.932362699863474973e+03 3.116550855418721312e+03 3.306348802513721694e+03 3.435997318099140557e+03
2.129600000000000156e-03 2.888849459279733765e+03 3.011765602477896209e+03 3.200941229118818228e+03 3.395878549972153905e+03 3.529037705103497046e+03
2.196399999999999828e-03 2.966648204394871300e+03 3.092874565667739716e+03 3.287144824814262847e+03 3.487331944645452040e+03 3.624077169357724415e+03
2.265300000000000039e-03 3.046151567062926915e+03 3.175760675290313884e+03 3.375237193421526172e+03 3.580789138500896570e+03 3.721199005747232604e+03
2.336299999999999922e-03 3.127393639634957708e+03 3.260459474274274271e+03 3.465256110398845976e+03 3.676290207522134097e+03 3.820444861714727267e+03
2.409600000000000023e-03 3.210340329759906126e+03 3.346935419690965773e+03 3.557163800287984941e+03 3.773795075725522111e+03 3.921773089817503660e+03
2.485199999999999909e-03 3.294991637437770805e+03 3.435188511540387026e+03 3.650960263088942611e+03 3.873303743111059703e+03 4.025183690055559509e+03
2.563199999999999854e-03 3.381415747370670033e+03 3.525289835679849148e+03 3.746721049718194081e+03 3.974896361646031437e+03 4.130759957314308849e+03
2.643599999999999856e-03 3.469578567207544893e+03 3.617203849180697034e+03 3.844408384717501121e+03 4.078532855346796168e+03 4.238460244151044208e+03
2.726500000000000191e-03 3.559241450490986608e+03 3.710681751542347683e+03 3.943757839879209314e+03 4.183932692327853147e+03 4.347993018466827380e+03
2.811999999999999830e-03 3.650949874837928292e+03 3.806292229623275944e+03 4.045373822535100317e+03 4.291737088327487982e+03 4.460024639344948810e+03
2.900199999999999913e-03 3.744362916737787145e+03 3.903679854136935774e+03 4.148878578102811844e+03 4.401545283509271940e+03 4.574138632358350151e+03
2.991199999999999849e-03 3.839480576190563625e+03 4.002844625083325354e+03 4.254272106582341621e+03 4.513357277873207750e+03 4.690334997507033222e+03
3.085000000000000069e-03 3.935961929685674022e+03 4.103431113175901373e+03 4.361176653391326909e+03 4.626772311582860311e+03 4.808197260363939677e+03
3.181799999999999819e-03 4.034488824244284388e+03 4.206150176987753184e+03 4.470347727694496825e+03 4.742591904311092549e+03 4.928558369783183480e+03
3.281599999999999968e-03 4.134379412845229126e+03 4.310290957945790069e+03 4.581029820327124071e+03 4.860014536385046085e+03 5.050585376910653395e+03
3.384600000000000195e-03 4.236315542509673833e+03 4.416564314623105020e+03 4.693978440453931398e+03 4.979841727477576569e+03 5.175111230600459749e+03
3.490699999999999793e-03 4.339615366216451548e+03 4.524259388446605044e+03 4.808438078910196964e+03 5.101271957915828352e+03 5.301302981998491305e+03
3.600200000000000015e-03 4.444619807476147798e+03 4.633731608702834819e+03 4.924786490278281235e+03 5.224705987536227440e+03 5.429577105531804591e+03
3.713199999999999834e-03 4.550987942778177967e+03 4.744625546105248759e+03 5.042645919975818288e+03 5.349743056502347827e+03 5.559517126773341261e+03
3.829599999999999844e-03 4.659060695633124851e+03 4.857296629940396087e+03 5.162394122585180412e+03 5.476783924650616427e+03 5.691539520150160570e+03
3.949799999999999839e-03 4.768497142530404744e+03 4.971389430921727580e+03 5.283653343523994408e+03 5.605427832144606327e+03 5.825227811235204172e+03
4.073700000000000411e-03 4.879297283470018556e+03 5.086903949049241419e+03 5.406423582792264824e+03 5.735674778984312979e+03 5.960582000028472066e+03
4.201500000000000373e-03 4.991461118451966286e+03 5.203840184322943060e+03 5.530704840389989840e+03 5.867524765169740931e+03 6.097602086529965163e+03
4.333299999999999999e-03 5.104988647476247934e+03 5.322198136742827955e+03 5.656497116317170367e+03 6.000977790700889273e+03 6.236288070739682553e+03
4.469200000000000429e-03 5.219879870542863500e+03 5.441977806308897925e+03 5.783800410573810041e+03 6.136033855577754366e+03 6.376639952657626054e+03
4.609399999999999609e-03 5.335793864141227459e+03 5.562823763734606473e+03 5.912236968577538391e+03 6.272292199963911116e+03 6.518241257856736411e+03
4.754000000000000413e-03 5.452730628271343448e+03 5.684736009019953599e+03 6.041806790328359057e+03 6.409752823859356795e+03 6.661091986337016351e+03
4.903099999999999646e-03 5.570690162933209649e+03 5.807714542164938393e+03 6.172509875826271127e+03 6.548415727264091402e+03 6.805192138098464966e+03
5.056899999999999590e-03 5.682945759539733444e+03 5.924429105710772092e+03 6.296039239584417373e+03 6.678907600032332084e+03 6.940405580060642933e+03
5.215499999999999650e-03 5.802258915811943552e+03 6.048802147211542433e+03 6.428197220690302856e+03 6.819084446314213892e+03 7.086058179964773444e+03
5.379100000000000374e-03 5.922238003650809333e+03 6.173868681663175266e+03 6.561090994810135271e+03 6.960040525626003728e+03 7.232519600934069786e+03
5.547899999999999707e-03 6.042882289290583685e+03 6.299627907162587690e+03 6.694719649614153241e+03 7.101774804937656882e+03 7.379788723544658751e+03
5.721900000000000250e-03 6.163850856998825293e+03 6.425724400253639942e+03 6.828705432918357474e+03 7.243886522768506438e+03 7.527449068699354029e+03
5.901400000000000222e-03 6.285142848947839411e+03 6.552157223173879174e+03 6.963047277380718697e+03 7.386374470105086402e+03 7.675499325963052797e+03
6.086499999999999896e-03 6.406757634475029590e+03 6.678925686046275587e+03 7.097744397303453297e+03 7.529237756730668480e+03 7.823938530451226143e+03
6.277500000000000094e-03 6.528353938553151238e+03 6.805673972327736010e+03 7.232418592491230811e+03 7.672075112917613296e+03 7.972349651589461246e+03
6.474399999999999947e-03 6.649590930802184630e+03 6.932046750635653552e+03 7.366692213766320492e+03 7.814485892233598861e+03 8.120316334025887045e+03
6.677500000000000276e-03 6.770467749871884735e+03 7.058043078293719191e+03 7.500564186727732704e+03 7.956468876443511363e+03 8.267837256685928878e+03
6.886899999999999619e-03 6.891324081641543671e+03 7.184017033073736457e+03 7.634410730742414671e+03 8.098423090516563207e+03 8.415327016904426273e+03
7.102999999999999939e-03 7.011137968497573638e+03 7.308903205504037942e+03 7.767099565029570840e+03 8.239147350462004397e+03 8.561537366579927038e+03
7.325800000000000367e-03 7.130249269239597197e+03 7.433055861492467557e+03 7.899007121929591449e+03 8.379040921638223153e+03 8.706883163238368070e+03
7.555599999999999990e-03 7.247976602481610826e+03 7.555764642768962403e+03 8.029378447869370575e+03 8.517302899449236065e+03 8.850532115249874550e+03
7.792600000000000221e-03 7.364659520636074376e+03 7.677383479930503199e+03 8.158589593053381577e+03 8.654332116019502791e+03 8.992898610391919647e+03
8.037000000000000741e-03 7.479957085710767387e+03 7.797556921233148387e+03 8.286262767464839271e+03 8.789727762031772727e+03 9.133566114903158450e+03
8.289200000000000040e-03 7.593187958733513369e+03 7.915574652735543168e+03 8.411643064938454700e+03 8.922688983694040871e+03 9.271702390442938849e+03
8.549199999999999855e-03 7.704692008680215622e+03 8.031790949675869342e+03 8.535106926349704736e+03 9.053615054867870640e+03 9.407722303562250090e+03
8.817399999999999544e-03 7.813788030707750295e+03 8.145495643259243479e+03 8.655899608640747829e+03 9.181705304688966862e+03 9.540793813175398100e+03
9.093900000000000247e-03 7.920475655455230481e+03 8.256688323800297439e+03 8.774020637800707846e+03 9.306959190416731872e+03 9.670916328420935315e+03
9.379200000000000731e-03 8.024073746913016294e+03 8.364658895756951097e+03 8.888715351116507009e+03 9.428576129249790029e+03 9.797257901814347861e+03
9.673400000000000401e-03 8.124922110672529925e+03 8.469761562927084015e+03 9.000360105489875423e+03 9.546955298153117838e+03 9.920233294274336004e+03
9.976900000000000351e-03 8.221999955014236548e+03 8.570932180314126526e+03 9.107824044265187695e+03 9.660897111909745945e+03 1.003859598173928498e+04
1.029000000000000054e-02 8.315646871793931496e+03 8.668524716493526284e+03 9.211483254425358609e+03 9.770800439863971405e+03 1.015276039068633509e+04
1.061299999999999917e-02 8.405522466495842309e+03 8.762184306442677553e+03 9.310960603354958948e+03 9.876265208388031169e+03 1.026231077983822797e+04
1.094599999999999913e-02 8.490607039028509462e+03 8.850847994716585163e+03 9.405126582702559972e+03 9.976093354268503390e+03 1.036600227163268937e+04
1.128900000000000042e-02 8.571240952652917258e+03 8.934870591079768928e+03 9.494358234373003143e+03 1.007068482700636378e+04 1.046425046293817468e+04
1.164300000000000057e-02 8.646743244983957993e+03 9.013542180958556855e+03 9.577901088218452060e+03 1.015923924889894624e+04 1.055622362040354892e+04
1.200799999999999958e-02 8.716774808522601234e+03 9.086509301587735536e+03 9.655379600711787134e+03 1.024135833983828343e+04 1.064150794280269838e+04
1.238500000000000018e-02 8.781334709178490812e+03 9.153770915218718073e+03 9.726792567507072818e+03 1.031704071580045820e+04 1.072010191927819324e+04
1.277299999999999963e-02 8.839406559522420139e+03 9.214267682695970507e+03 9.791014588327328966e+03 1.038509295890837348e+04 1.079076570205344615e+04
1.317399999999999995e-02 8.891327783599255781e+03 9.268351191246461894e+03 9.848419022696036336e+03 1.044591083305574284e+04 1.085391034200512331e+04
1.358700000000000012e-02 8.936422320992354798e+03 9.315316881739125165e+03 9.898257491067663068e+03 1.049870085505834322e+04 1.090871157596101148e+04
1.401400000000000041e-02 8.974348678496377033e+03 9.354808671047068856e+03 9.940151447614560311e+03 1.054306132320346478e+04 1.095475188006290591e+04
1.445300000000000057e-02 9.004433542746042804e+03 9.386125003834744348e+03 9.973355931550684545e+03 1.057820262504415950e+04 1.099121118437631776e+04
1.490700000000000011e-02 9.026673848380029085e+03 9.409262496354569521e+03 9.997867042927555303e+03 1.060412029715455537e+04 1.101808462318479360e+04
1.537400000000000051e-02 9.041075991448036802e+03 9.424228125811274367e+03 1.001369270151388628e+04 1.062082329089671657e+04 1.103538188725453256e+04
1.585599999999999857e-02 9.046621110939136997e+03 9.429959827379394483e+03 1.001970436736902593e+04 1.062711458949665575e+04 1.104185919745148203e+04
1.635400000000000048e-02 9.042971698343053504e+03 9.426105867454098188e+03 1.001552843263396244e+04 1.062259806871702494e+04 1.103710506293845174e+04
1.686700000000000005e-02 9.030472980454056596e+03 9.413026364636762082e+03 1.000154796697003439e+04 1.060768048802110206e+04 1.102154244829428171e+04
1.739599999999999827e-02 9.008449046652283869e+03 9.390016904248534047e+03 9.977014719138320288e+03 1.058156846527362541e+04 1.099434716628882052e+04
1.794199999999999962e-02 8.976563956910616980e+03 9.356727463361861737e+03 9.941557018923533178e+03 1.054386805731474669e+04 1.095511007859137680e+04
1.850399999999999961e-02 8.934825224819720461e+03 9.313166233230200305e+03 9.895184148876762265e+03 1.049458973061903816e+04 1.090384249392064885e+04
1.908500000000000127e-02 8.883233321840134522e+03 9.259333679310535445e+03 9.837896559154522038e+03 1.043373391250290842e+04 1.084054482028243910e+04
1.968400000000000011e-02 8.821119002771005398e+03 9.194532680132715541e+03 9.768954300235884148e+03 1.036051661244435491e+04 1.076440303434872294e+04
2.030099999999999960e-02 8.748828624688630953e+03 9.119124582197369818e+03 9.688741819362598108e+03 1.027534611967457749e+04 1.067584173246477803e+04
2.093799999999999828e-02 8.666366438604176437e+03 9.033113985897352904e+03 9.597264271696651122e+03 1.017822818143806398e+04 1.057486707757215481e+04
2.159499999999999961e-02 8.573402439400188086e+03 8.936157358053556891e+03 9.494157362894007747e+03 1.006877718103428379e+04 1.046107892703678044e+04
2.227200000000000013e-02 8.470284636995107576e+03 8.828617852300430968e+03 9.379807591422733822e+03 9.947403717542969389e+03 1.033490436709151254e+04
2.297099999999999836e-02 8.357357821338444410e+03 8.710855084251466906e+03 9.254597403902027509e+03 9.814513779323347990e+03 1.019676547522289911e+04
2.369100000000000025e-02 8.234634174517597785e+03 8.582882351321493843e+03 9.118541880526732712e+03 9.670124361831545684e+03 1.004668059740595527e+04
2.443499999999999839e-02 8.102796080921465546e+03 8.445411058417716049e+03 8.972397082701869294e+03 9.515037532718630246e+03 9.885483221357882940e+03
2.520100000000000118e-02 7.962196407101149816e+03 8.298809694205152482e+03 8.816555608956561628e+03 9.349670812437792847e+03 9.713607932893741236e+03
2.599200000000000121e-02 7.812841917872569866e+03 8.143085595295800886e+03 8.651025698938805363e+03 9.174033396975866708e+03 9.531064594402023431e+03
2.680700000000000097e-02 7.656098302513529234e+03 7.979662687246934183e+03 8.477320919233101449e+03 8.989731236586843806e+03 9.339522267989759712e+03
2.764799999999999897e-02 7.492312061576404631e+03 7.808902462592009215e+03 8.295825856495781409e+03 8.797172738146609845e+03 9.139405643154324935e+03
2.851499999999999868e-02 7.322508373389449844e+03 7.631873855200302387e+03 8.107676798232718284e+03 8.597563605734756493e+03 8.931967846732044563e+03
2.940999999999999864e-02 7.147371120823248020e+03 7.449289932042304827e+03 7.913631732008116160e+03 8.391708119560025807e+03 8.718044782088800275e+03
3.033200000000000132e-02 6.967925533427067421e+03 7.262219705292430262e+03 7.714827069158037375e+03 8.180812158818810531e+03 8.498889788442347708e+03
3.128399999999999931e-02 6.785190096857526441e+03 7.071724769600311447e+03 7.512390725985125755e+03 7.966071950595500311e+03 8.275745738131585313e+03
3.226500000000000201e-02 6.600524715953633859e+03 6.879222761351749796e+03 7.307829179558419128e+03 7.749085503772206721e+03 8.050273155669930929e+03
3.327700000000000102e-02 6.414609513448746839e+03 6.685422659109985034e+03 7.101895811802431126e+03 7.530651946976930049e+03 7.823302413620107473e+03
3.432099999999999734e-02 6.229135280061687808e+03 6.492086558324453108e+03 6.896462402808459046e+03 7.312756019076265147e+03 7.596895376464232868e+03
3.539799999999999891e-02 6.045453260637068524e+03 6.300622629460375720e+03 6.693024687435666237e+03 7.096983632317133015e+03 7.372699527588497403e+03
3.650799999999999879e-02 5.863904010715789809e+03 6.111385943821362162e+03 6.491960087739589653e+03 6.883735252769219187e+03 7.151131081149364036e+03
3.765299999999999897e-02 5.686506093282508118e+03 5.926479683656235466e+03 6.295501913522703035e+03 6.675378161446401464e+03 6.934648771255240717e+03
3.883400000000000046e-02 5.513930625568767937e+03 5.746603045738913352e+03 6.104392548602576426e+03 6.472699214522373950e+03 6.724069818849385229e+03
4.005199999999999733e-02 5.347182599424952969e+03 5.572802977395194830e+03 5.919743456947219784e+03 6.276876298631573263e+03 6.520617454975019427e+03
4.130899999999999850e-02 5.187263171843852433e+03 5.406122234903978097e+03 5.742661351809627376e+03 6.089081961904567834e+03 6.325509166182566332e+03
4.260499999999999704e-02 5.035172065284987184e+03 5.247602049539303152e+03 5.574251284005241359e+03 5.910486951210115876e+03 6.139960544815393405e+03
4.394100000000000089e-02 4.891234112223305601e+03 5.097580366818430775e+03 5.414871349264076343e+03 5.741470098614518975e+03 5.964364578510449064e+03
4.531999999999999917e-02 4.755770451254039472e+03 4.956391083232430901e+03 5.264875038959988160e+03 5.582405052714442718e+03 5.799108674249544492e+03
4.674099999999999783e-02 4.629103171701161955e+03 4.824369201369375332e+03 5.124617200272710761e+03 5.433667086332152394e+03 5.644582051714218323e+03
4.820699999999999985e-02 4.511214200277339842e+03 4.701495073402306843e+03 4.994075743241619421e+03 5.295231586374010476e+03 5.500758380096725887e+03
4.972000000000000031e-02 4.401750479099338008e+03 4.587400122797156655e+03 4.872858218840396148e+03 5.166681532629166213e+03 5.367203879054090976e+03
5.127899999999999819e-02 4.300360569903044052e+03 4.481717590246548752e+03 4.760574308024813945e+03 5.047602365409486083e+03 5.243487457837620241e+03
5.288799999999999751e-02 4.205687994757923661e+03 4.383033696294695801e+03 4.655722134437542081e+03 4.936401549855623671e+03 5.127954726239968295e+03
5.454699999999999827e-02 4.117049030692344786e+03 4.290635675174647076e+03 4.557544290559493675e+03 4.832275754899632375e+03 5.019771031887438767e+03
5.625800000000000245e-02 4.032761023889164335e+03 4.202770434736092284e+03 4.464179414492464275e+03 4.733252217706949523e+03 4.916887606520276677e+03
5.802299999999999819e-02 3.951147059443012040e+03 4.117691139991018645e+03 4.373773207949544485e+03 4.637366075362345327e+03 4.817264152824206576e+03
5.984300000000000036e-02 3.870205559084968172e+03 4.033313248821935758e+03 4.284113621973794579e+03 4.542274085079307042e+03 4.718467907891536015e+03
6.171999999999999709e-02 3.787943195465306417e+03 3.947561182035479760e+03 4.192998667878170636e+03 4.445644188118346392e+03 4.618078051403867903e+03
6.365600000000000425e-02 3.702707973696582940e+03 3.858715211187479781e+03 4.098604522620447824e+03 4.345545444076969943e+03 4.514090533310246428e+03
6.565300000000000302e-02 3.612195456043148170e+03 3.764376738042768920e+03 3.998387864108288795e+03 4.239285574530824306e+03 4.403711386635191047e+03
6.771299999999999542e-02 3.515105901221466866e+03 3.663193715409708602e+03 3.890916244875374105e+03 4.125349349589803751e+03 4.285368837496377637e+03
6.983699999999999630e-02 3.409489230716743805e+03 3.553137492943099460e+03 3.774040220385980774e+03 4.001462926873416109e+03 4.156704060561532060e+03
7.202699999999999381e-02 3.295219393274605864e+03 3.434078624250377288e+03 3.647625092471220796e+03 3.867486109412410315e+03 4.017573021983593662e+03
7.428700000000000581e-02 3.172105244161190967e+03 3.305819887518104224e+03 3.511464256618618037e+03 3.723202531414012356e+03 3.867752603266370443e+03
7.661700000000000454e-02 3.040849123653718380e+03 3.169094301644782263e+03 3.366337829887704174e+03 3.569440657244072099e+03 3.708104166570416965e+03
7.902099999999999402e-02 2.902902096354361220e+03 3.025413817369132630e+03 3.213851304926309695e+03 3.407902160543693753e+03 3.540394963673405528e+03
8.149900000000000200e-02 2.760268801234533839e+03 2.876866349682257805e+03 3.056220547250393338e+03 3.240934502069943846e+03 3.367062212275380261e+03
8.405600000000000571e-02 2.615889165052879889e+03 2.726512488376696638e+03 2.896691589342675343e+03 3.071974544257434900e+03 3.191673019226901488e+03
8.669300000000000617e-02 2.473018324929502342e+03 2.577740339733970359e+03 2.738856885435069216e+03 2.904825030217548829e+03 3.018173663494302673e+03
8.941200000000000536e-02 2.335122506437489392e+03 2.434156887369174456e+03 2.586539737934103414e+03 2.743531891696213279e+03 2.850762059830628459e+03
9.221699999999999342e-02 2.205485482719393531e+03 2.299178417691985942e+03 2.443360074054244251e+03 2.591924647469389129e+03 2.693410826053979235e+03
9.511000000000000010e-02 2.086885698470784064e+03 2.175694725294895306e+03 2.312378780178890338e+03 2.453240257077262868e+03 2.549477133530311676e+03
9.809299999999999964e-02 1.981401327901428886e+03 2.065866310905453702e+03 2.195882833917356947e+03 2.329895852649931840e+03 2.421466984302184301e+03
1.011699999999999960e-01 1.890379405690842759e+03 1.971092358131479386e+03 2.095351530773838022e+03 2.223453195253285230e+03 2.310998477207593623e+03
1.043400000000000022e-01 1.813340430506958683e+03 1.890871575915936319e+03 2.010250058153721511e+03 2.133342978536484679e+03 2.217478788843229268e+03
1.076199999999999934e-01 1.749468338221940712e+03 1.824352093446559820e+03 1.939671584217734562e+03 2.058601963045406592e+03 2.139906302674512972e+03
1.109900000000000053e-01 1.696416000963837860e+03 1.769090509477147862e+03 1.881024722086964857e+03 1.996486434860641566e+03 2.075433309648442446e+03
1.144700000000000023e-01 1.650570519975130765e+03 1.721326629500726085e+03 1.830322991533786990e+03 1.942777151843523825e+03 2.019681753149772476e+03
1.180699999999999944e-01 1.608125851809045798e+03 1.677100739556102099e+03 1.783370508259841245e+03 1.893035136519624075e+03 1.968046670215644781e+03
1.217700000000000032e-01 1.564652206868456915e+03 1.631806453588012346e+03 1.735289235864221610e+03 1.842102344322199542e+03 1.915178549488282442e+03
1.255900000000000072e-01 1.516218083486540309e+03 1.581356017084061477e+03 1.681751022586695854e+03 1.785402767421705903e+03 1.856331859479403647e+03
1.295300000000000062e-01 1.460089532112003553e+03 1.522908486153690319e+03 1.619750073120641218e+03 1.719760277144001975e+03 1.788213722089720477e+03
1.335899999999999865e-01 1.395054058178347532e+03 1.455205458216519901e+03 1.547957042722766801e+03 1.643771907995462925e+03 1.709370496403918196e+03
1.377800000000000136e-01 1.322254763945823697e+03 1.379437387012183308e+03 1.467635019835426647e+03 1.558775302797488621e+03 1.621190591367440675e+03
1.421000000000000041e-01 1.244447096039695680e+03 1.298470565202519310e+03 1.381820723654483118e+03 1.467982717778359756e+03 1.527006201546535522e+03
1.465599999999999958e-01 1.166069075652628953e+03 1.216919154455548778e+03 1.295399363804036057e+03 1.376558902419418473e+03 1.432173326399074767e+03
1.511599999999999888e-01 1.091752121763147215e+03 1.139597210852119133e+03 1.213466045941247557e+03 1.289888844210071738e+03 1.342275305782963642e+03
1.559000000000000108e-01 1.025682643519723342e+03 1.070854875114295510e+03 1.140622849165737534e+03 1.212834477656882427e+03 1.262351892865096033e+03
1.607899999999999885e-01 9.703386907131529142e+02 1.013265462221397115e+03 1.079589689007287234e+03 1.148266976005864763e+03 1.195377813283018668e+03
1.658399999999999874e-01 9.262866093339147255e+02 9.674149489482632589e+02 1.030982816215714138e+03 1.096833955879366613e+03 1.142022258043588863e+03
1.710399999999999976e-01 8.918301484156320384e+02 9.315384607751377644e+02 9.929318766840551689e+02 1.056556466571803185e+03 1.100232107258307906e+03
1.764000000000000012e-01 8.633674939904276471e+02 9.018916493484811099e+02 9.614733573422748805e+02 1.023245191015730256e+03 1.065663696679382383e+03
1.819399999999999906e-01 8.364242303947933124e+02 8.738248184487891876e+02 9.316878586798289916e+02 9.917025688994641541e+02 1.032929137285104389e+03
1.876400000000000012e-01 8.067468253087716903e+02 8.429198192368282889e+02 8.989035904467211822e+02 9.569947071327363801e+02 9.969148640628808380e+02
1.935300000000000076e-01 7.717215638527393367e+02 8.064624704171735630e+02 8.602514216527820281e+02 9.160921480283240044e+02 9.544813864923115716e+02
1.995999999999999996e-01 7.312501550781832975e+02 7.643524865816348211e+02 8.156277395871584304e+02 8.688874733398744183e+02 9.055184417561679311e+02
2.058599999999999874e-01 6.877850851254639792e+02 7.191383330724527241e+02 7.677288404532747563e+02 8.182296576527202205e+02 8.529796095388962840e+02
2.123200000000000087e-01 6.452614524285271500e+02 6.749071248292078735e+02 7.208761271730995759e+02 7.686822953255194761e+02 8.015945634102660051e+02
2.189800000000000080e-01 6.074873186381844334e+02 6.356126270093853918e+02 6.792478900639147241e+02 7.246557485036158823e+02 7.559327963365844880e+02
2.258499999999999952e-01 5.764828215479657274e+02 6.033507309851792115e+02 6.450567500214851862e+02 6.884833068317522020e+02 7.184103600124791456e+02
2.329299999999999982e-01 5.519255798671003959e+02 5.777849210569057732e+02 6.179444680771683807e+02 6.597843804709764299e+02 6.886314130297785141e+02
2.402400000000000091e-01 5.312653747650347213e+02 5.562662623306450769e+02 5.951101242201928017e+02 6.356011548991524478e+02 6.635306897628234992e+02
2.477800000000000002e-01 5.111379107535444746e+02 5.353022006723126651e+02 5.728635312637069319e+02 6.120391809245548984e+02 6.390736886916292860e+02
2.555499999999999994e-01 4.889162689503554020e+02 5.121667483842942374e+02 5.483259055183548298e+02 5.860615559956607967e+02 6.121149694847147202e+02
2.635700000000000265e-01 4.640198783935279607e+02 4.862582244394189388e+02 5.208629514782907108e+02 5.570001576416231046e+02 5.819631438051944770e+02
2.718300000000000161e-01 4.381959066045494637e+02 4.593906063966937268e+02 4.923916673010464251e+02 5.268785607963943676e+02 5.507149239037242978e+02
2.803599999999999981e-01 4.140582837974823747e+02 4.342758231692870368e+02 4.657751516071908213e+02 4.987163455482680661e+02 5.214973381049677528e+02
2.891599999999999726e-01 3.933955348582976512e+02 4.127685460250061169e+02 4.429700648876302012e+02 4.745756907835089464e+02 4.964449893328904295e+02
2.982299999999999951e-01 3.761801611816877653e+02 3.948391058243886960e+02 4.239433972863414510e+02 4.544201504154206077e+02 4.755190904049896403e+02
3.075800000000000201e-01 3.607358714612416861e+02 3.787480827493974971e+02 4.068584312422004814e+02 4.363124083678626448e+02 4.567133249474901504e+02
3.172300000000000120e-01 3.451238713380045624e+02 3.624847160643301436e+02 3.895934581664524785e+02 4.180159999431865572e+02 4.377124883235941866e+02
3.271800000000000264e-01 3.285820307019411644e+02 3.452592804350604752e+02 3.713162053369529758e+02 3.986546357859619434e+02 4.176100834490931675e+02
3.374500000000000277e-01 3.119057527645631467e+02 3.278967437236208866e+02 3.528972665847792882e+02 3.791461701472022696e+02 3.973564368073952551e+02
3.480300000000000060e-01 2.964974654069645226e+02 3.118508492600934687e+02 3.358695297557130743e+02 3.611054051447508186e+02 3.786225920427555707e+02
3.589499999999999913e-01 2.830002563514613030e+02 2.977872959766972372e+02 3.209335498727886602e+02 3.452689571963902040e+02 3.621699199031937724e+02
3.702099999999999835e-01 2.708588850287534342e+02 2.851301625665705046e+02 3.074815257292235060e+02 3.309960554178265397e+02 3.473350303917247288e+02
3.818199999999999927e-01 2.590375331049698389e+02 2.728060947147407660e+02 2.943822667560837658e+02 3.170957249624681822e+02 3.328859486383674380e+02
3.937999999999999834e-01 2.471159115137134563e+02 2.603798405201839046e+02 2.811774915949530964e+02 3.030859142753396895e+02 3.183243434547534889e+02
4.061500000000000110e-01 2.355527775625969014e+02 2.483267050179457840e+02 2.683680345207411051e+02 2.894938922816792797e+02 3.041956416054684382e+02
4.188899999999999846e-01 2.249232899202723388e+02 2.372419403708992434e+02 2.565801070664230110e+02 2.769778782759440787e+02 2.911800197172667026e+02
4.320300000000000251e-01 2.152244396341715742e+02 2.271220287455067250e+02 2.458094016509404582e+02 2.655327443039589070e+02 2.792717862364333996e+02
4.455799999999999761e-01 2.059854921242578030e+02 2.174795444650963248e+02 2.355428043280907673e+02 2.546188611348184736e+02 2.679131505666330213e+02
4.595600000000000240e-01 1.969505857961376591e+02 2.080496920268374197e+02 2.255017916624515237e+02 2.439435647220166175e+02 2.568017812961299455e+02
4.739800000000000124e-01 1.883075976481976568e+02 1.990268267576161350e+02 2.158907058261131056e+02 2.337215299412563638e+02 2.461594464255228729e+02
4.888500000000000068e-01 1.802595446923346572e+02 1.906207325650241273e+02 2.069297400612639706e+02 2.241836911692154501e+02 2.362244367993392871e+02
5.041799999999999615e-01 1.727072813610296578e+02 1.827286859802649985e+02 1.985106725173231439e+02 2.152161628518740315e+02 2.268789950286628425e+02
5.200000000000000178e-01 1.654582111325096889e+02 1.751514154908563512e+02 1.904239832386085993e+02 2.065988795888975460e+02 2.178958529163946025e+02
5.363099999999999534e-01 1.585152240351608839e+02 1.678919320876170787e+02 1.826728877817161845e+02 1.983352925707913528e+02 2.092786378505137179e+02
5.531300000000000106e-01 1.519677113745684949e+02 1.610424153154207545e+02 1.753538456553560536e+02 1.905262670473515811e+02 2.011312266569373151e+02
5.704799999999999871e-01 1.457791820269152083e+02 1.545649987045463263e+02 1.684268806875271025e+02 1.831296595507266716e+02 1.934099980976928919e+02
5.883800000000000141e-01 1.398686091171941541e+02 1.483759160007547280e+02 1.618040347012908740e+02 1.760532166765598276e+02 1.860197758589816601e+02
6.068400000000000460e-01 1.342346332128597624e+02 1.424737105437789637e+02 1.554837112878134064e+02 1.692952112481285383e+02 1.789587514507862238e+02
6.258700000000000374e-01 1.288939852261593728e+02 1.368755542827471743e+02 1.494837612520772723e+02 1.628741958079125993e+02 1.722459590020059466e+02
6.454999999999999627e-01 1.238113405967429941e+02 1.315448507311022013e+02 1.437656413376750777e+02 1.567496325827324881e+02 1.658395039420788351e+02
6.657499999999999529e-01 1.189635353396096065e+02 1.264576257611264509e+02 1.383041435090807738e+02 1.508950571411106694e+02 1.597120717223044153e+02
6.866400000000000281e-01 1.143483968249948788e+02 1.216115381997533405e+02 1.330966702347303681e+02 1.453076120134254836e+02 1.538606298952284988e+02
7.081800000000000317e-01 1.099517212678051692e+02 1.169919058775637950e+02 1.281278162011581969e+02 1.399711624942874550e+02 1.482685542530487623e+02
7.303899999999999837e-01 1.057536929124440803e+02 1.125782463779788998e+02 1.233760871614103394e+02 1.348631885150307994e+02 1.429126332022295855e+02
7.532999999999999696e-01 1.017491646127563314e+02 1.083651342565679272e+02 1.188356304554880154e+02 1.299773986996223414e+02 1.377862765636338622e+02
7.769300000000000095e-01 9.792390955845237954e+01 1.043378648672239848e+02 1.144910183593170956e+02 1.252976350532256760e+02 1.328728357172551853e+02
8.013000000000000123e-01 9.426889456111197774e+01 1.004870825909434160e+02 1.103324082642018311e+02 1.208135644507184310e+02 1.281616488156859646e+02
8.264399999999999524e-01 9.077456316238267675e+01 9.680286424668295808e+01 1.063493189143192268e+02 1.165141382296727244e+02 1.236412838609846148e+02
8.523699999999999610e-01 8.742843834083214460e+01 9.327234877673629398e+01 1.025283129269630251e+02 1.123853430414195032e+02 1.192973441114174875e+02
8.790999999999999925e-01 8.422625183444513652e+01 8.989113691581808041e+01 9.886480015705316760e+01 1.084224054343999057e+02 1.151249385473648204e+02
9.066800000000000415e-01 8.115758461054596751e+01 8.664838480411221155e+01 9.534728550704784311e+01 1.046131622538598123e+02 1.111114492674335850e+02
9.351199999999999513e-01 7.821563952898483763e+01 8.353712327504818802e+01 9.196855028035986379e+01 1.009501564914328071e+02 1.072492671708992447e+02
9.644599999999999840e-01 7.539250023436281367e+01 8.054913899371923947e+01 8.871993018336596037e+01 9.742426665238909322e+01 1.035289626687131630e+02
9.947099999999999831e-01 7.268232472364431374e+01 7.767845767688471881e+01 8.559526290916511471e+01 9.402915595379546687e+01 9.994409076898701016e+01
1.025900000000000034e+00 7.007874897049953233e+01 7.491850913151901636e+01 8.258767048619952789e+01 9.075764104874623683e+01 9.648726621132620096e+01
1.058100000000000041e+00 6.757390827674234401e+01 7.226107771022302018e+01 7.968839649145311910e+01 8.760040742800732971e+01 9.314879274354164806e+01
1.091299999999999937e+00 6.516450347617160332e+01 6.970287969720740762e+01 7.689420225468626313e+01 8.455428924467135232e+01 8.992556933118864038e+01
1.125499999999999945e+00 6.284684097561522975e+01 6.724018890460024522e+01 7.420132894151477387e+01 8.161551573815536642e+01 8.681382942730087393e+01
1.160800000000000054e+00 6.061276260973706087e+01 6.486444153319739314e+01 7.160058225604194604e+01 7.877423518121675272e+01 8.380326776595354943e+01
1.197200000000000042e+00 5.845979154674787992e+01 6.257317464251196526e+01 6.908953812463198574e+01 7.602808525627499137e+01 8.089157658077112956e+01
1.234799999999999898e+00 5.638109877433917205e+01 6.035922440301311553e+01 6.666051335102727649e+01 7.336884256346061761e+01 7.807016059117940188e+01
1.273500000000000076e+00 5.437798209535764471e+01 5.822424654085021700e+01 6.431575444165018496e+01 7.079941169396406053e+01 7.534240190809339310e+01
1.313499999999999890e+00 5.244065777220349389e+01 5.615783539700797178e+01 6.204387408968341333e+01 6.830736354290185375e+01 7.269514256405742003e+01
1.354700000000000015e+00 5.057113357318768720e+01 5.416235897007496192e+01 5.984783173615085872e+01 6.589631268398491670e+01 7.013247052677219529e+01
1.397199999999999998e+00 4.876390461011408206e+01 5.223204782361429466e+01 5.772144820235278928e+01 6.355965442878948579e+01 6.764748850037872785e+01
1.441000000000000059e+00 4.701738624138794620e+01 5.036536395110367437e+01 5.566327317850198142e+01 6.129604833285043952e+01 6.523894203729599894e+01
1.486199999999999966e+00 4.532696925318077064e+01 4.855748126945979948e+01 5.366814543652076708e+01 5.909998600723070439e+01 6.290108449027233206e+01
1.532799999999999940e+00 4.369160617065231378e+01 4.680741514268340353e+01 5.173519208300656658e+01 5.697072803761210480e+01 6.063327787919405409e+01
1.580899999999999972e+00 4.210746558182009380e+01 4.511115490648527526e+01 4.986012588021770853e+01 5.490370120401729537e+01 5.843075298199433831e+01
1.630500000000000060e+00 4.057348319126666780e+01 4.346771024703878084e+01 4.804208552739613936e+01 5.289819544462677214e+01 5.629291318481289608e+01
1.681699999999999973e+00 3.908653201205973460e+01 4.187380573637184966e+01 4.627756659647782556e+01 5.095046954200712719e+01 5.421585496686034844e+01
1.734399999999999942e+00 3.764825133764051657e+01 4.033135612236188194e+01 4.456893308802973763e+01 4.906338101313990308e+01 5.220278993600830120e+01
1.788799999999999946e+00 3.625345043961623048e+01 3.883482840880741804e+01 4.291011152639282500e+01 4.723028254955782756e+01 5.024666924124987588e+01
1.844899999999999984e+00 3.490156137439166883e+01 3.738373704779373696e+01 4.130075549220808995e+01 4.545098574172587291e+01 4.834742041548873459e+01
1.902800000000000047e+00 3.359031820896749565e+01 3.597571020793729701e+01 3.973832978110195313e+01 4.372278638535437523e+01 4.650222336739096818e+01
1.962499999999999911e+00 3.231921197968291892e+01 3.461032164753271445e+01 3.822254619914798468e+01 4.204555112462896460e+01 4.471105731233362945e+01
2.024000000000000021e+00 3.108821083071353186e+01 3.328759355396073971e+01 3.675351741076698175e+01 4.041949458814086427e+01 4.297421136645983353e+01
2.087499999999999911e+00 2.989342248967765769e+01 3.200339876947697348e+01 3.532674568458823217e+01 3.883972592650666655e+01 4.128651977287942998e+01
2.153000000000000025e+00 2.873494920745056547e+01 3.075791604984469885e+01 3.394253556469846700e+01 3.730668888292601793e+01 3.964852665923779540e+01
2.220600000000000129e+00 2.761101020011400209e+01 2.954930718636889964e+01 3.259896034335296378e+01 3.581836509041345096e+01 3.805815067678926056e+01
2.290200000000000014e+00 2.652321933704074297e+01 2.837936714583875286e+01 3.129810595329520950e+01 3.437715503261897254e+01 3.651801538321204532e+01
2.362099999999999866e+00 2.546718399083868434e+01 2.724339961131462218e+01 3.003479450267447604e+01 3.297736743969920781e+01 3.502206937911920193e+01
2.436199999999999921e+00 2.444444654914614645e+01 2.614312755787029019e+01 2.881103814368578497e+01 3.162132593736464514e+01 3.357285657238724497e+01
2.512599999999999945e+00 2.345369005804614915e+01 2.507717533101644847e+01 2.762536894639293195e+01 3.030746520042285397e+01 3.216874391492748941e+01
2.591400000000000148e+00 2.249379367724191425e+01 2.404437060410417359e+01 2.647653376264568337e+01 2.903444702206417460e+01 3.080833425343479703e+01
2.672699999999999854e+00 2.156374317270774199e+01 2.304365711387901783e+01 2.536341024806758426e+01 2.780107942544229260e+01 2.949038733318019467e+01
2.756499999999999950e+00 2.066366846696556792e+01 2.207520946050362909e+01 2.428624438403415198e+01 2.660768525416927588e+01 2.821528046001972001e+01
2.842999999999999972e+00 1.979166448440500758e+01 2.113699892458336294e+01 2.324281162387401167e+01 2.545183179017449859e+01 2.698043536696977185e+01
2.932199999999999918e+00 1.894794332063107589e+01 2.022928145870464789e+01 2.223343770588282453e+01 2.433391962182121304e+01 2.578630549945582828e+01
3.024199999999999999e+00 1.813172969436520532e+01 1.935124336665236555e+01 2.125724806459695415e+01 2.325300957102547983e+01 2.463190658807314648e+01
3.119000000000000217e+00 1.734311212303532557e+01 1.850300055379799247e+01 2.031440173635769142e+01 2.220930640091332720e+01 2.351747533594284079e+01
3.216899999999999871e+00 1.657981756334414314e+01 1.768211902548940273e+01 1.940220976127140773e+01 2.119984991542623831e+01 2.243986160563128607e+01
3.317800000000000082e+00 1.584279889759427284e+01 1.688964162353376963e+01 1.852185688169485900e+01 2.022597509960466056e+01 2.140050503110240498e+01
3.421899999999999942e+00 1.513073078319641596e+01 1.612415094177095298e+01 1.767177975539970447e+01 1.928596305710303227e+01 2.039757740947769804e+01
3.529199999999999893e+00 1.444371797783914602e+01 1.538577027325060875e+01 1.685213013488101552e+01 1.837999441500534559e+01 1.943127844871720811e+01
3.639899999999999913e+00 1.378058562582519642e+01 1.467324273896287679e+01 1.606152065392169703e+01 1.750654183398443564e+01 1.849998172864983914e+01
3.754100000000000215e+00 1.314087950169627028e+01 1.398608519961034879e+01 1.529942148150697001e+01 1.666502405703638701e+01 1.760306843838441893e+01
3.871799999999999908e+00 1.252465510265095361e+01 1.332436211306137963e+01 1.456590940155996172e+01 1.585552785479369753e+01 1.674062991335544126e+01
3.993300000000000072e+00 1.193043727282601374e+01 1.268648969951867578e+01 1.385922769199167703e+01 1.507611045143463535e+01 1.591059124038869221e+01
4.118599999999999817e+00 1.135833107718988089e+01 1.207258210493274575e+01 1.317950236071295400e+01 1.432690618959261819e+01 1.511308935319312141e+01
4.247799999999999798e+00 1.080790548944534457e+01 1.148217501274094410e+01 1.252621384624732848e+01 1.360733231929926568e+01 1.434749390812765313e+01
4.381000000000000227e+00 1.027872468917260917e+01 1.091479821830979269e+01 1.189883427262562421e+01 1.291679428837094790e+01 1.361315981788407115e+01
4.518399999999999750e+00 9.769995419772881107e+00 1.036959597548701772e+01 1.129640592477059613e+01 1.225422077644956609e+01 1.290893249558848410e+01
4.660199999999999676e+00 9.281014846214462821e+00 9.845809304562113340e+00 1.071807731177586653e+01 1.161865605123528411e+01 1.223377917004396132e+01
4.806400000000000006e+00 8.811774554843680107e+00 9.343422177981972609e+00 1.016381527656018768e+01 1.101004110210363152e+01 1.158761770907090494e+01
4.957099999999999618e+00 8.361869488205526224e+00 8.861991173805412458e+00 9.633110763258274645e+00 1.042778977009964159e+01 1.096980326328416311e+01
5.112599999999999589e+00 7.930343994104888772e+00 8.400482802594900988e+00 9.124802659887913947e+00 9.870598788908727883e+00 1.037892901053347572e+01
5.272999999999999687e+00 7.516877045618185704e+00 7.958541676114562868e+00 8.638475681565516595e+00 9.337981490211500812e+00 9.814453648392628793e+00
5.438399999999999679e+00 7.121118908583141227e+00 7.535780255267402694e+00 8.173676762942370999e+00 8.829407464412621920e+00 9.275788129646437952e+00
5.608999999999999986e+00 6.742479478816409078e+00 7.131553168242753316e+00 7.729667702056113754e+00 8.344032853137642647e+00 8.762010715706995967e+00
5.785000000000000142e+00 6.380407793718462450e+00 6.745255924722561858e+00 7.305754109798303197e+00 7.881061135392625872e+00 8.272249805046952176e+00
5.966400000000000148e+00 6.034749853857311663e+00 6.376706710792462651e+00 6.901704275758819840e+00 7.440200361533615414e+00 7.806167428051166368e+00
6.153599999999999959e+00 5.704587645492494197e+00 6.024908317093956356e+00 6.516391717622236790e+00 7.020182071705088234e+00 7.362393504801561406e+00
6.346599999999999575e+00 5.389762016797653210e+00 5.689672192100664105e+00 6.149576170077336812e+00 6.620705042333972834e+00 6.940581110909422868e+00
6.545700000000000074e+00 5.089597020746687406e+00 5.370258913001195289e+00 5.800414170864337748e+00 6.240811355396226112e+00 6.539690435804602409e+00
6.751000000000000334e+00 4.803748116847471827e+00 5.066281936447749601e+00 5.468448848673182816e+00 5.879965242377539703e+00 6.159128544220681789e+00
6.962799999999999656e+00 4.531593507466822324e+00 4.777060011977506626e+00 5.152902194368609301e+00 5.537283200989981502e+00 5.797936993645680381e+00
7.181199999999999584e+00 4.272790224928848524e+00 4.502208735898739711e+00 4.853321377057511654e+00 5.212236790847764034e+00 5.455533156654953864e+00
7.406500000000000306e+00 4.026756205448704051e+00 4.241090254200051035e+00 4.568978498559247647e+00 4.904000848253255995e+00 5.131023240417182052e+00
7.638799999999999812e+00 3.793144498647222029e+00 3.993317050119350675e+00 4.299419935531774151e+00 4.612049689493536775e+00 4.823830398449828749e+00
7.878499999999999837e+00 3.571315075770110870e+00 3.758191603298165706e+00 4.043856477497357105e+00 4.335496258121988689e+00 4.532999120574185525e+00
8.125600000000000378e+00 3.361018615093362083e+00 3.535431574277010824e+00 3.801952140037736516e+00 4.073946267183345959e+00 4.258093803124852528e+00
8.380499999999999616e+00 3.161653228534881954e+00 3.324382003886555914e+00 3.572967870565682880e+00 3.826571502687265536e+00 3.998224133284343118e+00
8.643399999999999750e+00 2.972810593664811929e+00 3.124594143904482646e+00 3.356390590577044808e+00 3.592790376315349476e+00 3.752760652353894777e+00
8.914500000000000313e+00 2.794083765989497259e+00 2.935621730149046371e+00 3.151711689016505780e+00 3.372028113423514384e+00 3.521082470169856649e+00
9.194200000000000372e+00 2.624952275343012342e+00 2.756899626584414342e+00 2.958295751685962038e+00 3.163575306482706129e+00 3.302428901291147412e+00
9.482599999999999696e+00 2.465096772177471696e+00 2.588076385786719058e+00 2.775740544277258692e+00 2.966975936922412682e+00 3.096306496427454480e+00
9.779999999999999361e+00 2.314082586172907074e+00 2.428679737239495928e+00 2.603514780425276065e+00 2.781636739331351915e+00 2.902079119604518809e+00
1.008699999999999974e+01 2.171361436927050192e+00 2.278118728649071389e+00 2.440960927194859575e+00 2.606830692640261127e+00 2.718971907506776198e+00
1.040300000000000047e+01 2.036936437541853273e+00 2.136384999905555748e+00 2.288051927289331378e+00 2.442510350786331941e+00 2.546922933627441488e+00
1.073000000000000043e+01 1.909728806067467977e+00 2.002330503029204678e+00 2.143532819979313775e+00 2.287310458130011881e+00 2.384491661994021960e+00
1.106600000000000072e+01 1.790262348822667215e+00 1.876497215944188168e+00 2.007972458969610852e+00 2.141826297266440804e+00 2.232290753284584373e+00
1.141300000000000026e+01 1.677544602420728115e+00 1.757830275842317214e+00 1.880219843466188978e+00 2.004807888553814532e+00 2.089002776410699980e+00
1.177100000000000080e+01 1.571364579690471164e+00 1.646099125269220753e+00 1.760013839605870878e+00 1.875962151971512837e+00 1.954312645410450688e+00
1.214100000000000001e+01 1.471228328986749379e+00 1.540776210205701657e+00 1.646774988376141780e+00 1.754656045639186424e+00 1.827550732031117064e+00
1.252100000000000080e+01 1.377422115822189763e+00 1.442155134595785038e+00 1.540807549006674826e+00 1.641204088662990834e+00 1.709038190600921769e+00
1.291399999999999970e+01 1.288967399198599928e+00 1.349200267992296531e+00 1.440988311893255824e+00 1.534393326144178893e+00 1.597501123914872867e+00
1.331900000000000084e+01 1.205901498924562887e+00 1.261944738471806104e+00 1.347343609264171294e+00 1.434242729880606859e+00 1.492953307596626367e+00
1.373700000000000010e+01 1.127812446110614930e+00 1.179950076278662552e+00 1.259394203497504305e+00 1.340231164920979934e+00 1.394845096602387535e+00
1.416799999999999926e+01 1.054506583523565411e+00 1.103007723154131314e+00 1.176908512771733806e+00 1.252103281248752475e+00 1.302904915040312916e+00
1.461200000000000010e+01 9.857780090704487685e-01 1.030896711141525701e+00 1.099642338708169964e+00 1.169590951149390934e+00 1.216848325749204651e+00
1.507099999999999973e+01 9.211444163996507228e-01 9.631066637678870057e-01 1.027042299917181545e+00 1.092096790041076293e+00 1.136048098083821234e+00
1.554400000000000048e+01 8.605831305667371867e-01 8.996098564092381844e-01 9.590727867753440217e-01 1.019576962992787550e+00 1.060454741610427076e+00
1.603099999999999881e+01 8.039021157781025551e-01 8.402012223481216679e-01 8.955087133521492104e-01 9.517858433247646799e-01 9.898086706238338195e-01
1.653399999999999892e+01 7.507040577502394063e-01 7.844610135125128503e-01 8.358960174113628794e-01 8.882343192657555786e-01 9.235970312800186877e-01
1.705300000000000082e+01 7.008478376999885961e-01 7.322384142688679320e-01 7.800689983730333399e-01 8.287414316174885887e-01 8.616285024803369552e-01
1.758800000000000097e+01 6.541838769404585419e-01 6.833740169015025678e-01 7.278531815342469402e-01 7.731172828667115526e-01 8.037027244103025492e-01
1.813899999999999935e+01 6.105573935968180432e-01 6.377032342697573908e-01 6.790689662203893695e-01 7.211669225142095518e-01 7.496143428104331541e-01
1.870799999999999841e+01 5.696742668915245611e-01 5.949159322403296812e-01 6.333817657605538276e-01 6.725308320386573779e-01 6.989869730834132877e-01
1.929500000000000171e+01 5.314151425003836859e-01 5.548852110031542439e-01 5.906531373185496259e-01 6.270587786761409044e-01 6.516623975434217009e-01
1.990099999999999980e+01 4.955990517258007100e-01 5.174199204893856763e-01 5.506763843278528192e-01 5.845282161751924610e-01 6.074073491123564983e-01
2.052499999999999858e+01 4.621651940440441031e-01 4.824548132193032246e-01 5.133794545250290886e-01 5.448601413138576266e-01 5.661381173484242302e-01
2.116900000000000048e+01 4.308912203738082258e-01 4.497558709665779308e-01 4.785105344487740608e-01 5.077846219211518131e-01 5.275725255137324599e-01
2.183299999999999841e+01 4.016742394920259640e-01 4.192141961577457998e-01 4.459515611520819545e-01 4.731742583161454574e-01 4.915768626306018518e-01
2.251800000000000068e+01 3.743708868557365510e-01 3.906787365099200215e-01 4.155397617441713431e-01 4.408543478477793265e-01 4.579683662184494963e-01
2.322400000000000020e+01 3.488856610051411233e-01 3.640486144360415843e-01 3.871660625845539938e-01 4.107074756319363806e-01 4.266239869192258727e-01
2.395200000000000173e+01 3.250905716657014888e-01 3.391891326728571632e-01 3.606855470736090030e-01 3.825783297002113281e-01 3.973813926366659977e-01
2.470400000000000063e+01 3.028413076318228758e-01 3.159486836878113714e-01 3.359354932610326694e-01 3.562928846948025252e-01 3.700589255491091856e-01
2.547899999999999920e+01 2.820908849057079948e-01 2.942774358986133820e-01 3.128617327516252655e-01 3.317925640894994199e-01 3.445950346075695725e-01
2.627799999999999869e+01 2.627342013579756497e-01 2.740649399873070768e-01 2.913456742219412421e-01 3.089504999389934836e-01 3.208572652458140939e-01
2.710200000000000031e+01 2.446753525573256149e-01 2.552104472604436736e-01 2.712791940603255236e-01 2.876510731355982897e-01 2.987249396390429523e-01
2.795200000000000173e+01 2.278264668949252780e-01 2.376216801057711436e-01 2.525633080282234655e-01 2.677884842906052554e-01 2.780876593864217150e-01
2.882900000000000063e+01 2.121067242990259116e-01 2.212137962507024769e-01 2.351070523356981745e-01 2.492655499690378529e-01 2.588440443399271373e-01
2.973400000000000176e+01 1.974415286472725461e-01 2.059085152088846460e-01 2.188265398838624975e-01 2.319926873394705658e-01 2.409006688178615130e-01
3.066600000000000037e+01 1.837896539163582366e-01 1.916624358676129736e-01 2.036750627309071582e-01 2.159198329942464412e-01 2.242052078056074316e-01
3.162800000000000011e+01 1.710537497705621190e-01 1.783736392086118228e-01 1.895437478904479778e-01 2.009310468196257582e-01 2.086369513168061240e-01
3.262100000000000222e+01 1.591748716045570944e-01 1.659803340923725889e-01 1.763664738836405732e-01 1.869558094750645716e-01 1.941224134130373757e-01
3.364399999999999835e+01 1.481185284389321677e-01 1.544462787728369813e-01 1.641043384252982018e-01 1.739525201725605486e-01 1.806181750211373338e-01
3.469899999999999807e+01 1.378180095597121846e-01 1.437016526385536952e-01 1.526827887271896000e-01 1.618418184614326683e-01 1.680416315904153246e-01
3.578799999999999670e+01 1.282145955259203218e-01 1.336850076001326604e-01 1.420362249099698937e-01 1.505538867158276450e-01 1.563201195876325611e-01
3.690999999999999659e+01 1.192789618639516214e-01 1.243655836889908106e-01 1.321317059983537212e-01 1.400535721912754272e-01 1.454169960721179433e-01
3.806799999999999784e+01 1.109512594849340894e-01 1.156808091176985548e-01 1.229025164323382241e-01 1.302699483616387988e-01 1.352584923714444942e-01
3.926200000000000045e+01 1.031987982896778455e-01 1.075964601129012765e-01 1.143121008201558597e-01 1.211640934804531083e-01 1.258040913090357482e-01
4.049399999999999977e+01 9.597763166822430303e-02 1.000665934293392956e-01 1.063114779034896734e-01 1.126839398640475526e-01 1.169996425062076600e-01
4.176400000000000290e+01 8.925852229100215973e-02 9.306062165430573074e-02 9.886800765678339931e-02 1.047947641201850411e-01 1.088090178155414478e-01
4.307399999999999807e+01 8.300319776477436962e-02 8.653855143025196428e-02 9.193907799782304047e-02 9.745129347748580917e-02 1.011851489065150045e-01
4.442499999999999716e+01 7.718141935982518465e-02 8.046877968594501329e-02 8.549101048453543183e-02 9.061774169072908669e-02 9.409082754128655912e-02
4.581900000000000261e+01 7.176102277767926196e-02 7.481770763826840753e-02 7.948802344243856288e-02 8.425610908040007119e-02 8.748655714057237964e-02
4.725600000000000023e+01 6.671962791146084093e-02 6.956194742112808971e-02 7.390519662739826467e-02 7.833991975286863640e-02 8.134481268501812801e-02
4.873899999999999721e+01 6.202591424958514565e-02 6.466879949565355890e-02 6.870773121172266129e-02 7.283224086065433200e-02 7.562722056735951548e-02
5.026800000000000068e+01 5.766057447020148802e-02 6.011809606056519456e-02 6.387415085229865286e-02 6.771026749679767698e-02 7.031007981194346834e-02
