# s8 = 0.8195 
#  k, 0.95*s8, 0.97*s8, 1.*s8, 1.03*s8, 1.05*s8
1.017799999999999979e-05 1.196565997092515410e+01 1.247478057245814753e+01 1.325834899825501978e+01 1.406578245224874912e+01 1.461732977057615912e+01
1.049699999999999962e-05 1.232775728566094209e+01 1.285228457626413245e+01 1.365956485945810783e+01 1.449143235939910923e+01 1.505967025755256472e+01
1.082599999999999935e-05 1.270082032349282919e+01 1.324122087797717917e+01 1.407293110636324762e+01 1.492997261074076754e+01 1.551540654476547765e+01
1.116599999999999948e-05 1.308507753698531673e+01 1.364182765047034884e+01 1.449870087200589097e+01 1.538167175511105356e+01 1.598481771138649954e+01
1.151599999999999952e-05 1.348098583126741623e+01 1.405458123948976379e+01 1.493738042245696818e+01 1.584706689018459791e+01 1.646846191575880880e+01
1.187699999999999996e-05 1.388877365890361482e+01 1.447971981790849227e+01 1.538922289075192928e+01 1.632642656479872301e+01 1.696661823705399996e+01
1.224999999999999960e-05 1.430889792502293112e+01 1.491771973147266195e+01 1.585473454296169749e+01 1.682028787662806479e+01 1.747984483361527097e+01
1.263399999999999965e-05 1.474181553475435891e+01 1.536905732592839691e+01 1.633442164515718531e+01 1.732918792334725921e+01 1.800869986378580023e+01
1.303099999999999941e-05 1.518775494066241194e+01 1.583397077414876541e+01 1.682853733037386235e+01 1.785339525379362868e+01 1.855346240673718583e+01
1.343899999999999957e-05 1.564740150044058353e+01 1.631317459475295806e+01 1.733784099771810006e+01 1.839371551447913333e+01 1.911496969998420425e+01
1.386099999999999993e-05 1.612075521408888079e+01 1.680666878774097839e+01 1.786233264718989844e+01 1.895014870540376606e+01 1.969322174352685906e+01
1.429600000000000001e-05 1.660850143930081302e+01 1.731516787173200811e+01 1.840277167789563961e+01 1.952350047307948344e+01 2.028905577487994094e+01
1.474399999999999978e-05 1.711086862864087621e+01 1.783891001959911193e+01 1.895941122287077363e+01 2.011403936634360079e+01 2.090275087321503023e+01
1.520700000000000026e-05 1.762854213980257967e+01 1.837860974996149110e+01 1.953301068122169326e+01 2.072257103170809600e+01 2.153514427604691406e+01
1.568400000000000095e-05 1.816197887791491894e+01 1.893474340856526084e+01 2.012407631901930216e+01 2.134963256684757482e+01 2.218679414171877795e+01
1.617599999999999895e-05 1.871140729554241133e+01 1.950754916828349650e+01 2.073286126929906459e+01 2.199549252059938453e+01 2.285797954940222354e+01
1.668299999999999934e-05 1.927751275037854484e+01 2.009774154773537092e+01 2.136012493116736621e+01 2.266095653947545685e+01 2.354953773661202376e+01
1.720600000000000094e-05 1.986075214755234697e+01 2.070579689266704193e+01 2.200637357069511779e+01 2.334656172115045791e+01 2.426202686169137479e+01
1.774599999999999916e-05 2.046158239219279906e+01 2.133219154882460344e+01 2.267211345395324074e+01 2.405284516329899347e+01 2.499600508298345147e+01
1.830300000000000077e-05 2.108068884199342108e+01 2.197764003482726736e+01 2.335810398004811361e+01 2.478061251243304142e+01 2.575230963800304096e+01
1.887699999999999900e-05 2.171852840208321567e+01 2.264261869642116309e+01 2.406485141505065783e+01 2.553040086622723948e+01 2.653149868509334297e+01
1.946899999999999944e-05 2.237555797759118548e+01 2.332760387935240587e+01 2.479286202503177705e+01 2.630274732235621826e+01 2.733413038259753947e+01
2.008000000000000087e-05 2.305314828390433490e+01 2.403402462085937685e+01 2.554365460820424616e+01 2.709926317384388383e+01 2.816187920554518342e+01
2.070999999999999992e-05 2.374992860563565955e+01 2.476045188370370553e+01 2.631571036635529737e+01 2.791833712766633369e+01 2.901307067890672542e+01
2.135899999999999997e-05 2.446955418381719127e+01 2.551069643385440244e+01 2.711307942805229487e+01 2.876426596522068024e+01 2.989217006942766020e+01
2.202899999999999864e-05 2.520974049280390972e+01 2.628237654258083111e+01 2.793323046294062806e+01 2.963436419813371003e+01 3.079638658539204243e+01
2.271999999999999931e-05 2.597048753259582554e+01 2.707549220988300576e+01 2.877616347102030758e+01 3.052863182640543371e+01 3.172572022679987924e+01
2.343300000000000079e-05 2.675636435448295813e+01 2.789480689322217444e+01 2.964694111300051205e+01 3.145243982678224270e+01 3.268575257708306481e+01
2.416799999999999968e-05 2.756737095846532881e+01 2.874032059259836913e+01 3.054556338888124856e+01 3.240578819926411569e+01 3.367648363624158492e+01
2.492600000000000157e-05 2.840122281889789235e+01 2.960965157928092140e+01 3.146949896830791715e+01 3.338599145547787117e+01 3.469512261255947294e+01
2.570799999999999849e-05 2.926020446142570108e+01 3.050518158200048902e+01 3.242127918163512845e+01 3.439573508379670130e+01 3.574446029775272393e+01
2.651499999999999940e-05 3.014431588604871948e+01 3.142691060075705778e+01 3.340090402886284693e+01 3.543501908422059898e+01 3.682449669182129526e+01
2.734599999999999873e-05 3.105812614405701666e+01 3.237960209301191128e+01 3.441343617070030092e+01 3.650921443349594853e+01 3.794081337819707755e+01
2.820399999999999966e-05 3.199706618416054127e+01 3.335849260130378013e+01 3.545381294643827630e+01 3.761295015487637272e+01 3.908782877344820861e+01
2.908899999999999881e-05 3.296570505764935888e+01 3.436834558309393373e+01 3.652709701678598009e+01 3.875159722510824878e+01 4.027112446100654353e+01
3.000099999999999956e-05 3.396175823887838874e+01 3.540677930965171782e+01 3.763075705138879101e+01 3.992247015581836678e+01 4.148790964915615120e+01
3.094299999999999834e-05 3.498979477913772484e+01 3.647855723843842668e+01 3.876985571095592320e+01 4.113093992375313235e+01 4.274376592132890806e+01
3.191299999999999752e-05 3.604753015278232198e+01 3.758129764072342027e+01 3.994186166513276959e+01 4.237432104053935689e+01 4.403590248580888300e+01
3.291399999999999692e-05 3.713953341110224216e+01 3.871976397396797154e+01 4.115183757462851588e+01 4.365798448292339629e+01 4.536990092602794533e+01
3.394699999999999871e-05 3.826123550280742336e+01 3.988919278071080754e+01 4.239472077873399058e+01 4.497655927415888755e+01 4.674017965855421863e+01
3.501200000000000292e-05 3.941949000483295862e+01 4.109672924714385545e+01 4.367810526851296515e+01 4.633810187936540359e+01 4.815511105853553886e+01
3.610999999999999816e-05 4.061201239153378140e+01 4.233999164453643971e+01 4.499945971361083252e+01 4.773992681016973449e+01 4.961190433425595359e+01
3.724300000000000239e-05 4.184108718855493692e+01 4.362136170161922166e+01 4.636131544438220686e+01 4.918471955494507597e+01 5.111335027743139392e+01
3.841100000000000205e-05 4.310671439589642517e+01 4.494083941839219420e+01 4.776367246082706686e+01 5.067248011369143512e+01 5.265944888806184565e+01
3.961600000000000153e-05 4.441117853920327008e+01 4.630080652358600446e+01 4.920906209330001957e+01 5.220589397478199345e+01 5.425299095786328252e+01
4.085900000000000301e-05 4.575447961847547163e+01 4.770126301720063822e+01 5.069748434180107921e+01 5.378496113821677937e+01 5.589397648683568320e+01
4.213999999999999972e-05 4.713890215935804662e+01 4.914459062796674971e+01 5.223147053668481021e+01 5.541236709236892466e+01 5.758519626669501434e+01
4.346199999999999825e-05 4.856444616185100216e+01 5.063078935588433183e+01 5.381102067795124100e+01 5.708811183723847194e+01 5.932665029744124041e+01
4.482600000000000077e-05 5.003339615159931952e+01 5.216224092968398907e+01 5.543866609595492889e+01 5.881488086119857428e+01 6.112112937079032093e+01
4.623200000000000053e-05 5.154575212860304845e+01 5.373894534936577827e+01 5.711440679069590942e+01 6.059267416424928854e+01 6.296863348674224170e+01
4.768200000000000189e-05 5.310608314415222253e+01 5.536566607239094395e+01 5.884330542288333987e+01 6.242686272313695639e+01 6.487474422872888624e+01
4.917800000000000247e-05 5.471210467260181076e+01 5.704002137002886030e+01 6.062283066216267002e+01 6.431476104948838213e+01 6.683667080503434477e+01
5.072000000000000228e-05 5.636838576524185385e+01 5.876677469974079315e+01 6.245804516924305005e+01 6.626174012004993585e+01 6.885999479909045817e+01
5.231100000000000111e-05 5.807264189642732077e+01 6.054354433279608116e+01 6.434641761376988711e+01 6.826511444644847870e+01 7.094192541918128825e+01
5.395200000000000115e-05 5.982944211744828777e+01 6.237509372665605412e+01 6.629301065645238111e+01 7.033025500543033104e+01 7.308804424873873984e+01
5.564500000000000002e-05 6.163878642830471222e+01 6.426142288132066938e+01 6.829782429729053206e+01 7.245716179699552129e+01 7.529835128776281294e+01
5.738999999999999771e-05 6.350295935464163932e+01 6.620491352552058117e+01 7.036338986663893991e+01 7.464852030951723805e+01 7.757563732796941736e+01
5.919100000000000300e-05 6.542424542210407878e+01 6.820794738798639401e+01 7.249223869485216198e+01 7.690701603136866993e+01 7.992269316107450550e+01
6.104700000000000014e-05 6.740492915633706161e+01 7.027290619744880473e+01 7.468690211228484088e+01 7.923533445092299132e+01 8.234230957879404400e+01
6.296199999999999789e-05 6.944272603169558522e+01 7.239740822517714491e+01 7.694484878858234822e+01 8.163079007980701363e+01 8.483169578941205202e+01
6.493700000000000524e-05 7.154220509946964057e+01 7.458621692863265196e+01 7.927114138445389813e+01 8.409875389476714247e+01 8.739643337636042020e+01
6.697500000000000165e-05 7.370793541094930390e+01 7.684409576527667696e+01 8.167084256060864789e+01 8.664459687254971243e+01 9.004210392307102495e+01
6.907499999999999849e-05 7.593763244048953709e+01 7.916866300637852305e+01 8.414142098669201175e+01 8.926563352478154911e+01 9.276591663782795649e+01
7.124200000000000671e-05 7.823358071373537825e+01 8.156230038066884447e+01 8.668540799305861810e+01 9.196454933983586955e+01 9.557066231234711040e+01
7.347700000000000140e-05 8.060034928197690363e+01 8.402977134560892125e+01 8.930786624041758159e+01 9.474671529445902252e+01 9.846192253006041994e+01
7.578200000000000051e-05 8.303793814521401373e+01 8.657107590119875340e+01 9.200879572876898749e+01 9.761213138865106487e+01 1.014396972909678141e+02
7.815899999999999486e-05 8.554863182909180352e+01 8.918859577616898093e+01 9.479072778846740732e+01 1.005634831107850715e+02 1.045067773867853305e+02
8.061100000000000459e-05 8.813699938490032082e+01 9.188709442798085547e+01 9.765872508022195575e+01 1.036061414376074907e+02 1.076687444009447319e+02
8.313999999999999342e-05 9.080075628699451329e+01 9.466419012790375120e+01 1.006102562736781181e+02 1.067374208807451197e+02 1.109228075417301369e+02
8.574800000000000640e-05 9.354675611230946686e+01 9.752702806212960240e+01 1.036529153598996800e+02 1.099653779053175526e+02 1.142773391842894029e+02
8.843799999999999589e-05 9.637728338649017701e+01 1.004779899593890207e+02 1.067892336692411845e+02 1.132926979996979497e+02 1.177351301203384253e+02
9.121199999999999339e-05 9.929233810953660111e+01 1.035170758196820060e+02 1.100192112017026318e+02 1.167193811638863252e+02 1.212961803498771474e+02
9.407300000000000547e-05 1.022942048070938910e+02 1.066466673717391984e+02 1.133453792876386643e+02 1.202481128862558535e+02 1.249632806646215926e+02
9.702399999999999805e-05 1.053874525304519665e+02 1.098715280730219064e+02 1.167728005877584110e+02 1.238842641435528975e+02 1.287420126480036231e+02
1.000699999999999957e-04 1.085743658052558800e+02 1.131940396522606989e+02 1.203040064324165144e+02 1.276305204241506743e+02 1.326351670917391914e+02
1.032099999999999961e-04 1.118572291571507122e+02 1.166165838381862727e+02 1.239415281519675460e+02 1.314895672164223868e+02 1.366455347875442214e+02
1.064400000000000041e-04 1.152383271117814161e+02 1.201415423595292111e+02 1.276878970767661201e+02 1.354640900087411524e+02 1.407759065271346230e+02
1.097799999999999959e-04 1.187222287204380677e+02 1.237736786737508510e+02 1.315481758675213655e+02 1.395594597778534194e+02 1.450318638939423010e+02
1.132299999999999984e-04 1.223135030344106724e+02 1.275177562383124439e+02 1.355274271849425816e+02 1.437810475005055366e+02 1.494189884713991887e+02
1.167800000000000034e-04 1.260098655280542488e+02 1.313713933244833356e+02 1.396231196986750547e+02 1.481261676883243581e+02 1.539344894677892626e+02
1.204400000000000056e-04 1.298204543039488215e+02 1.353441168471861147e+02 1.438453787301372131e+02 1.526055622948025530e+02 1.585895300499762470e+02
1.242199999999999999e-04 1.337429848364494376e+02 1.394335450776900700e+02 1.481916729489744569e+02 1.572165458315670037e+02 1.633813194262443460e+02
1.281200000000000134e-04 1.377865952281361785e+02 1.436492049309178185e+02 1.526721276766051574e+02 1.619698602521104078e+02 1.683210207634571987e+02
1.321399999999999918e-04 1.419512854790089875e+02 1.479910964068693318e+02 1.572867429130293715e+02 1.668655055564328222e+02 1.734086340616148902e+02
1.362799999999999895e-04 1.462416246403579692e+02 1.524639829630058614e+02 1.620405813189561854e+02 1.719088527212805957e+02 1.786497409041491835e+02
1.405599999999999959e-04 1.506621817634730860e+02 1.570726280567887443e+02 1.669387055550948560e+02 1.771052727234001338e+02 1.840499228744920686e+02
1.449599999999999945e-04 1.552152413739994472e+02 1.618194134169485778e+02 1.719836469517999262e+02 1.824574510511645542e+02 1.896119707643593983e+02
1.495099999999999966e-04 1.599053725232270153e+02 1.667091025009466136e+02 1.771804681697806245e+02 1.879707586813203193e+02 1.953414661571831914e+02
1.542000000000000076e-04 1.647371442624459235e+02 1.717464587662441602e+02 1.825342318697461508e+02 1.936505665906136642e+02 2.012439906363951536e+02
1.590399999999999952e-04 1.697128411173010818e+02 1.769338639415718433e+02 1.880474693820510481e+02 1.994995602674179622e+02 2.073223349937112516e+02
1.640300000000000135e-04 1.748416011903726428e+02 1.822808449418521946e+02 1.937303060281137448e+02 2.055284816652258542e+02 2.135876623959954088e+02
1.691700000000000083e-04 1.801211399560156110e+02 1.877850200383547019e+02 1.995802104775796408e+02 2.117346452956641656e+02 2.200371820515315164e+02
1.744799999999999964e-04 1.855628800424550491e+02 1.934582978747323239e+02 2.056098393822216224e+02 2.181314786005989390e+02 2.266848479188993508e+02
1.799500000000000101e-04 1.911668214496909002e+02 1.993006784509852594e+02 2.118191927420397747e+02 2.247189815800299755e+02 2.335306599980988835e+02
1.856000000000000119e-04 1.969398177546583213e+02 2.053193069533052721e+02 2.182158645480978123e+02 2.315052106990769687e+02 2.405829906642778440e+02
1.914200000000000070e-04 2.028864380086473318e+02 2.115189468391537559e+02 2.248049174611050773e+02 2.384955369344863811e+02 2.478474215008683643e+02
1.974300000000000122e-04 2.090112512629479227e+02 2.179043615659919340e+02 2.315914141417705707e+02 2.456953312630043911e+02 2.553295340913020368e+02
2.036200000000000054e-04 2.153211110944951940e+02 2.244826963200116836e+02 2.385829485811581492e+02 2.531126501497506638e+02 2.630377008107267898e+02
2.100100000000000035e-04 2.218205865545792506e+02 2.312587145586743986e+02 2.457845834399770695e+02 2.607528645714716049e+02 2.709775032425746417e+02
2.165900000000000117e-04 2.285211002714250412e+02 2.382443249256331228e+02 2.532089753700000756e+02 2.686294019700330864e+02 2.791628953454250563e+02
2.233899999999999872e-04 2.354203677193877127e+02 2.454371456921572303e+02 2.608535930408728518e+02 2.767395768570619907e+02 2.875910863275622660e+02
2.303999999999999896e-04 2.425023972189520407e+02 2.528205047571324258e+02 2.687007171401131131e+02 2.850645908139459266e+02 2.962425406469745894e+02
2.376199999999999916e-04 2.498357245394686288e+02 2.604658539824775971e+02 2.768262875783585741e+02 2.936850084918805237e+02 3.052009820551402868e+02
2.450800000000000049e-04 2.573518139115868735e+02 2.683017415062737996e+02 2.851543644449715771e+02 3.025202652396703797e+02 3.143826868005812116e+02
2.527599999999999856e-04 2.651192011046573498e+02 2.763996191904400348e+02 2.937608876505899502e+02 3.116509257085108402e+02 3.238713786347753967e+02
2.606899999999999994e-04 2.731150408622300461e+02 2.847356697476701015e+02 3.026205438916675803e+02 3.210501350146701043e+02 3.336391496405634598e+02
2.688699999999999922e-04 2.813393331843047349e+02 2.933098931779637724e+02 3.117333331682046946e+02 3.307178931581482857e+02 3.436859998179456284e+02
2.773100000000000131e-04 2.898149233273316554e+02 3.021461067686274760e+02 3.211245687837469518e+02 3.406810550226771852e+02 3.540398370840810571e+02
2.860000000000000129e-04 2.985418112913108644e+02 3.112443105196613828e+02 3.307942507382945792e+02 3.509396206082566891e+02 3.647006614389698029e+02
2.949800000000000252e-04 3.075428423326926577e+02 3.206283217183718079e+02 3.407676923353934626e+02 3.615204447986189393e+02 3.756963807997713047e+02
3.042300000000000061e-04 3.167951711950266827e+02 3.302743230774522090e+02 3.510195802714977162e+02 3.723966727100319076e+02 3.869990872493261804e+02
3.137699999999999994e-04 3.263444883912133605e+02 3.402299491715153863e+02 3.616005411536989413e+02 3.836220141099592524e+02 3.986645966219531942e+02
3.236199999999999949e-04 3.361679486648025659e+02 3.504713827132550819e+02 3.724852616784515931e+02 3.951696141146693435e+02 4.106650010004929072e+02
3.337699999999999977e-04 3.462655520157942419e+02 3.609986237026713525e+02 3.836737418457555009e+02 4.070394727241618966e+02 4.230003003849453194e+02
3.442399999999999974e-04 3.566829889570888099e+02 3.718593067143766575e+02 3.952166082627023229e+02 4.192852997059008544e+02 4.357263106096293086e+02
3.550399999999999888e-04 3.673974142322361445e+02 3.830296144610648525e+02 4.070885476257464575e+02 4.318802401761544729e+02 4.488151237573854360e+02
3.661700000000000263e-04 3.784545183541365532e+02 3.945571815173485675e+02 4.193401865419796195e+02 4.448780039023861832e+02 4.623225556625324657e+02
3.776599999999999857e-04 3.898086108098896716e+02 4.063943733086151155e+02 4.319208984043098098e+02 4.582248811171322700e+02 4.761927904907515199e+02
3.895099999999999756e-04 4.015053821123958642e+02 4.185888244094773540e+02 4.448813098198292550e+02 4.719745815878567896e+02 4.904816440763618175e+02
4.017199999999999959e-04 4.135676775181054268e+02 4.311643521072414273e+02 4.582467340920834999e+02 4.861539601982914860e+02 5.052170243365220585e+02
4.143300000000000260e-04 4.259726517705679498e+02 4.440971391146009637e+02 4.719918579175268292e+02 5.007361620647042741e+02 5.203710233540732588e+02
4.273200000000000219e-04 4.387431501262339566e+02 4.574110027188627896e+02 4.861419945997052423e+02 5.157480420708272959e+02 5.359715490461751415e+02
4.407300000000000171e-04 4.518791725851033334e+02 4.711059429200262798e+02 5.006971441386185688e+02 5.311896002166604376e+02 5.520186014128269107e+02
4.545500000000000170e-04 4.654264096600762173e+02 4.852295942927044052e+02 5.157079331413588079e+02 5.471145462696674713e+02 5.685679962883481267e+02
4.688100000000000058e-04 4.793391708382525849e+02 4.997343222622846497e+02 5.311237350008339035e+02 5.634691704623846817e+02 5.855639178384193428e+02
4.835199999999999785e-04 4.936859918889829260e+02 5.146915786906859012e+02 5.470204896276817408e+02 5.803340374460077555e+02 6.030900898145193878e+02
4.986899999999999840e-04 5.084440275558168878e+02 5.300775462906019584e+02 5.633728837183566611e+02 5.976822923368046077e+02 6.211186042994883110e+02
5.143300000000000172e-04 5.236361230952047663e+02 5.459160423493385679e+02 5.802062305764043231e+02 6.155407900185073231e+02 6.396773692104857219e+02
5.304599999999999593e-04 5.392622785071467888e+02 5.622070668668968665e+02 5.975205302018246130e+02 6.339095304911156745e+02 6.587663845475117341e+02
5.471000000000000169e-04 5.553453390480926828e+02 5.789744371305822597e+02 6.153410958981637577e+02 6.528153686383618606e+02 6.784135582277256162e+02
5.642600000000000220e-04 5.718853047180430167e+02 5.962181531403950885e+02 6.336679276654215300e+02 6.722583044602456539e+02 6.986188902511274819e+02
5.819700000000000133e-04 5.889278660298978139e+02 6.139858494709483239e+02 6.525516521106900427e+02 6.922920477242311108e+02 7.194381964520357542e+02
6.002200000000000504e-04 6.064501777272068921e+02 6.322537088349351961e+02 6.719669559304229551e+02 7.128897435465858052e+02 7.408435689132916195e+02
6.190500000000000039e-04 6.244750850664206610e+02 6.510455485196621339e+02 6.919391524281668353e+02 7.340782468110420496e+02 7.628629155520540053e+02
6.384700000000000314e-04 6.430254333039889616e+02 6.703851858124355658e+02 7.124935549074670007e+02 7.558844124013317014e+02 7.855241442854824072e+02
6.585000000000000141e-04 6.621012224399123625e+02 6.902726207132557192e+02 7.336301633683237924e+02 7.783082403174547608e+02 8.088272551135768254e+02
6.791500000000000011e-04 6.817252977306402499e+02 7.107316705094289091e+02 7.553742911142829826e+02 8.013765854431426305e+02 8.328001559534969829e+02
7.004599999999999715e-04 7.018976591761735335e+02 7.317623352009546807e+02 7.777259381453446849e+02 8.250894477783962202e+02 8.574428468052424250e+02
7.224300000000000339e-04 7.226639972894121229e+02 7.534122493624465733e+02 8.007357310686006713e+02 8.495005370906784492e+02 8.828111435031323708e+02
7.450900000000000101e-04 7.440243120703560180e+02 7.756814129939039049e+02 8.244036698840511690e+02 8.746098533799897723e+02 9.089050460471662518e+02
7.684599999999999981e-04 7.659786035190055600e+02 7.985698260953266754e+02 8.487297545916959507e+02 9.004173966463300758e+02 9.357245544373445227e+02
7.925700000000000366e-04 7.885497168918104762e+02 8.221013059540215409e+02 8.737392984950806749e+02 9.269500217734312173e+02 9.632975765908266794e+02
8.174299999999999579e-04 8.117376521887708805e+02 8.462758525699885013e+02 8.994323015942060238e+02 9.542077287612930832e+02 9.916241125076123808e+02
8.430799999999999579e-04 8.356109451792378877e+02 8.711649178051465015e+02 9.258847037997093139e+02 9.822710822611119283e+02 1.020787885939179546e+03
8.695200000000000368e-04 8.601239053503104515e+02 8.967208670848832526e+02 9.530458785044988872e+02 1.011086372505423014e+03 1.050733081051210320e+03
8.968000000000000060e-04 8.853222232148892772e+02 9.229913349838107024e+02 9.809664523156665155e+02 1.040707309261690625e+03 1.081515513678022444e+03
9.249300000000000230e-04 9.112287440294244334e+02 9.500001387892359617e+02 1.009671738536758312e+03 1.071160747413646732e+03 1.113163091736776096e+03
9.539400000000000180e-04 9.378434677939159201e+02 9.777472785011586893e+02 1.039161737167773708e+03 1.102446686961291562e+03 1.145675815227471048e+03
9.838699999999999703e-04 9.651892397648142605e+02 1.006256571406885200e+03 1.069461761512259500e+03 1.134591982788356063e+03 1.179081592067266456e+03
1.014700000000000107e-03 9.932889051985692959e+02 1.035551834793722037e+03 1.100597124873761231e+03 1.167623489778573230e+03 1.213408330173321701e+03
1.046599999999999961e-03 1.022142464095181481e+03 1.065633068661668858e+03 1.132567827252278676e+03 1.201541207931942608e+03 1.248656029545637466e+03
1.079400000000000108e-03 1.051795606967551066e+03 1.096547907585339090e+03 1.165424495254904059e+03 1.236398847015927686e+03 1.284880506018531833e+03
1.113300000000000010e-03 1.082225488559227188e+03 1.128272534277425848e+03 1.199141815578090927e+03 1.272169552146796832e+03 1.322053851674845191e+03
1.148200000000000045e-03 1.113477799383110778e+03 1.160854583312541990e+03 1.233770414828931735e+03 1.308907033092013762e+03 1.360231882348897443e+03
1.184200000000000053e-03 1.145575384695652474e+03 1.194317871977993491e+03 1.269335606310972253e+03 1.346638144735309879e+03 1.399442505957846606e+03
1.221300000000000033e-03 1.178518244496851594e+03 1.228662400273781259e+03 1.305837390024212255e+03 1.385362887076686320e+03 1.439685722501694045e+03
1.259600000000000043e-03 1.212329224043158547e+03 1.263911985487211041e+03 1.343301079272197740e+03 1.425108114999874715e+03 1.480989439897598004e+03
1.299199999999999921e-03 1.247008323334573333e+03 1.300066627618282382e+03 1.381726674054928935e+03 1.465873828504874155e+03 1.523353658145559166e+03
1.339899999999999989e-03 1.282601232883996545e+03 1.337173961241609277e+03 1.421164800979497613e+03 1.507713737359149263e+03 1.566834193079896068e+03
1.381899999999999925e-03 1.319130797947878136e+03 1.375257803644497017e+03 1.461640773349449546e+03 1.550654696446430989e+03 1.611458952617768091e+03
1.425300000000000004e-03 1.356574173269768607e+03 1.414294337539639855e+03 1.503129277861239188e+03 1.594669850882988840e+03 1.657200028842016309e+03
1.469999999999999953e-03 1.394977049362566959e+03 1.454331197501650195e+03 1.545680941121957403e+03 1.639812910436285165e+03 1.704113237586958576e+03
1.516100000000000043e-03 1.434362271482724736e+03 1.495392200817834691e+03 1.589321076435152236e+03 1.686110729990052960e+03 1.752226486769755184e+03
1.563699999999999899e-03 1.474706994373791076e+03 1.537453530200886007e+03 1.634024370497275186e+03 1.733536454660559457e+03 1.801511868473246295e+03
1.612699999999999897e-03 1.516079753805116525e+03 1.580586637512725019e+03 1.679866763218966071e+03 1.782170649099000912e+03 1.852053106448909602e+03
1.663299999999999935e-03 1.558457704520251582e+03 1.624767705466043935e+03 1.726822941296677755e+03 1.831986458421645011e+03 1.903822292779587315e+03
1.715500000000000011e-03 1.601863691775645293e+03 1.670020551348149638e+03 1.774918218033956464e+03 1.883010737512224296e+03 1.956847335382436768e+03
1.769299999999999909e-03 1.646320560827749205e+03 1.716368992446348102e+03 1.824177906734348198e+03 1.935270341254469940e+03 2.011156142174618708e+03
1.824799999999999903e-03 1.691851156933012817e+03 1.763836846047946665e+03 1.874627320701399185e+03 1.988792124532114258e+03 2.066776621073292517e+03
1.882100000000000049e-03 1.738432634834985720e+03 1.812400294865637989e+03 1.926241146631562970e+03 2.043549232461424936e+03 2.123680864161298814e+03
1.941100000000000074e-03 1.786110685046568506e+03 1.862106973474034930e+03 1.979070011131931778e+03 2.099595374809866826e+03 2.181924687272954998e+03
2.001999999999999873e-03 1.834908152824211811e+03 1.912980699160444146e+03 2.033139227506052066e+03 2.156957406461170649e+03 2.241535998325422042e+03
2.064799999999999882e-03 1.884779347655014817e+03 1.964973837350253234e+03 2.088398169146830696e+03 2.215581617647872463e+03 2.302458981484381184e+03
2.129600000000000156e-03 1.935815650564778252e+03 2.018181657192686316e+03 2.144948089268451895e+03 2.275575427904900607e+03 2.364805268418468586e+03
2.196399999999999828e-03 1.987948525784151343e+03 2.072532706825826153e+03 2.202713047960278345e+03 2.336858272581059737e+03 2.428491135376207239e+03
2.265300000000000039e-03 2.041223663826035136e+03 2.128074620824284466e+03 2.261743671829401592e+03 2.399483861443812657e+03 2.493572398191915454e+03
2.336299999999999922e-03 2.095663909946879357e+03 2.184831216475367455e+03 2.322065274179367862e+03 2.463479049376890998e+03 2.560076964782752839e+03
2.409600000000000023e-03 2.151246418890234054e+03 2.242778676491769602e+03 2.383652541706630927e+03 2.528816981496564495e+03 2.627976927231560694e+03
2.485199999999999909e-03 2.207971190656099225e+03 2.301917000873489087e+03 2.446505474411190335e+03 2.595497657802831782e+03 2.697272285538337201e+03
2.563199999999999854e-03 2.265883915757375235e+03 2.362293824195141042e+03 2.510674698900138992e+03 2.663574788063157030e+03 2.768018855537402942e+03
2.643599999999999856e-03 2.324961748937611901e+03 2.423885329169417219e+03 2.576134901869930218e+03 2.733021517393808608e+03 2.840188729311597399e+03
2.726500000000000191e-03 2.385044773401657494e+03 2.486524794785173981e+03 2.642708890195742242e+03 2.803649861608662832e+03 2.913586551440805579e+03
2.811999999999999830e-03 2.446498513252715384e+03 2.550593297639313278e+03 2.710801676734310604e+03 2.875889498847430332e+03 2.988658848599578050e+03
2.900199999999999913e-03 2.509094515926284203e+03 2.615852664858770822e+03 2.780160128450175762e+03 2.949471880272791168e+03 3.065126541616319173e+03
2.991199999999999849e-03 2.572832781422362132e+03 2.682302896443546615e+03 2.850784245343338171e+03 3.024397005884747159e+03 3.142989630491030766e+03
3.085000000000000069e-03 2.637484857176449168e+03 2.749705819520578189e+03 2.922420894378336925e+03 3.100396326845978365e+03 3.221969036052116735e+03
3.181799999999999819e-03 2.703507648317548956e+03 2.818537779835990932e+03 2.995576341626092926e+03 3.178006940831121938e+03 3.302622916642767450e+03
3.281599999999999968e-03 2.770444249716656486e+03 2.888322431643659911e+03 3.069744321015686637e+03 3.256691750165542089e+03 3.384393113919794814e+03
3.384600000000000195e-03 2.838751566502777223e+03 2.959536120689710060e+03 3.145431098618035321e+03 3.336987852523874608e+03 3.467837786226384651e+03
3.490699999999999793e-03 2.907972693546904793e+03 3.031702501228015535e+03 3.222130408362222170e+03 3.418358150231481886e+03 3.552398775219350682e+03
3.600200000000000015e-03 2.978336083413544657e+03 3.105059746131638803e+03 3.300095383283706269e+03 3.501071192125684320e+03 3.638355160070285820e+03
3.713199999999999834e-03 3.049613283538191808e+03 3.179369682527518307e+03 3.379072890347026714e+03 3.584858429369161058e+03 3.725427861607597151e+03
3.829599999999999844e-03 3.122032746485349435e+03 3.254870483288714695e+03 3.459316062587645320e+03 3.669988410799232497e+03 3.813895959002878953e+03
3.949799999999999839e-03 3.195366019690515714e+03 3.331323975542167773e+03 3.540571766970100271e+03 3.756192587578579605e+03 3.903480373084535586e+03
4.073700000000000411e-03 3.269613103153689281e+03 3.408730159287874358e+03 3.622840003494393386e+03 3.843470959707201473e+03 3.994181103852569322e+03
4.201500000000000373e-03 3.344773996874872864e+03 3.487089034525837178e+03 3.706120772160522847e+03 3.931823527185099010e+03 4.085998151306976979e+03
4.333299999999999999e-03 3.420848700854063281e+03 3.566400601256053051e+03 3.790414072968489563e+03 4.021250290012271762e+03 4.178931515447761740e+03
4.469200000000000429e-03 3.497837215091261896e+03 3.646664859478525159e+03 3.875719905918296263e+03 4.111751248188720638e+03 4.272981196274921786e+03
4.609399999999999609e-03 3.575511087021967342e+03 3.727643636320187852e+03 3.961785137974479312e+03 4.203057852877124787e+03 4.367868114616862840e+03
4.754000000000000413e-03 3.653870316646178708e+03 3.809336931781041585e+03 4.048609769137039621e+03 4.295170104077486030e+03 4.463592270473586723e+03
4.903099999999999646e-03 3.732914903963896450e+03 3.891744745861086813e+03 4.136193799405979917e+03 4.388088001789803457e+03 4.560153663845092524e+03
5.056899999999999590e-03 3.809765296227579256e+03 3.971720315701075833e+03 4.220956393595222835e+03 4.477754605836105839e+03 4.653153410455582161e+03
5.215499999999999650e-03 3.889802475009292266e+03 4.055155393613728847e+03 4.309619847220314114e+03 4.571804153377451257e+03 4.750881244549971598e+03
5.379100000000000374e-03 3.970289846580230005e+03 4.139059473438276655e+03 4.398781195333747746e+03 4.666381297209699369e+03 4.849156922663046316e+03
5.547899999999999707e-03 4.051227109622259377e+03 4.223432224461292208e+03 4.488440059305729847e+03 4.761485605940714777e+03 4.947979975392483539e+03
5.721900000000000250e-03 4.132385829135598215e+03 4.308035491596100655e+03 4.578343324040168227e+03 4.856848548574292181e+03 5.047071341183926052e+03
5.901400000000000222e-03 4.213765654432976589e+03 4.392868889803185994e+03 4.668490548477592711e+03 4.952469622335056556e+03 5.146430472783964433e+03
6.086499999999999896e-03 4.295366331920818084e+03 4.477932139863780321e+03 4.758881411612747797e+03 5.048348460198400971e+03 5.246056970019056280e+03
6.277500000000000094e-03 4.376959280677299830e+03 4.562986926582928390e+03 4.849262615061556062e+03 5.144216322278119151e+03 5.345671543952043066e+03
6.474399999999999947e-03 4.458316108855588027e+03 4.647795141162039727e+03 4.939381095058258325e+03 5.239804734383404138e+03 5.444995193739682691e+03
6.677500000000000276e-03 4.539436472163150938e+03 4.732356404448831199e+03 5.029236415555200438e+03 5.335113197738670351e+03 5.544027375379360819e+03
6.886899999999999619e-03 4.620548316107477149e+03 4.816908331515449390e+03 5.119081069277111055e+03 5.430409530327348875e+03 5.643046372166401852e+03
7.102999999999999939e-03 4.700966667312398386e+03 4.900736821181389132e+03 5.208156127674852542e+03 5.524888613538498248e+03 5.741215515121768476e+03
7.325800000000000367e-03 4.780919549273953635e+03 4.984079572995539820e+03 5.296714178503320909e+03 5.618818371993833352e+03 5.838813202543640728e+03
7.555599999999999990e-03 4.859950295008065950e+03 5.066460497845237114e+03 5.384249241783464640e+03 5.711662025677735983e+03 5.935281615988613339e+03
7.792600000000000221e-03 4.938286805979924793e+03 5.148117160842663907e+03 5.471013750587424511e+03 5.803687322211191713e+03 6.030898960665621416e+03
8.037000000000000741e-03 5.015700665931667572e+03 5.228811423718276274e+03 5.556754603285637131e+03 5.894625740141488677e+03 6.125386181625617610e+03
8.289200000000000040e-03 5.091735238248716087e+03 5.308067229115585178e+03 5.640965853783424791e+03 5.983940535523312064e+03 6.218185497986361952e+03
8.549199999999999855e-03 5.166618567692831675e+03 5.386122297063732731e+03 5.723900109015452472e+03 6.071899650747629494e+03 6.309575324838171582e+03
8.817399999999999544e-03 5.239894083042782768e+03 5.462500640556944745e+03 5.805051501244707651e+03 6.157966428964967236e+03 6.398997974653600068e+03
9.093900000000000247e-03 5.311561681106878495e+03 5.537202138941204794e+03 5.884419881140996040e+03 6.242140689101055614e+03 6.486453243451450362e+03
9.379200000000000731e-03 5.381164831140706156e+03 5.609750848214571306e+03 5.961499427952944643e+03 6.323885825509495589e+03 6.571383497854633788e+03
9.673400000000000401e-03 5.448931571122158857e+03 5.680384477928173510e+03 6.036542732059791888e+03 6.403469757309439956e+03 6.654067124855558177e+03
9.976900000000000351e-03 5.514177467939006419e+03 5.748389512318367451e+03 6.108791523300933477e+03 6.480088103880114431e+03 6.733668250412218185e+03
1.029000000000000054e-02 5.577130483909777467e+03 5.814003576265020456e+03 6.178498292607248004e+03 6.554008668528341332e+03 6.810465133873681225e+03
1.061299999999999917e-02 5.637562478640216796e+03 5.876988826976073142e+03 6.245410265432617962e+03 6.624963291304699851e+03 6.884179106418971060e+03
1.094599999999999913e-02 5.694789489838295594e+03 5.936632262517147865e+03 6.308769755342680583e+03 6.692148252038905412e+03 6.953975009605793275e+03
1.128900000000000042e-02 5.749039814559305341e+03 5.993171872098862877e+03 6.368829665822161587e+03 6.755831819723393892e+03 7.020131606793333958e+03
1.164300000000000057e-02 5.799857047911575137e+03 6.046131843503791060e+03 6.425084316955221766e+03 6.815477538765336249e+03 7.082091420893020768e+03
1.200799999999999958e-02 5.847013606168407023e+03 6.095274941290814240e+03 6.477281623897555619e+03 6.870818029291859602e+03 7.139576628111991340e+03
1.238500000000000018e-02 5.890509229599212631e+03 6.140600863294076589e+03 6.525421214445403166e+03 6.921852841073897252e+03 7.192586721606621722e+03
1.277299999999999963e-02 5.929661338452047858e+03 6.181398122456784222e+03 6.568747132455465362e+03 6.967780221056479604e+03 7.240288680452173139e+03
1.317399999999999995e-02 5.964697085723940290e+03 6.217903445614783777e+03 6.607510825372946783e+03 7.008866767949954919e+03 7.282959442833645880e+03
1.358700000000000012e-02 5.995162091302629051e+03 6.249643240849781250e+03 6.641209152215014001e+03 7.044578915892279838e+03 7.320044674094089714e+03
1.401400000000000041e-02 6.020827862938318503e+03 6.276379269008395568e+03 6.669588868123596512e+03 7.074647951429663408e+03 7.351265090981400135e+03
1.445300000000000057e-02 6.041241126235399861e+03 6.297639155841247884e+03 6.692148232191793795e+03 7.098541909451152605e+03 7.376068104011825199e+03
1.490700000000000011e-02 6.056400841684691841e+03 6.313421733676068470e+03 6.708885865589109017e+03 7.116259175975907056e+03 7.394451928417852287e+03
1.537400000000000051e-02 6.066309724290556915e+03 6.323729970246339690e+03 6.719805147279261291e+03 7.127803582002273288e+03 7.406420720479949523e+03
1.585599999999999857e-02 6.070284273583854883e+03 6.327851363208506882e+03 6.724148949303183144e+03 7.132372027103191613e+03 7.411139983503040639e+03
1.635400000000000048e-02 6.068097639197452736e+03 6.325549478112859106e+03 6.721666096091166764e+03 7.129698157290586096e+03 7.408333002011358985e+03
1.686700000000000005e-02 6.059980129880789718e+03 6.317064513729363171e+03 6.712612022293760674e+03 7.120053125582468965e+03 7.398281676808854172e+03
1.739599999999999827e-02 6.045477480970921533e+03 6.301923007594825322e+03 6.696483736688394856e+03 7.102903534717769617e+03 7.380431853227509237e+03
1.794199999999999962e-02 6.024363474689647774e+03 6.279889225263516892e+03 6.673030872776094839e+03 7.077983958656499453e+03 7.354507828583757146e+03
1.850399999999999961e-02 5.996641258285334516e+03 6.250966621759305781e+03 6.642257384759494926e+03 7.045298897821815444e+03 7.320514494692033622e+03
1.908500000000000127e-02 5.962311296457545723e+03 6.215155680445166581e+03 6.604163782171483035e+03 7.004848885204221006e+03 7.278452398403804182e+03
1.968400000000000011e-02 5.920921915214605178e+03 6.171985811169181943e+03 6.558250404270882427e+03 6.956104356787581310e+03 7.227771579166234005e+03
2.030099999999999960e-02 5.872703852369475499e+03 6.121697698490876064e+03 6.504773262017370143e+03 6.899337138670022796e+03 7.168754678673381932e+03
2.093799999999999828e-02 5.817659037335714856e+03 6.064293451291714518e+03 6.443734751862492885e+03 6.834549937324854000e+03 7.101404622770221977e+03
2.159499999999999961e-02 5.755563535535340634e+03 5.999539875971161564e+03 6.374887466156997107e+03 6.761480742567194284e+03 7.025449451548186516e+03
2.227200000000000013e-02 5.686648699119911726e+03 5.927678346535178207e+03 6.298488226766565276e+03 6.680402323577161042e+03 6.941172843916017882e+03
2.297099999999999836e-02 5.611144698906859958e+03 5.848948921017136854e+03 6.214792319092114667e+03 6.591585669229634732e+03 6.848856522354572917e+03
2.369100000000000025e-02 5.529056395409765173e+03 5.763356981643720246e+03 6.123805970521343625e+03 6.495037929579762931e+03 6.748508296326789605e+03
2.443499999999999839e-02 5.440841097418940080e+03 5.671379304972252612e+03 6.026035917783367950e+03 6.391296711173607946e+03 6.640686857290248554e+03
2.520100000000000118e-02 5.346731869225697665e+03 5.573259191387372994e+03 5.921741258417869176e+03 6.280637442809844288e+03 6.525678819540648874e+03
2.599200000000000121e-02 5.246731622431570031e+03 5.468999848459035093e+03 5.810925674592663199e+03 6.163064318421103962e+03 6.403488738998767076e+03
2.680700000000000097e-02 5.141754748842968183e+03 5.359554642000992317e+03 5.694602524518225437e+03 6.039652526875454896e+03 6.275234046508663596e+03
2.764799999999999897e-02 5.032032008140909966e+03 5.245164297885158703e+03 5.573027889469321053e+03 5.910673992682676726e+03 6.141197499970251556e+03
2.851499999999999868e-02 4.918249569119859189e+03 5.126544256709426918e+03 5.446962270460383479e+03 5.776935661011012598e+03 6.002217776280745966e+03
2.940999999999999864e-02 4.800865185946115162e+03 5.004171805832502287e+03 5.316913022968406040e+03 5.638975877543571187e+03 5.858854393551427165e+03
3.033200000000000132e-02 4.680564918600267447e+03 4.878762280416533031e+03 5.183640549816925159e+03 5.497601499395926112e+03 5.711945949135104456e+03
3.128399999999999931e-02 4.558032512134832359e+03 4.751028401656994902e+03 5.047902151438542205e+03 5.353615743511224537e+03 5.562327013528567477e+03
3.226500000000000201e-02 4.434179949704272076e+03 4.621920874538959652e+03 4.910708119066888685e+03 5.208090291709924713e+03 5.411111198088837227e+03
3.327700000000000102e-02 4.309463455271730709e+03 4.491915287480723237e+03 4.772563837895359029e+03 5.061561226114373312e+03 5.258855549677767158e+03
3.432099999999999734e-02 4.185019652568127640e+03 4.362196260395550780e+03 4.634727751999748762e+03 4.915363009744643932e+03 5.106946429453741985e+03
3.539799999999999891e-02 4.061757286833225862e+03 4.233710869885831016e+03 4.498205892346485598e+03 4.770562376075341490e+03 4.956492010186799234e+03
3.650799999999999879e-02 3.939904471505923539e+03 4.106696928835717699e+03 4.363251002016259008e+03 4.627427456626245657e+03 4.807770937487845003e+03
3.765299999999999897e-02 3.820821183456554536e+03 3.982571539297319759e+03 4.231368013178826914e+03 4.487553582601092785e+03 4.662440235006440162e+03
3.883400000000000046e-02 3.704959990886741707e+03 3.861806223339171538e+03 4.103057586164924942e+03 4.351471401866268025e+03 4.521051014431561271e+03
4.005199999999999733e-02 3.592999117360309810e+03 3.745107564473296861e+03 3.979069896354834782e+03 4.219975943861371888e+03 4.384428909269190626e+03
4.130899999999999850e-02 3.485615398598300089e+03 3.633180579743929684e+03 3.860153264267691611e+03 4.093860070195087701e+03 4.253397162953595398e+03
4.260499999999999704e-02 3.383484900766370629e+03 3.526729453718076911e+03 3.747055079871202452e+03 3.973915609754431898e+03 4.128777915998301978e+03
4.394100000000000089e-02 3.286829677435796384e+03 3.425985216131411107e+03 3.640020139749764894e+03 3.860401490226774058e+03 4.010839720075601690e+03
4.531999999999999917e-02 3.195870564293047664e+03 3.331177500418514683e+03 3.539291555681834325e+03 3.753574641095568495e+03 3.899848906080525921e+03
4.674099999999999783e-02 3.110828331892350434e+03 3.242535928155261900e+03 3.445112518946344153e+03 3.653692176807937358e+03 3.796072068157482136e+03
4.820699999999999985e-02 3.031696071488145662e+03 3.160052730474616055e+03 3.357473882946587764e+03 3.560743470365074700e+03 3.699497537035308596e+03
4.972000000000000031e-02 2.958240648397342284e+03 3.083484455049058397e+03 3.276116284256448580e+03 3.474452728946733259e+03 3.609838281140896925e+03
5.127899999999999819e-02 2.890229214009441421e+03 3.012588020213027448e+03 3.200780870321458224e+03 3.394544826889810338e+03 3.526808049160005794e+03
5.288799999999999751e-02 2.826751042895064984e+03 2.946414073721701698e+03 3.130458872290460022e+03 3.319949812224499965e+03 3.449295121945204755e+03
5.454699999999999827e-02 2.767348240985794746e+03 2.884485151868499997e+03 3.064642715575266720e+03 3.250129095887697986e+03 3.376739734546707041e+03
5.625800000000000245e-02 2.710887009543240765e+03 2.825619794395934605e+03 3.002077670752626545e+03 3.183752552213441049e+03 3.307760318132116026e+03
5.802299999999999819e-02 2.656235648156774005e+03 2.768638913535991833e+03 2.941511821738739854e+03 3.119493344673012871e+03 3.240978929164276451e+03
5.984300000000000036e-02 2.602040053263886421e+03 2.712132063625044793e+03 2.881448165632871678e+03 3.055765463715242277e+03 3.174748860827105545e+03
6.171999999999999709e-02 2.546949239012710223e+03 2.654692315021496142e+03 2.820393852464758766e+03 2.990987735436096500e+03 3.107428721494842193e+03
6.365600000000000425e-02 2.489840640489298039e+03 2.595150930811122180e+03 2.757109262756096996e+03 2.923847708093856909e+03 3.037656420320885445e+03
6.565300000000000302e-02 2.429145970522315110e+03 2.531875394608142869e+03 2.689863296407751022e+03 2.852513006985147058e+03 2.963530567996946502e+03
6.771299999999999542e-02 2.363975153842783584e+03 2.463939776111238643e+03 2.617675045214860802e+03 2.775946305599200514e+03 2.883975420847613350e+03
6.983699999999999630e-02 2.292993160155272108e+03 2.389955244841924468e+03 2.539073175813615762e+03 2.692591594465682647e+03 2.797377303606110218e+03
7.202699999999999381e-02 2.216101852652114758e+03 2.309820996203437517e+03 2.453952907443585900e+03 2.602340136212423204e+03 2.703624844592249246e+03
7.428700000000000581e-02 2.133158833494238024e+03 2.223390159705986207e+03 2.362160620017889414e+03 2.505031500601782227e+03 2.602553031954914786e+03
7.661700000000000454e-02 2.044627906302489237e+03 2.131147094137043950e+03 2.264212354634014446e+03 2.401214417642105218e+03 2.494732939476034971e+03
7.902099999999999402e-02 1.951485213680583911e+03 2.034109168458193608e+03 2.161188864582500173e+03 2.292034869684225669e+03 2.381355055291816370e+03
8.149900000000000200e-02 1.855085124357994118e+03 1.933687302284811267e+03 2.054587960546561590e+03 2.179080028509375097e+03 2.264067493624271719e+03
8.405600000000000571e-02 1.757424507856025457e+03 1.831960557211232299e+03 1.946614897463362468e+03 2.064684828356948856e+03 2.145293579657320151e+03
8.669300000000000617e-02 1.660718555326717933e+03 1.731234843382807640e+03 1.839714829318200827e+03 1.951437467602936749e+03 2.027718989391028572e+03
8.941200000000000536e-02 1.567331830090921585e+03 1.633970937210435977e+03 1.736496154013255364e+03 1.842097934319023352e+03 1.914206982113202230e+03
9.221699999999999342e-02 1.479510072220003167e+03 1.542505348045337314e+03 1.639434594221230100e+03 1.739284845484756261e+03 1.807473491042742126e+03
9.511000000000000010e-02 1.399158419720429038e+03 1.458819689389251607e+03 1.550629002751735243e+03 1.645217334551058229e+03 1.709819534777101353e+03
9.809299999999999964e-02 1.327708199739001657e+03 1.384402066462595030e+03 1.471654463413183748e+03 1.561559648477708379e+03 1.622970024575306297e+03
1.011699999999999960e-01 1.266095472110474930e+03 1.320224773814104765e+03 1.403538698483217786e+03 1.489396240861176466e+03 1.548047968525312854e+03
1.043400000000000022e-01 1.214008646078875245e+03 1.265961867270421180e+03 1.345933589882271235e+03 1.428356054961640211e+03 1.484666597622815061e+03
1.076199999999999934e-01 1.170910138382270816e+03 1.221051750770549688e+03 1.298240528987154903e+03 1.377802294393060947e+03 1.432163014435171817e+03
1.109900000000000053e-01 1.135205125979885679e+03 1.183834029139804670e+03 1.258698454340676790e+03 1.335870459415853247e+03 1.388602217579116314e+03
1.144700000000000023e-01 1.104433962228379869e+03 1.151748367227892913e+03 1.224592511885365411e+03 1.299686995784557666e+03 1.351002528658082610e+03
1.180699999999999944e-01 1.075994143233556088e+03 1.122087031785170893e+03 1.193053574443937805e+03 1.266217110210999635e+03 1.316216326525879140e+03
1.217700000000000032e-01 1.046838223293330202e+03 1.091681556481626558e+03 1.160727693740440827e+03 1.231916586458030906e+03 1.280569859798024481e+03
1.255900000000000072e-01 1.014257585501823769e+03 1.057716227332225344e+03 1.124635034850049124e+03 1.193637252835911113e+03 1.240800359297922341e+03
1.295300000000000062e-01 9.763543024364113307e+02 1.018219820988108154e+03 1.082692141580245107e+03 1.149180614807614120e+03 1.194631041613670732e+03
1.335899999999999865e-01 9.322734026330699635e+02 9.723059488174176295e+02 1.033964598910703671e+03 1.097563099823964194e+03 1.141044902504503852e+03
1.377800000000000136e-01 8.827863755940027204e+02 9.207785412397397522e+02 9.793061500218240099e+02 1.039689631377441856e+03 1.080981737883600090e+03
1.421000000000000041e-01 8.297809196656247650e+02 8.656012113138982613e+02 9.207968134398988695e+02 9.777596892270867102e+02 1.016722377862770941e+03
1.465599999999999958e-01 7.763169179666366517e+02 8.099545556436102061e+02 8.618021574856663847e+02 9.153285516837504474e+02 9.519512445250940118e+02
1.511599999999999888e-01 7.255959399656326241e+02 7.571655229434828698e+02 8.058411826563421982e+02 8.561121164108552648e+02 8.905182361784364957e+02
1.559000000000000108e-01 6.805211834696963251e+02 7.102500010411581570e+02 7.561023078390095407e+02 8.034755942298106675e+02 8.359088356498290295e+02
1.607899999999999885e-01 6.428228026480645667e+02 6.710040120514264572e+02 7.144822994845706035e+02 7.594188758161008082e+02 7.901930373204254465e+02
1.658399999999999874e-01 6.129120005418574237e+02 6.398526487036460821e+02 6.814273670830467609e+02 7.244096542047046796e+02 7.538530780190858422e+02
1.710399999999999976e-01 5.896299819105842062e+02 6.155901438639141361e+02 6.556597003811023114e+02 6.970961687161507143e+02 7.254868326125460953e+02
1.764000000000000012e-01 5.704926384599267521e+02 5.956343640324732860e+02 6.344469978338030387e+02 6.745921584405335807e+02 7.021032697900926678e+02
1.819399999999999906e-01 5.523990739289897647e+02 5.767638470167621563e+02 6.143831865474114693e+02 6.533023570645465270e+02 6.799784029011395887e+02
1.876400000000000012e-01 5.323830241383118391e+02 5.558993263951996369e+02 5.922160569574407418e+02 6.297973800088070675e+02 6.555623133722549483e+02
1.935300000000000076e-01 5.086146493380076663e+02 5.311421653038516979e+02 5.659416966634358914e+02 6.019654628515831973e+02 6.266698538125748428e+02
1.995999999999999996e-01 4.810092821281779152e+02 5.024064872282020247e+02 5.354724494609296244e+02 5.697171769120355975e+02 5.932103982633366286e+02
2.058599999999999874e-01 4.512689442863806448e+02 4.714601465943013068e+02 5.026769714087676562e+02 5.350244921763796810e+02 5.572262203372906697e+02
2.123200000000000087e-01 4.221407147676061413e+02 4.411545373919029203e+02 4.705662943127177869e+02 5.010619792756599509e+02 5.220031488420086134e+02
2.189800000000000080e-01 3.962926128489692132e+02 4.142579454213653207e+02 4.420620675685837568e+02 4.709083129482766594e+02 4.907266426746106163e+02
2.258499999999999952e-01 3.751508537718488014e+02 3.922489853655383740e+02 4.187229670667073265e+02 4.462040491980071693e+02 4.650928953320026267e+02
2.329299999999999982e-01 3.585031811182239494e+02 3.749058786902796214e+02 4.003125565861919313e+02 4.266976510352469063e+02 4.448400597495793818e+02
2.402400000000000091e-01 3.445726868757355987e+02 3.603837582534795843e+02 3.848819700701689612e+02 4.103337279465634424e+02 4.278402916998852561e+02
2.477800000000000002e-01 3.309990297312302800e+02 3.462339718216711049e+02 3.698474974460641533e+02 3.943903067915439351e+02 4.112776021535177051e+02
2.555499999999999994e-01 3.159294464190265330e+02 3.305356603597963954e+02 3.531841708787620178e+02 3.767358598481878857e+02 3.929480046688849484e+02
2.635700000000000265e-01 2.989478502711600640e+02 3.128582517952906414e+02 3.344392958299144425e+02 3.568950664824545811e+02 3.723607967845214262e+02
2.718300000000000161e-01 2.812795516709814478e+02 2.944729297369009373e+02 3.149542254706366862e+02 3.362811350262498422e+02 3.509780604677208089e+02
2.803599999999999981e-01 2.647724874453427901e+02 2.772950747267400402e+02 2.967474166808789278e+02 3.170179889051299824e+02 3.309954178492122878e+02
2.891599999999999726e-01 2.506971088578688978e+02 2.626408712886138233e+02 2.812049009776683874e+02 3.005630716900122366e+02 3.139188318827468720e+02
2.982299999999999951e-01 2.390423305303269785e+02 2.504978975790758682e+02 2.683121573769035990e+02 2.868996563859021762e+02 2.997300490896088832e+02
3.075800000000000201e-01 2.286261028719642638e+02 2.396405777068973180e+02 2.567770768736956484e+02 2.746675539986659942e+02 2.870226008019126880e+02
3.172300000000000120e-01 2.180731518039137597e+02 2.286439443562651377e+02 2.450987745289118322e+02 2.622882365557027811e+02 2.741651946237732886e+02
3.271800000000000264e-01 2.068376850640689497e+02 2.169430918135786328e+02 2.326831718088899379e+02 2.491378162671496170e+02 2.605136965489137424e+02
3.374500000000000277e-01 1.954841071480633445e+02 2.051227800734739333e+02 2.201461262829912187e+02 2.358639582159526924e+02 2.467373911020619346e+02
3.480300000000000060e-01 1.850130699680640305e+02 1.942191507238468091e+02 2.085779640321140107e+02 2.236123722381016705e+02 2.340196126452149485e+02
3.589499999999999913e-01 1.758897947504082140e+02 1.847132218165387485e+02 1.984837734080100518e+02 2.129126983685090693e+02 2.229066550791168027e+02
3.702099999999999835e-01 1.677210132541706855e+02 1.761974528706141427e+02 1.894342068396807406e+02 2.033132834819708989e+02 2.129317057994150844e+02
3.818199999999999927e-01 1.597656951208650753e+02 1.679047328676732036e+02 1.806223523834137552e+02 1.939665570348973347e+02 2.032195870280775694e+02
3.937999999999999834e-01 1.517214602026670320e+02 1.595222202343285574e+02 1.717194149256155811e+02 1.845274399932500842e+02 1.934141703936461738e+02
4.061500000000000110e-01 1.439174849042883579e+02 1.513905556127252225e+02 1.630835277497526477e+02 1.753719353053096768e+02 1.839035942684299698e+02
4.188899999999999846e-01 1.367706772850270909e+02 1.439407167829832019e+02 1.551671030631404449e+02 1.669743130991807050e+02 1.751769523656192575e+02
4.320300000000000251e-01 1.302817364520371939e+02 1.371731154640116301e+02 1.479700941112559178e+02 1.593340371638695672e+02 1.672333659695053143e+02
4.455799999999999761e-01 1.241115765254809986e+02 1.307369748765455313e+02 1.411239016390963741e+02 1.520643235087869130e+02 1.596737154756443999e+02
4.595600000000000240e-01 1.180751214129622895e+02 1.244409111918801329e+02 1.344275327832456526e+02 1.449543838707448913e+02 1.522805732865150503e+02
4.739800000000000124e-01 1.123092649028442764e+02 1.184263571074525032e+02 1.280293315732603503e+02 1.381596071936249643e+02 1.452141050555881634e+02
4.888500000000000068e-01 1.069633569776833326e+02 1.128474714586703698e+02 1.220907665969658638e+02 1.318488980493292786e+02 1.386482488802278112e+02
5.041799999999999615e-01 1.019665467624840289e+02 1.076308929892636144e+02 1.165346471363724845e+02 1.259411566627408945e+02 1.324992529722099448e+02
5.200000000000000178e-01 9.717924812590472072e+01 1.026323011027501337e+02 1.112094431801712204e+02 1.202775075937473730e+02 1.266032654358684653e+02
5.363099999999999534e-01 9.260367541414277071e+01 9.785396054648916220e+01 1.061174992197634168e+02 1.148603815811062105e+02 1.209627790085041994e+02
5.531300000000000106e-01 8.830686868987406513e+01 9.336493516219317712e+01 1.013309450748464684e+02 1.097650158747940026e+02 1.156551284914271776e+02
5.704799999999999871e-01 8.426322337232760162e+01 8.913865654499262803e+01 9.682173952066712275e+01 1.049618635420532655e+02 1.106497446201035331e+02
5.883800000000000141e-01 8.041369880762658795e+01 8.511410649126165140e+01 9.252585784469883379e+01 1.003838430080221826e+02 1.058774787008721177e+02
6.068400000000000460e-01 7.675782029876533841e+01 8.129073017576945404e+01 8.844262208147745241e+01 9.603015071814412806e+01 1.013374427010095076e+02
6.258700000000000374e-01 7.330877336296579472e+01 7.768204024907028327e+01 8.458603693995701178e+01 9.191528672945317169e+01 9.704446965814426562e+01
6.454999999999999627e-01 7.004137826667968625e+01 7.426195025689163742e+01 8.092863342716078989e+01 8.801037213504514511e+01 9.296872525314951474e+01
6.657499999999999529e-01 6.693903821654620856e+01 7.101327070566991040e+01 7.745232042616969181e+01 8.429639917725721432e+01 8.909058231810411144e+01
6.866400000000000281e-01 6.400090289439653191e+01 6.793503853544383730e+01 7.415595927830435130e+01 8.077204656095831581e+01 8.540859429220219567e+01
7.081800000000000317e-01 6.121674489985466749e+01 6.501666212730580696e+01 7.102840627018261443e+01 7.742561193005960263e+01 8.191068294961021934e+01
7.303899999999999837e-01 5.857221681108379130e+01 6.224329536433322119e+01 6.805405847202945324e+01 7.424072517618198219e+01 7.857996105090708738e+01
7.532999999999999696e-01 5.606431996977673293e+01 5.961175436911143777e+01 6.522944531006513103e+01 7.121361886613350123e+01 7.541245786097746873e+01
7.769300000000000095e-01 5.368277991808477623e+01 5.711140229498140286e+01 6.254338043764612820e+01 6.833255034311933684e+01 7.239605622043806932e+01
8.013000000000000123e-01 5.142123381312853780e+01 5.473563185734681724e+01 5.998888526608909899e+01 6.559016456725034061e+01 6.952314748907059538e+01
8.264399999999999524e-01 4.927308141256690988e+01 5.247757684135459755e+01 5.755868765284913735e+01 6.297877541510376176e+01 6.678576524491381861e+01
8.523699999999999610e-01 4.722911070847383996e+01 5.032771934715970730e+01 5.524280823707081112e+01 6.048793928356032978e+01 6.417315504742029475e+01
8.790999999999999925e-01 4.528625750962112306e+01 4.828287774161613299e+01 5.303788932247388743e+01 5.811412313972202526e+01 6.168166770752787187e+01
9.066800000000000415e-01 4.343743530931376995e+01 4.633567065575520161e+01 5.093609741005647606e+01 5.584902967134581075e+01 5.930269027302411899e+01
9.351199999999999513e-01 4.167746336874679969e+01 4.448075628893811739e+01 4.893185098423335688e+01 5.368684048138003106e+01 5.703024832254902776e+01
9.644599999999999840e-01 4.000083083993370536e+01 4.271240569116573482e+01 4.701908860111056043e+01 5.162115550519116880e+01 5.485771279354191421e+01
9.947099999999999831e-01 3.840300672227139245e+01 4.102595297106746131e+01 4.519294491499577759e+01 4.964691401500797241e+01 5.277989530853839284e+01
1.025900000000000034e+00 3.687939192687963441e+01 3.941663241438187981e+01 4.344840258836022429e+01 4.775884544756986827e+01 5.079135582909051294e+01
1.058100000000000041e+00 3.542481215450537491e+01 3.787903569163153605e+01 4.177969252627434571e+01 4.595080833031019552e+01 4.888569820492792672e+01
1.091299999999999937e+00 3.403624028965558779e+01 3.641008409020413694e+01 4.018366748174170056e+01 4.421959837361660561e+01 4.705968698371342640e+01
1.125499999999999945e+00 3.271055404620815921e+01 3.500658227649942944e+01 3.865702857012423266e+01 4.256182110272501262e+01 4.530986879798617650e+01
1.160800000000000054e+00 3.144260194749699266e+01 3.366312439473442453e+01 3.719397490829285857e+01 4.097126429959476468e+01 4.362974805614408780e+01
1.197200000000000042e+00 3.023011622890625816e+01 3.237740155721918001e+01 3.579214296629299241e+01 3.944551901053241494e+01 4.201689107198001949e+01
1.234799999999999898e+00 2.906876606330196111e+01 3.114487055828040596e+01 3.444666010970952641e+01 3.797937007599348647e+01 4.046584702413476009e+01
1.273500000000000076e+00 2.795782746069489022e+01 2.996492990545150192e+01 3.315713426141367393e+01 3.657266721351594185e+01 3.897664569394302703e+01
1.313499999999999890e+00 2.689184705055502533e+01 2.883178164684804656e+01 3.191722366676203748e+01 3.521849173508540787e+01 3.754196491036881156e+01
1.354700000000000015e+00 2.587073806295627421e+01 2.774547155238602514e+01 3.072719735166264954e+01 3.391736676600616107e+01 3.616251516988317150e+01
1.397199999999999998e+00 2.489098151627133149e+01 2.670231063094923130e+01 2.958310302939110770e+01 3.266506678150216914e+01 3.483388325985482226e+01
1.441000000000000059e+00 2.395092596555108244e+01 2.570063105310225637e+01 2.848325595123115761e+01 3.145990000284558974e+01 3.355437859256554844e+01
1.486199999999999966e+00 2.304760427479367024e+01 2.473732404530435502e+01 2.742432839500071751e+01 3.029831201492642379e+01 3.232029134351564181e+01
1.532799999999999940e+00 2.217976252634259637e+01 2.381113242186386714e+01 2.640506607626669222e+01 2.917906146934285871e+01 3.113039472708508271e+01
1.580899999999999972e+00 2.134493489865468874e+01 2.291947195275674432e+01 2.542270194695240448e+01 2.809919233285372897e+01 2.998160333159847113e+01
1.630500000000000060e+00 2.054177499265460938e+01 2.206099826082116522e+01 2.447590330984811047e+01 2.705739459137610581e+01 2.887262871242054985e+01
1.681699999999999973e+00 1.976828821930432412e+01 2.123361839533085416e+01 2.356242539695822558e+01 2.605126661766797369e+01 2.780096190796103883e+01
1.734399999999999942e+00 1.902447618755649827e+01 2.043743856507487777e+01 2.268255002615856242e+01 2.508128926410639536e+01 2.676722999073593456e+01
1.788799999999999946e+00 1.830752676806958945e+01 1.966945854924016501e+01 2.183297978084501523e+01 2.414384944600134020e+01 2.576759893912184651e+01
1.844899999999999984e+00 1.761648127353779003e+01 1.892873370806055533e+01 2.101279934473949851e+01 2.323807153632799682e+01 2.480122557868044098e+01
1.902800000000000047e+00 1.694988597243807504e+01 1.821373913020032731e+01 2.022037424606027400e+01 2.236220820876976134e+01 2.386628553204950975e+01
1.962499999999999911e+00 1.630681634721974049e+01 1.752356756745543720e+01 1.945483124109622253e+01 2.151543028253924206e+01 2.296198474111012899e+01
2.024000000000000021e+00 1.568696765783652936e+01 1.685792582662757866e+01 1.871589945364364027e+01 2.069749548913197046e+01 2.208810364425201556e+01
2.087499999999999911e+00 1.508809587475997738e+01 1.621443784851896197e+01 1.800099522577087185e+01 1.990560077192424515e+01 2.124168616380499586e+01
2.153000000000000025e+00 1.450987731773168221e+01 1.559280289138330389e+01 1.730985859028762874e+01 1.913953482544377138e+01 2.042255792774176015e+01
2.220600000000000129e+00 1.395099002038398339e+01 1.499165593614962688e+01 1.664105969552669606e+01 1.839780254240588420e+01 1.962917999992765061e+01
2.290200000000000014e+00 1.341189706565861961e+01 1.441153903163126948e+01 1.599527029461757799e+01 1.768121920464919938e+01 1.886247117343375024e+01
2.362099999999999866e+00 1.289028094725496665e+01 1.384997428386103913e+01 1.536975796685886131e+01 1.698678058924920720e+01 1.811923611939322143e+01
2.436199999999999921e+00 1.238652198660892090e+01 1.330742261397262105e+01 1.476511572610795575e+01 1.631522542237889439e+01 1.740031834564900493e+01
2.512599999999999945e+00 1.189972766495463041e+01 1.278295510124041101e+01 1.418035856180495635e+01 1.566551058366719218e+01 1.670463472324795262e+01
2.591400000000000148e+00 1.142914851055355285e+01 1.227579052955645622e+01 1.361465627283360469e+01 1.503675502417921450e+01 1.603126913507794526e+01
2.672699999999999854e+00 1.097407250527537848e+01 1.178519075276262740e+01 1.306723056819790685e+01 1.442813891308991714e+01 1.537937313230080960e+01
2.756499999999999950e+00 1.053433994238189442e+01 1.131101485819655394e+01 1.253797198295522364e+01 1.383958797440373978e+01 1.474889787398960372e+01
2.842999999999999972e+00 1.010888961998656477e+01 1.085213613035174696e+01 1.202565001081324070e+01 1.326976092049253886e+01 1.413842413419035893e+01
2.932199999999999918e+00 9.697639387804057876e+00 1.040849260868972870e+01 1.153023581821837595e+01 1.271866525951849880e+01 1.354798532517196641e+01
3.024199999999999999e+00 9.300072351207738564e+00 9.979546650908989847e+00 1.105115912573293535e+01 1.218569596088385687e+01 1.297695191871852849e+01
3.119000000000000217e+00 8.916081365389649349e+00 9.565205018302684437e+00 1.058834914356218526e+01 1.167080634325501798e+01 1.242529410073774621e+01
3.216899999999999871e+00 8.544484370831193942e+00 9.164202844849695495e+00 1.014040889637802145e+01 1.117245744961804377e+01 1.189137257983762019e+01
3.317800000000000082e+00 8.185604094379177909e+00 8.776910239772389488e+00 9.707783924217341820e+00 1.069117529479223982e+01 1.137576973865825991e+01
3.421899999999999942e+00 7.838734404687850876e+00 8.402574155930429001e+00 9.289646063791213493e+00 1.022605062560318956e+01 1.087751881662606479e+01
3.529199999999999893e+00 7.503832859844905556e+00 8.041163617743139369e+00 8.885982063669116471e+00 9.777088331785517283e+00 1.039663693964760149e+01
3.639899999999999913e+00 7.180270879828192676e+00 7.692009047158936852e+00 8.496056409905454743e+00 9.343481388907315832e+00 9.932266208522591455e+00
3.754100000000000215e+00 6.867775555519227915e+00 7.354824087879596739e+00 8.119560657148671368e+00 8.924896795003705918e+00 9.484055819118850650e+00
3.871799999999999908e+00 6.566311684812483840e+00 7.029581300686141176e+00 7.756478732761932449e+00 8.521329354891783225e+00 9.052007501701515579e+00
3.993300000000000072e+00 6.275137102773855169e+00 6.715483172744959539e+00 7.405924319726953975e+00 8.131796856593943801e+00 8.635071121780674375e+00
4.118599999999999817e+00 5.994263163510541226e+00 6.412548969096338425e+00 7.067928225509113815e+00 7.756341177117349162e+00 8.233295651548493410e+00
4.247799999999999798e+00 5.723460050374164609e+00 6.120534108401960438e+00 6.742221443523026991e+00 7.394666084122031080e+00 7.846365133648905754e+00
4.381000000000000227e+00 5.462492425010862185e+00 5.839188979737709673e+00 6.428530539600245675e+00 7.046471349021685704e+00 7.473959798590732007e+00
4.518399999999999750e+00 5.210969592620303459e+00 5.568092545892142198e+00 6.126385455888634368e+00 6.711233648609426616e+00 7.115518435832045796e+00
4.660199999999999676e+00 4.968541210576499445e+00 5.306868179022953491e+00 5.835366942015458136e+00 6.388487233697685674e+00 6.770542112608539220e+00
4.806400000000000006e+00 4.735196964454895685e+00 5.055506941855090197e+00 5.555467046471726178e+00 6.078223795781103611e+00 6.439021491561205401e+00
4.957099999999999618e+00 4.510747107237937037e+00 4.813803423996273700e+00 5.286454589598436726e+00 5.780183604031628342e+00 6.120676199156378061e+00
5.112599999999999589e+00 4.294729377888113042e+00 4.581258510531495354e+00 5.027771199289760240e+00 5.493744175236491500e+00 5.814838229321113161e+00
5.272999999999999687e+00 4.087000876711478270e+00 4.357716688140642169e+00 4.779240520837726436e+00 5.218705898452575376e+00 5.521291008165436054e+00
5.438399999999999679e+00 3.887407985166249524e+00 4.143010618976496140e+00 4.540672595204664930e+00 4.954853582265602796e+00 5.239800918094630333e+00
5.608999999999999986e+00 3.695676122508314343e+00 3.936843376693491603e+00 4.311734065717820918e+00 4.701813747164634627e+00 4.969965503761429204e+00
5.785000000000000142e+00 3.511559427734559424e+00 3.738947132038156429e+00 4.092121597184197768e+00 4.459244229870867215e+00 4.711414652352886812e+00
5.966400000000000148e+00 3.335013189322497684e+00 3.549271075923087437e+00 3.881773618123467884e+00 4.227070433176173481e+00 4.464063569120653163e+00
6.153599999999999959e+00 3.165608569306356035e+00 3.367350704557431573e+00 3.680168445074720296e+00 4.004708724005070053e+00 4.227284408918248637e+00
6.346599999999999575e+00 3.003305263629898025e+00 3.193139287224385559e+00 3.487248011136490078e+00 3.792087229495504808e+00 4.000994415922166425e+00
6.545700000000000074e+00 2.847801043387730768e+00 3.026308420972430469e+00 3.302641523589511685e+00 3.588788563842417734e+00 3.784742508324712595e+00
6.751000000000000334e+00 2.698966406726525324e+00 2.866715046950987666e+00 3.126183258381097563e+00 3.394621040337530093e+00 3.578317542148615971e+00
6.962799999999999656e+00 2.556529750660167188e+00 2.714063506398881831e+00 2.957538376003886249e+00 3.209206425364840687e+00 3.381309718724486935e+00
7.181199999999999584e+00 2.420366087585535286e+00 2.568215276053923635e+00 2.796545557287171579e+00 3.032357092304124535e+00 3.193511629997709544e+00
7.406500000000000306e+00 2.290226231523040834e+00 2.428898569354264847e+00 2.642895991908100761e+00 2.863722975054969311e+00 3.014543102751686909e+00
7.638799999999999812e+00 2.165985374361198090e+00 2.295974748400282373e+00 2.496427638635700941e+00 2.703114967376590183e+00 2.844194723707110128e+00
7.878499999999999837e+00 2.047363126600159067e+00 2.169138558453209686e+00 2.356794605875752069e+00 2.550142141605852952e+00 2.682042927253087239e+00
8.125600000000000378e+00 1.934287092376313133e+00 2.048307144454704964e+00 2.223895817090618898e+00 2.404681787147574745e+00 2.527948534500072952e+00
8.380499999999999616e+00 1.826495384274596345e+00 1.933194940987550181e+00 2.097406926975548203e+00 2.266366598041920977e+00 2.381513194570171965e+00
8.643399999999999750e+00 1.723828368710220937e+00 1.823625678810646633e+00 1.977123874626671718e+00 2.134961106786034790e+00 2.242478444693161155e+00
8.914500000000000313e+00 1.626125778313761261e+00 1.719422336878323909e+00 1.862841719911563665e+00 2.010228975014121122e+00 2.110585072352602509e+00
9.194200000000000372e+00 1.533162915980695429e+00 1.620339206107827001e+00 1.754280330537475230e+00 1.891852113048668071e+00 1.985487751094508813e+00
9.482599999999999696e+00 1.444822843313163796e+00 1.526245510332399746e+00 1.651285735926623310e+00 1.779650423621373267e+00 1.866987382594462730e+00
9.779999999999999361e+00 1.360922678293363441e+00 1.436940238989019569e+00 1.553627215668079264e+00 1.673360516952073329e+00 1.754797225409445938e+00
1.008699999999999974e+01 1.281212481130258096e+00 1.352151246314632127e+00 1.460996777080037390e+00 1.572635621339270262e+00 1.648543115399366821e+00
1.040300000000000047e+01 1.205747599605928588e+00 1.271931216324807101e+00 1.373441573232530244e+00 1.477515603975036340e+00 1.548259153103598518e+00
1.073000000000000043e+01 1.133972398305313600e+00 1.195683586607377613e+00 1.290300655884628611e+00 1.387271742663274576e+00 1.453169670165060046e+00
1.106600000000000072e+01 1.066230762544820854e+00 1.123767790274856626e+00 1.211956284878019652e+00 1.302308594591438995e+00 1.363693831797358147e+00
1.141300000000000026e+01 1.002006788850231311e+00 1.055630277394860705e+00 1.137795915879221686e+00 1.221951790173537500e+00 1.279114581033401254e+00
1.177100000000000080e+01 9.412224451937027947e-01 9.911829080376294288e-01 1.067714987892733003e+00 1.146078955732412252e+00 1.199296953382727349e+00
1.214100000000000001e+01 8.836344768837313124e-01 9.301626619396334839e-01 1.001419328507585194e+00 1.074363092156188193e+00 1.123891196546379145e+00
1.252100000000000080e+01 8.294462096018646591e-01 8.727798746109884931e-01 9.391293715120884178e-01 1.007034291189301101e+00 1.053133620308060792e+00
1.291399999999999970e+01 7.781282845257474490e-01 8.184691737481751828e-01 8.802238391249826988e-01 9.434132462427179400e-01 9.863051197346029975e-01
1.331900000000000084e+01 7.297345416509942728e-01 7.672831878969996744e-01 8.247530056956278166e-01 8.835472860760319458e-01 9.234507540959671079e-01
1.373700000000000010e+01 6.840555691790820569e-01 7.189962297859968654e-01 7.724657710467754956e-01 8.271587724348432591e-01 8.642746036162437528e-01
1.416799999999999926e+01 6.410062464915987634e-01 6.735144207862536758e-01 7.232544439990895579e-01 7.741254426803959587e-01 8.086442944788234666e-01
1.461200000000000010e+01 6.004921131756901787e-01 6.307342594087775867e-01 6.770013268658429118e-01 7.243146880379869312e-01 7.564169030378193881e-01
1.507099999999999973e+01 5.622526760082375841e-01 5.903773238995967398e-01 6.334002335767586755e-01 6.773915693978870278e-01 7.072378016587541616e-01
1.554400000000000048e+01 5.262963596089551555e-01 5.524493984676103198e-01 5.924526536284739908e-01 6.333529073252691655e-01 6.611005039223329938e-01
1.603099999999999881e+01 4.925299478023276167e-01 5.168491625248563537e-01 5.540446310175389799e-01 5.920715697006198042e-01 6.178688109339549595e-01
1.653399999999999892e+01 4.607353869759675535e-01 4.833440192527811430e-01 5.179211110196448864e-01 5.532693135007049623e-01 5.772486369656348870e-01
1.705300000000000082e+01 4.308450461404949583e-01 4.518602600086274457e-01 4.839989190062679580e-01 5.168531041931043735e-01 5.391401688051652430e-01
1.758800000000000097e+01 4.027847924550659320e-01 4.223175085134829310e-01 4.521879816233473903e-01 4.827227972562682656e-01 5.034363527623718637e-01
1.813899999999999935e+01 3.764759105999560540e-01 3.946307529404385339e-01 4.223935297656855048e-01 4.507735140559495091e-01 4.700253868305387939e-01
1.870799999999999841e+01 3.517538762980740308e-01 3.686249254245196894e-01 3.944242625308225780e-01 4.207972463980138578e-01 4.386878754757787546e-01
1.929500000000000171e+01 3.285580048928308239e-01 3.442344528768675471e-01 3.682070420008835554e-01 3.927130303766766528e-01 4.093375015424860486e-01
1.990099999999999980e+01 3.067890432607178752e-01 3.213533733888804256e-01 3.436255721271728181e-01 3.663939292298619144e-01 3.818400739548271083e-01
2.052499999999999858e+01 2.864196436526565970e-01 2.999514603430047943e-01 3.206451606577085944e-01 3.418006207904624727e-01 3.561530991587110728e-01
2.116900000000000048e+01 2.673230344032739292e-01 2.798941620955787690e-01 2.991193084292583793e-01 3.187743428207087670e-01 3.321094735238569462e-01
2.183299999999999841e+01 2.494441234646464500e-01 2.611223994381204894e-01 2.789827971742470658e-01 2.972435597205732583e-01 3.096333569772274918e-01
2.251800000000000068e+01 2.327021671227280097e-01 2.435502870712314416e-01 2.601418461712255992e-01 2.771063878309272255e-01 2.886173550198016247e-01
2.322400000000000020e+01 2.170448910438246559e-01 2.271219497759587869e-01 2.425350468681601590e-01 2.582957363602033096e-01 2.689905109457285115e-01
2.395200000000000173e+01 2.023993114110290981e-01 2.117598927046079049e-01 2.260779860946818820e-01 2.407201014320661248e-01 2.506565031272839361e-01
2.470400000000000063e+01 1.886815761868531338e-01 1.973753473187035978e-01 2.106743625703249023e-01 2.242754688423413689e-01 2.335060803216135739e-01
2.547899999999999920e+01 1.758671772428981039e-01 1.839418744283432272e-01 1.962947712727046989e-01 2.089293902647243739e-01 2.175047251975538443e-01
2.627799999999999869e+01 1.638952451307710556e-01 1.713949851777864797e-01 1.828691808021390142e-01 1.946061625217948843e-01 2.025728852548678571e-01
2.710200000000000031e+01 1.527100306118755746e-01 1.596756457192480272e-01 1.703335294099792840e-01 1.812365808087249008e-01 1.886378662186486144e-01
2.795200000000000173e+01 1.422602605218803995e-01 1.487295907441624765e-01 1.586289732659324492e-01 1.687571196997429135e-01 1.756329671592695152e-01
2.882900000000000063e+01 1.324985952778588993e-01 1.385067452973006985e-01 1.477012532563389824e-01 1.571092432603685696e-01 1.634967519394920354e-01
2.973400000000000176e+01 1.233811717983557682e-01 1.289607375319404281e-01 1.375001612527954331e-01 1.462388234283676369e-01 1.521724349371227081e-01
3.066600000000000037e+01 1.148845572867894654e-01 1.200666361767194074e-01 1.279984752139716742e-01 1.361162986046072498e-01 1.416288692614577349e-01
3.162800000000000011e+01 1.069500940916725401e-01 1.117626847911586396e-01 1.191297027265288966e-01 1.266703391906840448e-01 1.317914465618535702e-01
3.262100000000000222e+01 9.954272869444981409e-02 1.040118861413028006e-01 1.108538767714356832e-01 1.178579461574403436e-01 1.226151134319273944e-01
3.364399999999999835e+01 9.264243528965711294e-02 9.679300346319795467e-02 1.031479116057541362e-01 1.096541477228456379e-01 1.140736212018430284e-01
3.469899999999999807e+01 8.620888139377419490e-02 9.006358843131247183e-02 9.596612691241923621e-02 1.020099643615382939e-01 1.061157549968768654e-01
3.578799999999999670e+01 8.020651095535966113e-02 8.378622739012253628e-02 8.926827191153668961e-02 9.488224958773194828e-02 9.869640657622268110e-02
3.690999999999999659e+01 7.461797281822515893e-02 7.794257494547417175e-02 8.303448436192648052e-02 8.824959512624701297e-02 9.179312151891101668e-02
3.806799999999999784e+01 6.940668319109832840e-02 7.249419984977054088e-02 7.722351143295154430e-02 8.206786814381213102e-02 8.535981568912960615e-02
3.926200000000000045e+01 6.455291183230493779e-02 6.742031782941110274e-02 7.181296052610298963e-02 7.631303626257175676e-02 7.937134675424299679e-02
4.049399999999999977e+01 6.002976939813991358e-02 6.269268111986771308e-02 6.677250987583485675e-02 7.095266154770042688e-02 7.379384340321946956e-02
4.176400000000000290e+01 5.581947732663310874e-02 5.829258417471083753e-02 6.208203969110125814e-02 6.596518248568392084e-02 6.860476829171907598e-02
4.307399999999999807e+01 5.189850912817215584e-02 5.419533074964443670e-02 5.771506789678116506e-02 6.132229493729855069e-02 6.377458312551667619e-02
4.442499999999999716e+01 4.824829447092921636e-02 5.038141963391771366e-02 5.365067263981796591e-02 5.700162817744970634e-02 5.927993612554404573e-02
4.581900000000000261e+01 4.484898853945682579e-02 4.683003164086904646e-02 4.986654726863344600e-02 5.297935796261176583e-02 5.509597513343081343e-02
4.725600000000000023e+01 4.168682450063870837e-02 4.352670953577936208e-02 4.634718138188633624e-02 4.923890034076174732e-02 5.120538956686034732e-02
4.873899999999999721e+01 3.874237820468639376e-02 4.045109669181480572e-02 4.307079442714499551e-02 4.575702145835410656e-02 4.758396089121327832e-02
5.026800000000000068e+01 3.600371799164892028e-02 3.759067268139312107e-02 4.002396784675523594e-02 4.251938721921527664e-02 4.421673530488010734e-02
