# s8 = 0.8195 
#  k, 0.95*s8, 0.97*s8, 1.*s8, 1.03*s8, 1.05*s8
1.017799999999999979e-05 4.863782706949275614e+00 5.070729250934707721e+00 5.389232916287284958e+00 5.717437200889181170e+00 5.941629290206733138e+00
1.049699999999999962e-05 5.010967455799239190e+00 5.224176486605545122e+00 5.552318510580875888e+00 5.890454707875251827e+00 6.121431157915415255e+00
1.082599999999999935e-05 5.162609534582830229e+00 5.382270704807741168e+00 5.720342974607015130e+00 6.068711861760582416e+00 6.306678129504233787e+00
1.116599999999999948e-05 5.318801804340331785e+00 5.545108717677363686e+00 5.893409201485134474e+00 6.252317821855577940e+00 6.497483644637360278e+00
1.151599999999999952e-05 5.479729987152314408e+00 5.712884149486551877e+00 6.071722977454086845e+00 6.441490906781041303e+00 6.694074582643130711e+00
1.187699999999999996e-05 5.645486944059055823e+00 5.885693812371376232e+00 6.255387195633304032e+00 6.636340275847371295e+00 6.896564383185717517e+00
1.224999999999999960e-05 5.816258397141128356e+00 6.063731330603976843e+00 6.444607642261638958e+00 6.837084247675372595e+00 7.105179925593455792e+00
1.263399999999999965e-05 5.992230068479098115e+00 6.247190328456491137e+00 6.639590103577948099e+00 7.043941140885845442e+00 7.320148089194688623e+00
1.303099999999999941e-05 6.173494819113251708e+00 6.436167618064994933e+00 6.840437472701663246e+00 7.257020114789193066e+00 7.541582313653583114e+00
1.343899999999999957e-05 6.360331232164435633e+00 6.630953635837694371e+00 7.047458428991065560e+00 7.476648647316621599e+00 7.769822917962649456e+00
1.386099999999999993e-05 6.552739307632654331e+00 6.831548381774588563e+00 7.260652972446154152e+00 7.702826738468127488e+00 8.004869902121885872e+00
1.429600000000000001e-05 6.750997628638759629e+00 7.038242292283889867e+00 7.480329782425219065e+00 7.935881866174913313e+00 8.247063585123802554e+00
1.474399999999999978e-05 6.955199056223031917e+00 7.251132179501663444e+00 7.706591752047680544e+00 8.175923189747383191e+00 8.496517406632570157e+00
1.520700000000000026e-05 7.165622173506327464e+00 7.470508479836125204e+00 7.939747560671831295e+00 8.423278187116745030e+00 8.753571685640691769e+00
1.568400000000000095e-05 7.382452702569206160e+00 7.696564817559410798e+00 8.180002994536517136e+00 8.678165176903791078e+00 9.018453301476510475e+00
1.617599999999999895e-05 7.605783504451960830e+00 7.929398004807593381e+00 8.427460946761176075e+00 8.940693318418933444e+00 9.291275693804196933e+00
1.668299999999999934e-05 7.835893162275437973e+00 8.169298477988874652e+00 8.682430096704088385e+00 9.211190089593365826e+00 9.572379181616257782e+00
1.720600000000000094e-05 8.072967398120209026e+00 8.416459861375409801e+00 8.945116230604110541e+00 9.489873809047901787e+00 9.861990644241032555e+00
1.774599999999999916e-05 8.317191934066837433e+00 8.671075779239322046e+00 9.215725134700095467e+00 9.776962795403333573e+00 1.016033696100685724e+01
1.830300000000000077e-05 8.568845353236179463e+00 8.933436667988829072e+00 9.494565488350335869e+00 1.007278452659086909e+01 1.046775845090624379e+01
1.887699999999999900e-05 8.828113377708797671e+00 9.203736151896075413e+00 9.781843077793681118e+00 1.037755732123131658e+01 1.078448199326753532e+01
1.946899999999999944e-05 9.095181729565265272e+00 9.482167855233193166e+00 1.007776368926898947e+01 1.069149949794547361e+01 1.111073446741906245e+01
2.008000000000000087e-05 9.370607575047278814e+00 9.769312650816603494e+00 1.038294468149283034e+01 1.101526601259574356e+01 1.144719651134584559e+01
2.070999999999999992e-05 9.653833747913141750e+00 1.006458966582989056e+01 1.069676869574863254e+01 1.134820190931972483e+01 1.179318748706286968e+01
2.135899999999999997e-05 9.946346024807391828e+00 1.036954789445016800e+01 1.102088202194724786e+01 1.169205373708383711e+01 1.215052242919684566e+01
2.202899999999999864e-05 1.024721579532719318e+01 1.068321921531673802e+01 1.135425572889439927e+01 1.204572990278406586e+01 1.251806694110607410e+01
2.271999999999999931e-05 1.055644305947254580e+01 1.100560362842960593e+01 1.169688981659008142e+01 1.240923040642041286e+01 1.289582102279056208e+01
2.343300000000000079e-05 1.087588503804912854e+01 1.133863737651016379e+01 1.205084214742285553e+01 1.278473843420090716e+01 1.328605346753369609e+01
2.416799999999999968e-05 1.120554173105693430e+01 1.168232045955841691e+01 1.241611272139272515e+01 1.317225398612554166e+01 1.368876427533547968e+01
2.492600000000000157e-05 1.154448452809312897e+01 1.203568475621365863e+01 1.279167260730540612e+01 1.357068546909030538e+01 1.410281904955421162e+01
2.570799999999999849e-05 1.189364203956055377e+01 1.239969838783659561e+01 1.317855073635518792e+01 1.398112447619921461e+01 1.452935218683158958e+01
2.651499999999999940e-05 1.225301426545920513e+01 1.277436135442722254e+01 1.357674710854205458e+01 1.440357100745226582e+01 1.496836368716761712e+01
2.734599999999999873e-05 1.262445842659476192e+01 1.316160989870693854e+01 1.398831958625458327e+01 1.484020824905749159e+01 1.542212234384568070e+01
2.820399999999999966e-05 1.300611730216154704e+01 1.355950777795435158e+01 1.441121030710421280e+01 1.528885301480685577e+01 1.588835936358239209e+01
2.908899999999999881e-05 1.339984811296524470e+01 1.396999123489085548e+01 1.484747713347949016e+01 1.575168849090839451e+01 1.636934353966113775e+01
3.000099999999999956e-05 1.380472224860299768e+01 1.439209214815574889e+01 1.529609113418614541e+01 1.622762308425808087e+01 1.686394047544022712e+01
3.094299999999999834e-05 1.422259692988049906e+01 1.482774676047042917e+01 1.575911017161274330e+01 1.671883998106395808e+01 1.737441896420305198e+01
3.191299999999999752e-05 1.465254354639490764e+01 1.527598695047420208e+01 1.623550531456499613e+01 1.722424758822200275e+01 1.789964460930790935e+01
3.291399999999999692e-05 1.509641931895189693e+01 1.573874896088846320e+01 1.672733442543146865e+01 1.774602909194024036e+01 1.844188620403819101e+01
3.394699999999999871e-05 1.555236702674579696e+01 1.621409654899182229e+01 1.723253964182359965e+01 1.828200130601065609e+01 1.899887495511051227e+01
3.501200000000000292e-05 1.602317250098511892e+01 1.670493407886637272e+01 1.775420775732423095e+01 1.883543900974527574e+01 1.957401405244996440e+01
3.610999999999999816e-05 1.650790713126702158e+01 1.721029342915140248e+01 1.829130984073907840e+01 1.940525061004009189e+01 2.016616909941484082e+01
3.724300000000000239e-05 1.700749952799434439e+01 1.773114272120762536e+01 1.884487482326243324e+01 1.999252769999911195e+01 2.077647449264683388e+01
3.841100000000000205e-05 1.752194969116708734e+01 1.826748195503503069e+01 1.941490270489428482e+01 2.059727027962234303e+01 2.140493023214594714e+01
3.961600000000000153e-05 1.805218623118809873e+01 1.882027925199433227e+01 2.000242241682891731e+01 2.122056994201380320e+01 2.205267071455388006e+01
4.085900000000000301e-05 1.859820914805736791e+01 1.938953461208551943e+01 2.060743395906633779e+01 2.186242668717348181e+01 2.271969593987063618e+01
4.213999999999999972e-05 1.916094705217773964e+01 1.997621615666929529e+01 2.123096626280081978e+01 2.252393210820538982e+01 2.340714030473790430e+01
4.346199999999999825e-05 1.974039994354921390e+01 2.058032388574565630e+01 2.187301932803236681e+01 2.320508620510954145e+01 2.411500380915568442e+01
4.482600000000000077e-05 2.033749643257461770e+01 2.120282592067529848e+01 2.253462208595525595e+01 2.390698057098992635e+01 2.484442084976566889e+01
4.623200000000000053e-05 2.095223651925396524e+01 2.184372226145822893e+01 2.321577453656949075e+01 2.462961520584657293e+01 2.559539142656786481e+01
4.768200000000000189e-05 2.158647742439292827e+01 2.250494915081585034e+01 2.391853454226363240e+01 2.537517329588749249e+01 2.637018433284565333e+01
4.917800000000000247e-05 2.223929053758866914e+01 2.318553846738745960e+01 2.464187317184340742e+01 2.614256324800866693e+01 2.716766517195735275e+01
5.072000000000000228e-05 2.291253307964687025e+01 2.388742645389445229e+01 2.538784828769736279e+01 2.693396824841812887e+01 2.799010273718634068e+01
5.231100000000000111e-05 2.360527644016468329e+01 2.460964498897612529e+01 2.615543095863123213e+01 2.774829670401186732e+01 2.883636263189092119e+01
5.395200000000000115e-05 2.431937783994779778e+01 2.535413031535388484e+01 2.694667904703356953e+01 2.858773180099791489e+01 2.970871364935450032e+01
5.564500000000000002e-05 2.505483727899619595e+01 2.612088243302772383e+01 2.776159255290437500e+01 2.945227353937625026e+01 3.060715578957707450e+01
5.738999999999999771e-05 2.581258336771274031e+01 2.691086946335835606e+01 2.860120040743793624e+01 3.034301351225090571e+01 3.153282344920032898e+01
5.919100000000000300e-05 2.659354471650024010e+01 2.772505952770645976e+01 2.946653154182852674e+01 3.126104331272588510e+01 3.248685102486594900e+01
6.104700000000000014e-05 2.739864993576156493e+01 2.856442074743274873e+01 3.035861488727043778e+01 3.220745453390520652e+01 3.347037291321565533e+01
6.296199999999999789e-05 2.822697041509386295e+01 2.942798500117653404e+01 3.127642151256938163e+01 3.318115558268484477e+01 3.448225471760773786e+01
6.493700000000000524e-05 2.908036337530280946e+01 3.031768853165917577e+01 3.222200928011391596e+01 3.418432964527285378e+01 3.552476523132559549e+01
6.697500000000000165e-05 2.996068603719406909e+01 3.123546758160210857e+01 3.319743605229260908e+01 3.521915990787722706e+01 3.660017324765259161e+01
6.907499999999999849e-05 3.086700979036482906e+01 3.218035402964461866e+01 3.420167289791117327e+01 3.628455477739396429e+01 3.770734436994707295e+01
7.124200000000000671e-05 3.180026324521791992e+01 3.315331599714742339e+01 3.523574874816390690e+01 3.738160584692707999e+01 3.884741299485069987e+01
7.347700000000000140e-05 3.276230362255902406e+01 3.415628972683189346e+01 3.630172146543934986e+01 3.851249630268460322e+01 4.002264791564689261e+01
7.578200000000000051e-05 3.375313092238812374e+01 3.518927521869804309e+01 3.739959104973752346e+01 3.967722614466655529e+01 4.123304913233562274e+01
7.815899999999999486e-05 3.477367375510806369e+01 3.625324059410657185e+01 3.853038643225269766e+01 4.087688696597689386e+01 4.247975104155861459e+01
8.061100000000000459e-05 3.582578934152452632e+01 3.735012209577887177e+01 3.969616547537344076e+01 4.211366195282369063e+01 4.376502243659921731e+01
8.313999999999999342e-05 3.690854907123467399e+01 3.847895160235425038e+01 4.089589924790545439e+01 4.338645951210290264e+01 4.508772892081577766e+01
8.574800000000000640e-05 3.802473877544704095e+01 3.964263347791480641e+01 4.213267454343161234e+01 4.469855442312660188e+01 4.645127368413336200e+01
8.843799999999999589e-05 3.917528706456442222e+01 4.084213584382123940e+01 4.340752029314617744e+01 4.605103827899877444e+01 4.785679112319366624e+01
9.121199999999999339e-05 4.036019393858684623e+01 4.207745870007354227e+01 4.472043649704914259e+01 4.744391107971944166e+01 4.930428123799668327e+01
9.407300000000000547e-05 4.158038800791715772e+01 4.334957016803241459e+01 4.607245208633480615e+01 4.887826441839258962e+01 5.079487842518410901e+01
9.702399999999999805e-05 4.283772649336101068e+01 4.466040649041925548e+01 4.746562492339170092e+01 5.035628148122626158e+01 5.233085147803934944e+01
1.000699999999999957e-04 4.413313800532127118e+01 4.601093578859478583e+01 4.890098393941415367e+01 5.187905386132447205e+01 5.391333479320410760e+01
1.032099999999999961e-04 4.546755115420076976e+01 4.740212618391966970e+01 5.037955806559641303e+01 5.344767315179124978e+01 5.554346276732005094e+01
1.064400000000000041e-04 4.684189455040232986e+01 4.883494579775462086e+01 5.190237623313277737e+01 5.506323094573055243e+01 5.722236979702887538e+01
1.097799999999999959e-04 4.825802541473164808e+01 5.031133087282104555e+01 5.347149630441177948e+01 5.672791042935046590e+01 5.895232467561400114e+01
1.132299999999999984e-04 4.971780096799438553e+01 5.183321765184035002e+01 5.508897614182203739e+01 5.844389478885899791e+01 6.073559619635879159e+01
1.167800000000000034e-04 5.122029259978771165e+01 5.339963801345181338e+01 5.675378681416922433e+01 6.021009243115211973e+01 6.257104996262156504e+01
1.204400000000000056e-04 5.276921475172299125e+01 5.501446444309824102e+01 5.847004404623045559e+01 6.203086972864588944e+01 6.446322356096908379e+01
1.242199999999999999e-04 5.436363881339736537e+01 5.667672881941894047e+01 6.023671890681149677e+01 6.390513508823631383e+01 6.641098259475967325e+01
1.281200000000000134e-04 5.600727922642222723e+01 5.839030362785668871e+01 6.205792712068942052e+01 6.583725488233940837e+01 6.841886465056010991e+01
1.321399999999999918e-04 5.770013599079751998e+01 6.015518886841152124e+01 6.393366868786428370e+01 6.782722911095521567e+01 7.048686972837039377e+01
1.362799999999999895e-04 5.944406632732896867e+01 6.197332078380478748e+01 6.586600147072461198e+01 6.987724096029172927e+01 7.261726662147387401e+01
1.405599999999999959e-04 6.124092745682222727e+01 6.384663561675792920e+01 6.785698333165896656e+01 7.198947361655702082e+01 7.481232412315401348e+01
1.449599999999999945e-04 6.309164798968014054e+01 6.577610148863163886e+01 6.990764320186164582e+01 7.416501867285502669e+01 7.707317663005245834e+01
1.495099999999999966e-04 6.499808514670839088e+01 6.776365464214728718e+01 7.202003894372118964e+01 7.640605931539384699e+01 7.940209293545264302e+01
1.542000000000000076e-04 6.696209614871267490e+01 6.981123132002629461e+01 7.419622841962619475e+01 7.871477873038143969e+01 8.180134183263790248e+01
1.590399999999999952e-04 6.898460960609575920e+01 7.191979964362936073e+01 7.643724056077093110e+01 8.109226851092186905e+01 8.427205771824993974e+01
1.640300000000000135e-04 7.106933996046907964e+01 7.409323209839928381e+01 7.874719109193249267e+01 8.354289502943117895e+01 8.681877817885556681e+01
1.691700000000000083e-04 7.321535860142977015e+01 7.633056056297537850e+01 8.112505108191662373e+01 8.606556669280534777e+01 8.944036881781309489e+01
1.744799999999999964e-04 7.542730858099201896e+01 7.863662564416110001e+01 8.357596518669473085e+01 8.866574146656444100e+01 9.214250161833098218e+01
1.799500000000000101e-04 7.770518989915582608e+01 8.101142734195647677e+01 8.609993340626681402e+01 9.134341935070847285e+01 9.492517658040920026e+01
1.856000000000000119e-04 8.005178838712969025e+01 8.345787002044357905e+01 8.870004253421571150e+01 9.410187512454945136e+01 9.779179689397282971e+01
1.914200000000000070e-04 8.246896126571935781e+01 8.597788992234386285e+01 9.137835043293003423e+01 9.694329197429544820e+01 1.007446313523053476e+02
1.974300000000000122e-04 8.495856575573040459e+01 8.857342329037865625e+01 9.413691496479825105e+01 9.986985308615444978e+01 1.037859487486900605e+02
2.036200000000000054e-04 8.752338768837142879e+01 9.124737448863011480e+01 9.697882292340325705e+01 1.028848332394385210e+02 1.069191522730520774e+02
2.100100000000000035e-04 9.016528428444810572e+01 9.400167975981963764e+01 9.990613217113363476e+01 1.059904156203556482e+02 1.101465107186748043e+02
2.165900000000000117e-04 9.288889859597455256e+01 9.684117971075065157e+01 1.029239873639607339e+02 1.091920581944259396e+02 1.134736960687666993e+02
2.233899999999999872e-04 9.569330201254801693e+01 9.976490622006254227e+01 1.060313595706903556e+02 1.124886693685453736e+02 1.168995739266860880e+02
2.303999999999999896e-04 9.857199426134859266e+01 1.027660824382303559e+02 1.092210462729624396e+02 1.158726079909858413e+02 1.204162035159410777e+02
2.376199999999999916e-04 1.015528336544614518e+02 1.058737520060750938e+02 1.125239154066054823e+02 1.193766218548677358e+02 1.240576167357825312e+02
2.450800000000000049e-04 1.046079618798014081e+02 1.090588712827757973e+02 1.159090990357910300e+02 1.229679631670707067e+02 1.277897816869596284e+02
2.527599999999999856e-04 1.077652372494536479e+02 1.123504839091533967e+02 1.194074650963475364e+02 1.266793797207151044e+02 1.316467302687231609e+02
2.606899999999999994e-04 1.110153736593897662e+02 1.157389086716009530e+02 1.230087242763321598e+02 1.304999555847607837e+02 1.356171185146561982e+02
2.688699999999999922e-04 1.143583711096097915e+02 1.192241455701184094e+02 1.267128765757449287e+02 1.344296907592078298e+02 1.397009464247587971e+02
2.773100000000000131e-04 1.178035157041420860e+02 1.228158758183127759e+02 1.305302113065286278e+02 1.384795011750962033e+02 1.439095579654478172e+02
2.860000000000000129e-04 1.213508074429866639e+02 1.265140994161840950e+02 1.344607284686832713e+02 1.426493868324260745e+02 1.482429531367233153e+02
2.949800000000000252e-04 1.250095324301718875e+02 1.303284975773393910e+02 1.385147173741517292e+02 1.469502636622375462e+02 1.527124759050022647e+02
3.042300000000000061e-04 1.287704045616694373e+02 1.342493890881714833e+02 1.426818887109910747e+02 1.513712157334904305e+02 1.573067823038676352e+02
3.137699999999999994e-04 1.326519960455359808e+02 1.382961363758945197e+02 1.469828211030869625e+02 1.559340749082649609e+02 1.620485602661534017e+02
3.236199999999999949e-04 1.366450207777432411e+02 1.424590582269015329e+02 1.514072252384966646e+02 1.606279252555211485e+02 1.669264658254425910e+02
3.337699999999999977e-04 1.407494787582911613e+02 1.467381546411924376e+02 1.559551011172201243e+02 1.654527667752588513e+02 1.719404989817352032e+02
3.442399999999999974e-04 1.449839421952364944e+02 1.511527880459812252e+02 1.606470273631429393e+02 1.704304313295583597e+02 1.771133476678650993e+02
3.550399999999999888e-04 1.493391249845509208e+02 1.556932772276609285e+02 1.654727146643223819e+02 1.755500029873796279e+02 1.824336679174154199e+02
3.661700000000000263e-04 1.538335993342911934e+02 1.603789846134455104e+02 1.704527416446439929e+02 1.808333136108028043e+02 1.879241476632199976e+02
3.776599999999999857e-04 1.584487930364005024e+02 1.651905477761210363e+02 1.755665296802221178e+02 1.862585313377476552e+02 1.935620989724448862e+02
3.895099999999999756e-04 1.632032782989356576e+02 1.701473291429014409e+02 1.808346573949425533e+02 1.918474880302945564e+02 1.993702097779241740e+02
4.017199999999999959e-04 1.681063412259250072e+02 1.752590099273936914e+02 1.862674141007478852e+02 1.976110996194834399e+02 2.053598240460745501e+02
4.143300000000000260e-04 1.731486957133401745e+02 1.805159089159908490e+02 1.918545104856954708e+02 2.035384501742743169e+02 2.115195978104792403e+02
4.273200000000000219e-04 1.783396278652095646e+02 1.859277073222999945e+02 1.976062358617280665e+02 2.096404556257073182e+02 2.178608750375552177e+02
4.407300000000000171e-04 1.836791376815332342e+02 1.914944051463209576e+02 2.035225902288456723e+02 2.159171159737823871e+02 2.243836557273023971e+02
4.545500000000000170e-04 1.891857973703678795e+02 1.972353648152677295e+02 2.096241522109339428e+02 2.223902630805798140e+02 2.311106278125546680e+02
4.688100000000000058e-04 1.948410347236567191e+02 2.031312239019264609e+02 2.158903431841072234e+02 2.290380650840193084e+02 2.380191033604781410e+02
4.835199999999999785e-04 2.006727080534849961e+02 2.092110260471180823e+02 2.223520310841938681e+02 2.358932697772212919e+02 2.451431142703237640e+02
4.986899999999999840e-04 2.066715312558242204e+02 2.154650900372355125e+02 2.289989265992512344e+02 2.429449612291456617e+02 2.524713165756745639e+02
5.143300000000000172e-04 2.128467904347028536e+02 2.219030970858858041e+02 2.358413190412220217e+02 2.502040553708324637e+02 2.600150542429473148e+02
5.304599999999999593e-04 2.191984855901209244e+02 2.285250471930690424e+02 2.428792084101063153e+02 2.576705522022817263e+02 2.677743272721421590e+02
5.471000000000000169e-04 2.257359028261066669e+02 2.353406215723920809e+02 2.501228840178468431e+02 2.653553676545336089e+02 2.757604796296761265e+02
5.642600000000000220e-04 2.324590421426603655e+02 2.423498202238549766e+02 2.575723458644436050e+02 2.732585017275882251e+02 2.839735113155491035e+02
5.819700000000000133e-04 2.393864757478384888e+02 2.495720055746717492e+02 2.652481725737822558e+02 2.814017862835256096e+02 2.924361102625949229e+02
6.002200000000000504e-04 2.465089175376128026e+02 2.569974964112353746e+02 2.731400748339199822e+02 2.897743053913057452e+02 3.011369325043968388e+02
6.190500000000000039e-04 2.538356536160116548e+02 2.646359739471527632e+02 2.812583419567995975e+02 2.983869749819687058e+02 3.100873220073716539e+02
6.384700000000000314e-04 2.613759700870634788e+02 2.724971193960310529e+02 2.896132632543639716e+02 3.072507109865547363e+02 3.192986227379363413e+02
6.585000000000000141e-04 2.691298669507682462e+02 2.805809327578701868e+02 2.982048387266130476e+02 3.163655134050637798e+02 3.287708346960908443e+02
6.791500000000000011e-04 2.771066303111543334e+02 2.888970952462771606e+02 3.070433576854895819e+02 3.257422981685358536e+02 3.385153018482523066e+02
7.004599999999999715e-04 2.853062601682217974e+02 2.974456068612519175e+02 3.161288201309936881e+02 3.353810652769712419e+02 3.485320241944205577e+02
7.224300000000000339e-04 2.937473287300273910e+02 3.062458300300086194e+02 3.254818046870109356e+02 3.453036465924498657e+02 3.588436896674296008e+02
7.450900000000000101e-04 3.024298359965709437e+02 3.152977647525470388e+02 3.351023113535413813e+02 3.555100421149719523e+02 3.694502982672793223e+02
7.684599999999999981e-04 3.113537819678527967e+02 3.246014110288672896e+02 3.449903401305847979e+02 3.660002518445373880e+02 3.803518499939696653e+02
7.925700000000000366e-04 3.205284527479010990e+02 3.341664500725763105e+02 3.551561803300841689e+02 3.767851917121864176e+02 3.915596888139178873e+02
8.174299999999999579e-04 3.299538483367158506e+02 3.439928818836741584e+02 3.655998319520396080e+02 3.878648617179188705e+02 4.030738147271238176e+02
8.430799999999999579e-04 3.396578270463822378e+02 3.541097501029817636e+02 3.763521629322794979e+02 3.992720096548553670e+02 4.149282596328382056e+02
8.695200000000000368e-04 3.496218166688436213e+02 3.644976923032853051e+02 3.873925946469180985e+02 4.109848036609154747e+02 4.271003355982273320e+02
8.968000000000000060e-04 3.598643894121566404e+02 3.751760709117984902e+02 3.987417057198410930e+02 4.230250755981793986e+02 4.396127305561248022e+02
9.249300000000000230e-04 3.703948313803496148e+02 3.861545671421285419e+02 4.104097854629913513e+02 4.354037413976874973e+02 4.524767884729479874e+02
9.539400000000000180e-04 3.812131425734227150e+02 3.974331809942754035e+02 4.223968338763686461e+02 4.481208010594396569e+02 4.656925093486966034e+02
9.838699999999999703e-04 3.923286090954042606e+02 4.090215936818459568e+02 4.347131402719160178e+02 4.611871705144757243e+02 4.792712371497875097e+02
1.014700000000000107e-03 4.037505170503226282e+02 4.209294864184472544e+02 4.473689939615763933e+02 4.746137656938364557e+02 4.932243158426379068e+02
1.046599999999999961e-03 4.154788664381779313e+02 4.331568592040792964e+02 4.603643949453496020e+02 4.884005865975213396e+02 5.075517454272479085e+02
1.079400000000000108e-03 4.275322294670268661e+02 4.457230744659563584e+02 4.737199218471210997e+02 5.025694650876107517e+02 5.222762138364511202e+02
1.113300000000000010e-03 4.399013200328408857e+02 4.586184509904709330e+02 4.874252853549482438e+02 5.171094852330647882e+02 5.373863771038304549e+02
1.148200000000000045e-03 4.526047103436769135e+02 4.718623512048372390e+02 5.015010640927168311e+02 5.320424788959633133e+02 5.529049231622203706e+02
1.184200000000000053e-03 4.656516865035633828e+02 4.854644563226622722e+02 5.159575473723693904e+02 5.473793620073465718e+02 5.688431959780372154e+02
1.221300000000000033e-03 4.790422485125002936e+02 4.994247663439462031e+02 5.307947351939060354e+02 5.631201345672149046e+02 5.852011955512814438e+02
1.259600000000000043e-03 4.927856824745159656e+02 5.137529624822958567e+02 5.460229168692696931e+02 5.792757125066082153e+02 6.019902658483698588e+02
1.299199999999999921e-03 5.068819883896103420e+02 5.284490447377110058e+02 5.616420923984601359e+02 5.958460958255263904e+02 6.192104068693022327e+02
1.339899999999999989e-03 5.213497384658402325e+02 5.435323755374062102e+02 5.776728404053631039e+02 6.128531163860498054e+02 6.368843065469128533e+02
1.381899999999999925e-03 5.361982188072340705e+02 5.590126360949878972e+02 5.941254502019214669e+02 6.303076901192184778e+02 6.550233088476184093e+02
1.425300000000000004e-03 5.514181433097636500e+02 5.748801451968494121e+02 6.109896324761924689e+02 6.481989010939926175e+02 6.736160698050022120e+02
1.469999999999999953e-03 5.670280841814853829e+02 5.911542652702047462e+02 6.282859658520613948e+02 6.665485811724520318e+02 6.926852773518976392e+02
1.516100000000000043e-03 5.830373275264280437e+02 6.078446775286605543e+02 6.460247396414714558e+02 6.853676462856371927e+02 7.122422754547224031e+02
1.563699999999999899e-03 5.994365872405628579e+02 6.249417007586100681e+02 6.641956645324796682e+02 7.046451805025075146e+02 7.322757201470589052e+02
1.612699999999999897e-03 6.162537216359750118e+02 6.424743786008743882e+02 6.828296084609144145e+02 7.244139316161839588e+02 7.528196433281581221e+02
1.663299999999999935e-03 6.334794446086366406e+02 6.604330298418462917e+02 7.019162821148329385e+02 7.446629836956261670e+02 7.738627010316033648e+02
1.715500000000000011e-03 6.511230422625756091e+02 6.788273356951330015e+02 7.214659748061779965e+02 7.654032526718742702e+02 7.954162372238113221e+02
1.769299999999999909e-03 6.691938007018205781e+02 6.976669773743412861e+02 7.414889758468924583e+02 7.866456544759683993e+02 8.174915958711990243e+02
1.824799999999999903e-03 6.877010060303997534e+02 7.169616360930783685e+02 7.619955745489193077e+02 8.084011050389484581e+02 8.401001209401836149e+02
1.882100000000000049e-03 7.066353721442848155e+02 7.367016306377369119e+02 7.829754816003154474e+02 8.306586884297746565e+02 8.632304684643479504e+02
1.941100000000000074e-03 7.260154712515325173e+02 7.569063234355312488e+02 8.044492756249666172e+02 8.534402365105272565e+02 8.869053263765258635e+02
2.001999999999999873e-03 7.458505894561712921e+02 7.775853957000682612e+02 8.264272459348159146e+02 8.767566652122461619e+02 9.111360386431343841e+02
2.064799999999999882e-03 7.661221545501442733e+02 7.987194850041337304e+02 8.488888139059772584e+02 9.005861426728509969e+02 9.358999173313397932e+02
2.129600000000000156e-03 7.868673109495651943e+02 8.203473162021559801e+02 8.718751367862219013e+02 9.249723326165026265e+02 9.612423383068094154e+02
2.196399999999999828e-03 8.080582003423487549e+02 8.424398456533141371e+02 8.953553466397214606e+02 9.498824872500807714e+02 9.871292696702931835e+02
2.265300000000000039e-03 8.297133949365515946e+02 8.650164357848217378e+02 9.193500220903620175e+02 9.753384384356651253e+02 1.013583399354624135e+03
2.336299999999999922e-03 8.518421808362023739e+02 8.880867678102858918e+02 9.438694524500859870e+02 1.001351102104295933e+03 1.040616071326219753e+03
2.409600000000000023e-03 8.744352719372728870e+02 9.116411605160999443e+02 9.689033484069506130e+02 1.027909562324933859e+03 1.068215941618663237e+03
2.485199999999999909e-03 8.974926682397624518e+02 9.356796139022633270e+02 9.944517099609557818e+02 1.055013819097577880e+03 1.096383010231953449e+03
2.563199999999999854e-03 9.210329419517286169e+02 9.602214903959905996e+02 1.020535115735987347e+03 1.082685704284308940e+03 1.125139965098926041e+03
2.643599999999999856e-03 9.450468069691427218e+02 9.852571087836744255e+02 1.047143276420102438e+03 1.110914301954086568e+03 1.154475462253162959e+03
2.726500000000000191e-03 9.694692605638052783e+02 1.010718700570066062e+03 1.074204166829701080e+03 1.139623200589629960e+03 1.184310093929745562e+03
2.811999999999999830e-03 9.944488804001715607e+02 1.036761165172877099e+03 1.101882415955868737e+03 1.168987055087581211e+03 1.214825363591345422e+03
2.900199999999999913e-03 1.019892805437957350e+03 1.063287690456037808e+03 1.130075130679176937e+03 1.198896706137538786e+03 1.245907831573792919e+03
2.991199999999999849e-03 1.045801035677162417e+03 1.090298276419548074e+03 1.158782310999625906e+03 1.229352153739503365e+03 1.277557497877087826e+03
3.085000000000000069e-03 1.072080710077502999e+03 1.117696110927338395e+03 1.187901063797787174e+03 1.260244238583072729e+03 1.309660922837060752e+03
3.181799999999999819e-03 1.098917550719547080e+03 1.145674818251548004e+03 1.217637175312517456e+03 1.291791279289049726e+03 1.342444985782050708e+03
3.281599999999999968e-03 1.126125835522726675e+03 1.174040774120037213e+03 1.247784859304960491e+03 1.323774957236632872e+03 1.375682807383718909e+03
3.384600000000000195e-03 1.153891286567609541e+03 1.202987602804946391e+03 1.278549902013972087e+03 1.356413591046622741e+03 1.409601266970403913e+03
3.490699999999999793e-03 1.182028181773627921e+03 1.232321680034134943e+03 1.309726517200696208e+03 1.389488862098218306e+03 1.443973485213767390e+03
3.600200000000000015e-03 1.210629382181066148e+03 1.262139817943673279e+03 1.341417597984560871e+03 1.423109929701820647e+03 1.478912901777978504e+03
3.713199999999999834e-03 1.239602026749639663e+03 1.292345204397491443e+03 1.373520251246137605e+03 1.457167634547028001e+03 1.514306076998866956e+03
3.829599999999999844e-03 1.269038976519632570e+03 1.323034651531659165e+03 1.406137370104856245e+03 1.491771135944241678e+03 1.550266450540603955e+03
3.949799999999999839e-03 1.298847370450761218e+03 1.354111347210106942e+03 1.439166061441286729e+03 1.526811274583061049e+03 1.586680582739018291e+03
4.073700000000000411e-03 1.329027208543024926e+03 1.385575291432833410e+03 1.472606325255429510e+03 1.562288050463484979e+03 1.623548473594111329e+03
4.201500000000000373e-03 1.359578490796424830e+03 1.417426484199840388e+03 1.506458161547285044e+03 1.598201463585514830e+03 1.660870123105881930e+03
4.333299999999999999e-03 1.390501217210959794e+03 1.449664925511126967e+03 1.540721570316852876e+03 1.634551513949149694e+03 1.698645531274330551e+03
4.469200000000000429e-03 1.421795387786630954e+03 1.482290615366693601e+03 1.575396551564133915e+03 1.671338201554389570e+03 1.736874698099457646e+03
4.609399999999999609e-03 1.453368141483153067e+03 1.515206741630469423e+03 1.610380212169698552e+03 1.708452367090833150e+03 1.775444183917092687e+03
4.754000000000000413e-03 1.485219478300527044e+03 1.548413304302455344e+03 1.645672552133547697e+03 1.745894010558481114e+03 1.814353988727236356e+03
4.903099999999999646e-03 1.517349398238752656e+03 1.581910303382651136e+03 1.681273571455681804e+03 1.783663131957332780e+03 1.853604112529889107e+03
5.056899999999999590e-03 1.549378697143450609e+03 1.615278667759724385e+03 1.716698999599361287e+03 1.821203424967476849e+03 1.892586222603895067e+03
5.215499999999999650e-03 1.581953365586974314e+03 1.649238095759171529e+03 1.752789460258063855e+03 1.859489571921885727e+03 1.932372068571026375e+03
5.379100000000000374e-03 1.614712913366942985e+03 1.683390212221897855e+03 1.789084619169169400e+03 1.897992781427386035e+03 1.972383416436902280e+03
5.547899999999999707e-03 1.647657308801071622e+03 1.717734981337972613e+03 1.825584433744039870e+03 1.936713003374759637e+03 2.012620210644764256e+03
5.721900000000000250e-03 1.680693700768420968e+03 1.752175601159098278e+03 1.862186021472955872e+03 1.975541089512190183e+03 2.052969022904885605e+03
5.901400000000000222e-03 1.713822053154653304e+03 1.786712030768193927e+03 1.898889333550847823e+03 2.014476982282998733e+03 2.093429789321281078e+03
6.086499999999999896e-03 1.747042344807712652e+03 1.821344245600878139e+03 1.935694339774197488e+03 2.053520645186439197e+03 2.134002468810064784e+03
6.277500000000000094e-03 1.780261708641668065e+03 1.855975425718486576e+03 1.972498136332034392e+03 2.092562905014989610e+03 2.174573605488982594e+03
6.474399999999999947e-03 1.813387304459888355e+03 1.890508780742417912e+03 2.009197853312984762e+03 2.131494627220840357e+03 2.215029785554586397e+03
6.677500000000000276e-03 1.846419103699179686e+03 1.924944277461383308e+03 2.045793449833602153e+03 2.170315762364480179e+03 2.255370953346533952e+03
6.886899999999999619e-03 1.879449923570353121e+03 1.959378677420642816e+03 2.082387757217191393e+03 2.209135395407147826e+03 2.295710465021400069e+03
7.102999999999999939e-03 1.912201243424011636e+03 1.993521611921222302e+03 2.118672172422176118e+03 2.247626134302614446e+03 2.335708094416520908e+03
7.325800000000000367e-03 1.944765895631051535e+03 2.027469858813692554e+03 2.154749544914491253e+03 2.285897084142643507e+03 2.375477219232119296e+03
7.555599999999999990e-03 1.976958208838699193e+03 2.061029847898214030e+03 2.190414147966955170e+03 2.323729991800054904e+03 2.414791029941574834e+03
7.792600000000000221e-03 2.008871005655368890e+03 2.094298345620644341e+03 2.225768816928346041e+03 2.361233945222443253e+03 2.453762884899000710e+03
8.037000000000000741e-03 2.040411459431825961e+03 2.127178574962400944e+03 2.260710694857626095e+03 2.398299822306226361e+03 2.492279382314771738e+03
8.289200000000000040e-03 2.071393911147937615e+03 2.159476978539315041e+03 2.295034068599095917e+03 2.434709384292165851e+03 2.530113727585247943e+03
8.549199999999999855e-03 2.101911213479194885e+03 2.191290355011760312e+03 2.328841809140213627e+03 2.470571758445497835e+03 2.567379320983080106e+03
8.817399999999999544e-03 2.131777722809877559e+03 2.222425163375616648e+03 2.361928221263516662e+03 2.505668725623323098e+03 2.603849388709795221e+03
9.093900000000000247e-03 2.160993473892730435e+03 2.252881437455042487e+03 2.394293336997846836e+03 2.540000315549363677e+03 2.639523958653313002e+03
9.379200000000000731e-03 2.189372835444129578e+03 2.282465649186548944e+03 2.425731475036679512e+03 2.573348324035820497e+03 2.674176272709822570e+03
9.673400000000000401e-03 2.217008678309749030e+03 2.311274615522249405e+03 2.456345524742889211e+03 2.605821896681108228e+03 2.707919749382672762e+03
9.976900000000000351e-03 2.243622582239972871e+03 2.339018075888894600e+03 2.485827003708642224e+03 2.637093775746844130e+03 2.740414306616063186e+03
1.029000000000000054e-02 2.269307419857326295e+03 2.365792848072218931e+03 2.514278800533028971e+03 2.667273104239717668e+03 2.771773358968023331e+03
1.061299999999999917e-02 2.293970437240562660e+03 2.391502231981124623e+03 2.541598141872600991e+03 2.696250850792760502e+03 2.801883600418509104e+03
1.094599999999999913e-02 2.317333280502380148e+03 2.415856039999191125e+03 2.567476629030426466e+03 2.723699853222574802e+03 2.830405052999984491e+03
1.128900000000000042e-02 2.339488876571118908e+03 2.438951149040839027e+03 2.592017217529595655e+03 2.749729329961319308e+03 2.857451212775204112e+03
1.164300000000000057e-02 2.360251643010854423e+03 2.460594081865709995e+03 2.615014280006492754e+03 2.774121134085821723e+03 2.882795381237987385e+03
1.200799999999999958e-02 2.379528905084523103e+03 2.480688225377391063e+03 2.636365142849068889e+03 2.796766347987141216e+03 2.906324376231030783e+03
1.238500000000000018e-02 2.397320737553825438e+03 2.499233651773596648e+03 2.656069873519255452e+03 2.817665033267281615e+03 2.928038254790384144e+03
1.277299999999999963e-02 2.413348944858745654e+03 2.515940350799079170e+03 2.673820281906377659e+03 2.836490270932647491e+03 2.947597307181956239e+03
1.317399999999999995e-02 2.427706369958510550e+03 2.530905099950100066e+03 2.689719198654326647e+03 2.853351126190589639e+03 2.965114855660175181e+03
1.358700000000000012e-02 2.440207654034058578e+03 2.543934673499894870e+03 2.703561293664514324e+03 2.868029800064650317e+03 2.980364586333576881e+03
1.401400000000000041e-02 2.450760059158300464e+03 2.554932382807873182e+03 2.715243797489141798e+03 2.880417256603248461e+03 2.993233182403125738e+03
1.445300000000000057e-02 2.459178315179421588e+03 2.563705105636222470e+03 2.724561508057520768e+03 2.890295852311447106e+03 3.003494505465554539e+03
1.490700000000000011e-02 2.465462464191788513e+03 2.570252871098354262e+03 2.731514432566751566e+03 2.897665569388226231e+03 3.011148519249637047e+03
1.537400000000000051e-02 2.469612860013067802e+03 2.574576070950091889e+03 2.736103024750007080e+03 2.902526929940998343e+03 3.016195795179555716e+03
1.585599999999999857e-02 2.471351219803139429e+03 2.576384594565984116e+03 2.738018973003558131e+03 2.904552870501746838e+03 3.018296462642232655e+03
1.635400000000000048e-02 2.470584951611716406e+03 2.575581921350219091e+03 2.737159712490023594e+03 2.903634600672722627e+03 3.017337480245787901e+03
1.686700000000000005e-02 2.467407171166400076e+03 2.572265144256958592e+03 2.733628459830968040e+03 2.899881650342995727e+03 3.013432692175185366e+03
1.739599999999999827e-02 2.461632489779852222e+03 2.566241008242433054e+03 2.727219857256230171e+03 2.893076195563598048e+03 3.006355761983151751e+03
1.794199999999999962e-02 2.453168335933713934e+03 2.557413021160578865e+03 2.717831381998127199e+03 2.883109503643227981e+03 2.995993717586808089e+03
1.850399999999999961e-02 2.442015007455760951e+03 2.545781523202904282e+03 2.705463444488171262e+03 2.869982063716576704e+03 2.982347105532266596e+03
1.908500000000000127e-02 2.428172679234678526e+03 2.531346696415671886e+03 2.690116238451178106e+03 2.853694082381189219e+03 2.965416141685107050e+03
1.968400000000000011e-02 2.411456037291646226e+03 2.513915393571575805e+03 2.671584569770523558e+03 2.834027962991623554e+03 2.944974763904740030e+03
2.030099999999999960e-02 2.391958123883113331e+03 2.493584638449512568e+03 2.649971594072009339e+03 2.811093184821080285e+03 2.921136773962959978e+03
2.093799999999999828e-02 2.369679141727021943e+03 2.470354659564995927e+03 2.625277583111223976e+03 2.784890068610318849e+03 2.893902528601488029e+03
2.159499999999999961e-02 2.344526509685441852e+03 2.444128983408073509e+03 2.597400081138804126e+03 2.755310004658627349e+03 2.863159220478419229e+03
2.227200000000000013e-02 2.316593222999204500e+03 2.415004593907369326e+03 2.566442216585055121e+03 2.722462460106870367e+03 2.829020650679029131e+03
2.297099999999999836e-02 2.285972263893266700e+03 2.383078447090586451e+03 2.532507064968047416e+03 2.686456820767746649e+03 2.791600518015280159e+03
2.369100000000000025e-02 2.252663772579955094e+03 2.348350745055794505e+03 2.495594933349027087e+03 2.647293514011774278e+03 2.750899339024569144e+03
2.443499999999999839e-02 2.216853523060881798e+03 2.311015170132560797e+03 2.455911676748262380e+03 2.605190939822884957e+03 2.707144083822596258e+03
2.520100000000000118e-02 2.178634380420608522e+03 2.271168596392336440e+03 2.413560349047405907e+03 2.560258532240512068e+03 2.660448551612148094e+03
2.599200000000000121e-02 2.138006470901296780e+03 2.228811187746784981e+03 2.368541178477914400e+03 2.512496593663628119e+03 2.610813099952881203e+03
2.680700000000000097e-02 2.095341036324984543e+03 2.184329997443084721e+03 2.321265555296050479e+03 2.462341595252978550e+03 2.558691333912735445e+03
2.764799999999999897e-02 2.050730956170909849e+03 2.137821885983876655e+03 2.271836472424970452e+03 2.409902855759051818e+03 2.504196897089153481e+03
2.851499999999999868e-02 2.004454644365125887e+03 2.089577131022300364e+03 2.220562469235387653e+03 2.355507735697818134e+03 2.447670008261978182e+03
2.940999999999999864e-02 1.956697771291103209e+03 2.039789317326144328e+03 2.167649313723014075e+03 2.299374560327582458e+03 2.389337572016170725e+03
3.033200000000000132e-02 1.907738662232311299e+03 1.988748632239487051e+03 2.113405452347224127e+03 2.241830594500098869e+03 2.329539709539364139e+03
3.128399999999999931e-02 1.857855844214102035e+03 1.936745439115183899e+03 2.058139462502863353e+03 2.183203180663573676e+03 2.268616579175671632e+03
3.226500000000000201e-02 1.807420444945087866e+03 1.884166648220549405e+03 2.002262542084303277e+03 2.123928540434102615e+03 2.207021493723186268e+03
3.327700000000000102e-02 1.756618120422299171e+03 1.831205812632463449e+03 1.945980397207481246e+03 2.064224901560786748e+03 2.144981233289227475e+03
3.432099999999999734e-02 1.705912964378225297e+03 1.778346715513296431e+03 1.889807102799307586e+03 2.004637538625350317e+03 2.083062375923917443e+03
3.539799999999999891e-02 1.655676274411620625e+03 1.725976400719508092e+03 1.834153926471861041e+03 1.945602667057079771e+03 2.021718170549090246e+03
3.650799999999999879e-02 1.606000782480652560e+03 1.674191550340339745e+03 1.779123629149059525e+03 1.887229310711986500e+03 1.961061918451976680e+03
3.765299999999999897e-02 1.557443595457164292e+03 1.623572852869712960e+03 1.725333169090011552e+03 1.830171772062086120e+03 1.901773413879886448e+03
3.883400000000000046e-02 1.510190439596061196e+03 1.574313889613057427e+03 1.672988206662044149e+03 1.774648145194921199e+03 1.844079236499205081e+03
4.005199999999999733e-02 1.464519930056211933e+03 1.526705048564869685e+03 1.622397232129349959e+03 1.720985552574521307e+03 1.788319223739914833e+03
4.130899999999999850e-02 1.420710840307801845e+03 1.481036861371433815e+03 1.573868852875630409e+03 1.669511201454895172e+03 1.734833272859850467e+03
4.260499999999999704e-02 1.379041852738784200e+03 1.437599757593982304e+03 1.527711555529785528e+03 1.620552156975795469e+03 1.683961123230886642e+03
4.394100000000000089e-02 1.339606093940392157e+03 1.396490745413766717e+03 1.484028305219573440e+03 1.574217501072138248e+03 1.635816022621061848e+03
4.531999999999999917e-02 1.302496965068735790e+03 1.357807096486908449e+03 1.442922309342420476e+03 1.530616530891735010e+03 1.590511412520449539e+03
4.674099999999999783e-02 1.267807572916394520e+03 1.321645781771598877e+03 1.404496465554047745e+03 1.489858225544492825e+03 1.548160411391954085e+03
4.820699999999999985e-02 1.235538637163146404e+03 1.288007449716797282e+03 1.368751291640683576e+03 1.451942941715111147e+03 1.508763250634715178e+03
4.972000000000000031e-02 1.205597974818725106e+03 1.256795920175872880e+03 1.335584439393892126e+03 1.416761954988841353e+03 1.472206838706229291e+03
5.127899999999999819e-02 1.177893145444388665e+03 1.227914753272547614e+03 1.304893298946392633e+03 1.384206279443193125e+03 1.438377823982176096e+03
5.288799999999999751e-02 1.152053495549572290e+03 1.200977538899697947e+03 1.276267210315184457e+03 1.353840267469435503e+03 1.406823490734238703e+03
5.454699999999999827e-02 1.127893739438507509e+03 1.175791080156293674e+03 1.249500793647487853e+03 1.325445976591878889e+03 1.377317310378301272e+03
5.625800000000000245e-02 1.104949854929390312e+03 1.151871702640807143e+03 1.224080143751614742e+03 1.298478369517207966e+03 1.349292991113868311e+03
5.802299999999999819e-02 1.082757542625969336e+03 1.128735475874239228e+03 1.199491138273080196e+03 1.272392239946685095e+03 1.322184109694491099e+03
5.984300000000000036e-02 1.060758987097350200e+03 1.105801066366708255e+03 1.175116287052843290e+03 1.246532889346257434e+03 1.295310579839913999e+03
6.171999999999999709e-02 1.038395941860128460e+03 1.082486742713129843e+03 1.150337762912012067e+03 1.220245357296241536e+03 1.267992111814061218e+03
6.365600000000000425e-02 1.015202576175661193e+03 1.058307134927602647e+03 1.124640175591799334e+03 1.192983384405184779e+03 1.239661397869889697e+03
6.565300000000000302e-02 9.905261981192370513e+02 1.032582233138918355e+03 1.097301555391335796e+03 1.163981869158639938e+03 1.209523934943295444e+03
6.771299999999999542e-02 9.639925559812053280e+02 1.004922233962283144e+03 1.067908233330439543e+03 1.132802637454876276e+03 1.177124860243825651e+03
6.983699999999999630e-02 9.350402732884429042e+02 9.747424378351668111e+02 1.035839719386723800e+03 1.098788450925219877e+03 1.141781909261557757e+03
7.202699999999999381e-02 9.036197562228211382e+02 9.419914348604438601e+02 1.001041863853129144e+03 1.061882406013146920e+03 1.103436337301710864e+03
7.428700000000000581e-02 8.696628356801854807e+02 9.065984700261537910e+02 9.634399906764456318e+02 1.022005859984555514e+03 1.062006834469967998e+03
7.661700000000000454e-02 8.333523890101474763e+02 8.687543745506725372e+02 9.232372057631188227e+02 9.793746090081813236e+02 1.017717889502740377e+03
7.902099999999999402e-02 7.950865794621607847e+02 8.288742146711684882e+02 8.808745835309329095e+02 9.344565196591470340e+02 9.710556656540172753e+02
8.149900000000000200e-02 7.554221405852297266e+02 7.875382230850424321e+02 8.369684897102637251e+02 8.879051493295864930e+02 9.226991014538523359e+02
8.405600000000000571e-02 7.151877149020626803e+02 7.456097841018257668e+02 7.924356835304921560e+02 8.406921392768518899e+02 8.736572593321848217e+02
8.669300000000000617e-02 6.753055914935273449e+02 7.040497574327603161e+02 7.482962648501096510e+02 7.938984809125664697e+02 8.250526372823460406e+02
8.941200000000000536e-02 6.367643406080853765e+02 6.638879309511283964e+02 7.056433039183187930e+02 7.486822618558081786e+02 7.780876251542084674e+02
9.221699999999999342e-02 6.005068422346674879e+02 6.261063754512489368e+02 6.655190194802029282e+02 7.061474696088258725e+02 7.339082828944475523e+02
9.511000000000000010e-02 5.673364293399799863e+02 5.915417053797610833e+02 6.288110854734638906e+02 6.672341896831914028e+02 6.934903813954371117e+02
9.809299999999999964e-02 5.378611208599501197e+02 5.608269895254227322e+02 5.961909764691405371e+02 6.326532883284875197e+02 6.575715896492572483e+02
1.011699999999999960e-01 5.124845554036353406e+02 5.343823095835851973e+02 5.681039504137964968e+02 6.028758038619573654e+02 6.266404632300894946e+02
1.043400000000000022e-01 4.910877158916636631e+02 5.120833214004049978e+02 5.444174218101436509e+02 5.777606060021417989e+02 6.005500053838649137e+02
1.076199999999999934e-01 4.734604753132704786e+02 4.937106724285840755e+02 5.248977899360002084e+02 5.570593509777902455e+02 5.790417671561435782e+02
1.109900000000000053e-01 4.589410827426672768e+02 4.785748262953673020e+02 5.088128335162567737e+02 5.399959319589939923e+02 5.613097216246837888e+02
1.144700000000000023e-01 4.465058400395038802e+02 4.656092382327515224e+02 4.950301978467509798e+02 5.253703477797561163e+02 5.461077559147735201e+02
1.180699999999999944e-01 4.350626076805718867e+02 4.536763356009914787e+02 4.823425809009626164e+02 5.119036873670320915e+02 5.321081839162885672e+02
1.217700000000000032e-01 4.233168207935565874e+02 4.414281929932284925e+02 4.693202558546409477e+02 4.980823348352085418e+02 5.177403171816014265e+02
1.255900000000000072e-01 4.101139899358742582e+02 4.276628855228027533e+02 4.546886000974172930e+02 4.825571392849436165e+02 5.016043144116920871e+02
1.295300000000000062e-01 3.946322202691724783e+02 4.115251615186950858e+02 4.375413189380602716e+02 4.643695745438238873e+02 4.827061790722637511e+02
1.335899999999999865e-01 3.764891736872723982e+02 3.926175568783096992e+02 4.174578748636319006e+02 4.430755818885008352e+02 4.605859297800622016e+02
1.377800000000000136e-01 3.559990310280967378e+02 3.712676465755756681e+02 3.947864582208360957e+02 4.190445942822484540e+02 4.356275086048223102e+02
1.421000000000000041e-01 3.339568030181403060e+02 3.483034213911989241e+02 3.704056622512482022e+02 3.932071533455530243e+02 4.087968301848019337e+02
1.465599999999999958e-01 3.116685796064271017e+02 3.250845790660844159e+02 3.457573322902869108e+02 3.670893080622117850e+02 3.816772072182463944e+02
1.511599999999999888e-01 2.905075479917994130e+02 3.030404511432408299e+02 3.223567967088735031e+02 3.422944894186837246e+02 3.559319595097524598e+02
1.559000000000000108e-01 2.717258984174869738e+02 2.834742041200763083e+02 3.015852629322562848e+02 3.202838072505518880e+02 3.330764833299978704e+02
1.607899999999999885e-01 2.560789300469015188e+02 2.671715999931665237e+02 2.842750771032174271e+02 3.019372381601517645e+02 3.140230789009784189e+02
1.658399999999999874e-01 2.437588775347747969e+02 2.543322228204011992e+02 2.706369888583605530e+02 2.874768573415957462e+02 2.990014556110350554e+02
1.710399999999999976e-01 2.342806279330748964e+02 2.444507297245294808e+02 2.601346007923569346e+02 2.763343681865870849e+02 2.874215851957476957e+02
1.764000000000000012e-01 2.265847700376613716e+02 2.364241879488069742e+02 2.515982822532916714e+02 2.672717650836881944e+02 2.779989585381021584e+02
1.819399999999999906e-01 2.193350384777238276e+02 2.288619033451552980e+02 2.435540070271501349e+02 2.587296945244876838e+02 2.691162453629199263e+02
1.876400000000000012e-01 2.112346863508175261e+02 2.204149365063982202e+02 2.345730396521105661e+02 2.491978518832734153e+02 2.592077950330900080e+02
1.935300000000000076e-01 2.014757543967367326e+02 2.102431026825245510e+02 2.237659735322532697e+02 2.377365720379924596e+02 2.472998729438196506e+02
1.995999999999999996e-01 1.900047421193860657e+02 1.982913201868195756e+02 2.110754085891098271e+02 2.242862058244137984e+02 2.333313715284136265e+02
2.058599999999999874e-01 1.775577887365174945e+02 1.853256339116632319e+02 1.973131591396066540e+02 2.097054114917455649e+02 2.181927655403974597e+02
2.123200000000000087e-01 1.653385653246240565e+02 1.725980705503433512e+02 1.838051662847796877e+02 1.953956676885417210e+02 2.033367761255000801e+02
2.189800000000000080e-01 1.545238413318629114e+02 1.613324176684862721e+02 1.718470433687740808e+02 1.827259364609659542e+02 1.901820922646523115e+02
2.258499999999999952e-01 1.457515219589159585e+02 1.521917808306230029e+02 1.621403412752429176e+02 1.724369660053525877e+02 1.794960003099076289e+02
2.329299999999999982e-01 1.389398315449073493e+02 1.450907252559909750e+02 1.545939663762563043e+02 1.644317989131791933e+02 1.711775195472777966e+02
2.402400000000000091e-01 1.333144201207254014e+02 1.392236501509604807e+02 1.483545224322422769e+02 1.578081612458136362e+02 1.642912005088124374e+02
2.477800000000000002e-01 1.278309091417936116e+02 1.335045746361033707e+02 1.422724954585951309e+02 1.513516821714488003e+02 1.575787154110502684e+02
2.555499999999999994e-01 1.216589782942879765e+02 1.270704806186731588e+02 1.354349958786621642e+02 1.440986379830924591e+02 1.500419301060995849e+02
2.635700000000000265e-01 1.146050639892685723e+02 1.197204420251555064e+02 1.276299099999658040e+02 1.358255619820217248e+02 1.414497209188898807e+02
2.718300000000000161e-01 1.072111969523976143e+02 1.120180930211879513e+02 1.194538638231440189e+02 1.271627593386420187e+02 1.324552190792056194e+02
2.803599999999999981e-01 1.003088762852185454e+02 1.048275810263512824e+02 1.118207809153441019e+02 1.190748657826150350e+02 1.240573740192748460e+02
2.891599999999999726e-01 9.447460556814996835e+01 9.874788274639328733e+01 1.053638734529550334e+02 1.122299391698061157e+02 1.169478025623831456e+02
2.982299999999999951e-01 8.971072757748790139e+01 9.378118730255349078e+01 1.000850535583837058e+02 1.066295571299655762e+02 1.111278266238817167e+02
3.075800000000000201e-01 8.548850327476390021e+01 8.937789522432359490e+01 9.540289809931097409e+01 1.016598504870953548e+02 1.059616093565473847e+02
3.172300000000000120e-01 8.118479867328025534e+01 8.489057162970080128e+01 9.063294679008005517e+01 9.659866627189208543e+01 1.007015095161964240e+02
3.271800000000000264e-01 7.654711862971096537e+01 8.005706345647818978e+01 8.549836205431141423e+01 9.115425463711729037e+01 9.504571387136853389e+01
3.374500000000000277e-01 7.183132886285906693e+01 7.514322133548250804e+01 8.028020633170589804e+01 8.562316193538509879e+01 8.930123788461099821e+01
3.480300000000000060e-01 6.749620687478272885e+01 7.062553475765102462e+01 7.548192364758949680e+01 8.053623358507691421e+01 8.401743430869501594e+01
3.589499999999999913e-01 6.376054808425252673e+01 6.673106190211453281e+01 7.134311469282974372e+01 7.614578165045119817e+01 7.945517871342097749e+01
3.702099999999999835e-01 6.044667642321466872e+01 6.327518105684980299e+01 6.766857219709943649e+01 7.224581885835382877e+01 7.540119219900482506e+01
3.818199999999999927e-01 5.721316822562526738e+01 5.990335414172466244e+01 6.408380939032504386e+01 6.844158995222038300e+01 7.144703584762150683e+01
3.937999999999999834e-01 5.391911503818023021e+01 5.646932110726193343e+01 6.043443474365936652e+01 6.457045230706815175e+01 6.742450245563436795e+01
4.061500000000000110e-01 5.071716459572135705e+01 5.313156469160958295e+01 5.688780065097231642e+01 6.080876258649657018e+01 6.351602335035934033e+01
4.188899999999999846e-01 4.780423613620726542e+01 5.009440643383909020e+01 5.365946024451068297e+01 5.738345109191646998e+01 5.995619044742657877e+01
4.320300000000000251e-01 4.518314806418923268e+01 4.736068929330274813e+01 5.075227931345547461e+01 5.429738909840942540e+01 5.674786879775935944e+01
4.455799999999999761e-01 4.269570365698475456e+01 4.476621020340618884e+01 4.799292949131493202e+01 5.136799010171658608e+01 5.370222902761595662e+01
4.595600000000000240e-01 4.025493700045134204e+01 4.222072549208716907e+01 4.528619063229560027e+01 4.849498902182591564e+01 5.071560637824030948e+01
4.739800000000000124e-01 3.792619504207171843e+01 3.979201583913731355e+01 4.270353205845552225e+01 4.575358665038456252e+01 4.786571169637227996e+01
4.888500000000000068e-01 3.578191330438184536e+01 3.755517481191808571e+01 4.032406958052200707e+01 4.322696001244372610e+01 4.523844955723743055e+01
5.041799999999999615e-01 3.378960313976991614e+01 3.547646199566136715e+01 3.811215757714537489e+01 4.087752635559373005e+01 4.279492862400861952e+01
5.200000000000000178e-01 3.188350030263234913e+01 3.348764062151690979e+01 3.599580624363822778e+01 3.862949227272165587e+01 4.045679290722966215e+01
5.363099999999999534e-01 3.006492250780610220e+01 3.159006940751735826e+01 3.397643466529331135e+01 3.648433574765919474e+01 3.822555879744891882e+01
5.531300000000000106e-01 2.836746557296405413e+01 2.981854135439519737e+01 3.209064126683443874e+01 3.448047055811848338e+01 3.614085502967755303e+01
5.704799999999999871e-01 2.677985525905008757e+01 2.816133213609484898e+01 3.032601387741644672e+01 3.260478173953293890e+01 3.418908996522748822e+01
5.883800000000000141e-01 2.527412434744869429e+01 2.658942824779689218e+01 2.865195151208662239e+01 3.082506026146458922e+01 3.233697165884755265e+01
6.068400000000000460e-01 2.385062692261078254e+01 2.510317756484025509e+01 2.706878908316919308e+01 2.914162360104088734e+01 3.058480344426121533e+01
6.258700000000000374e-01 2.251659218879516544e+01 2.371004649894704031e+01 2.558434705671714227e+01 2.756264375760513730e+01 2.894099008652514016e+01
6.454999999999999627e-01 2.126060390136466083e+01 2.239817482903352186e+01 2.418608857761028830e+01 2.607489479738278604e+01 2.739183953416155504e+01
6.657499999999999529e-01 2.007513760965993654e+01 2.115974502227074794e+01 2.286574935111951490e+01 2.466965734998224846e+01 2.592832454560187827e+01
6.866400000000000281e-01 1.896051020540212306e+01 1.999506127131177635e+01 2.162361003540031845e+01 2.334718305232320645e+01 2.455067432137777672e+01
7.081800000000000317e-01 1.791212655969864542e+01 1.889934715237588847e+01 2.045461752058436034e+01 2.210213659404249498e+01 2.325336245090813492e+01
7.303899999999999837e-01 1.692339244699961398e+01 1.786575430468750270e+01 1.935153652728147122e+01 2.092688916497994356e+01 2.202849422542103142e+01
7.532999999999999696e-01 1.599359259790712073e+01 1.689351665700053218e+01 1.831351976752588229e+01 1.982050617782593349e+01 2.087507345503446743e+01
7.769300000000000095e-01 1.511806938167676151e+01 1.597779439675991497e+01 1.733544964288643442e+01 1.877758701106386141e+01 1.978750802234046446e+01
8.013000000000000123e-01 1.429412266296445999e+01 1.511577481096983178e+01 1.641434067417250375e+01 1.779496883070292412e+01 1.876251436111888182e+01
8.264399999999999524e-01 1.351902580583772817e+01 1.430461513593159673e+01 1.554717149398926779e+01 1.686944643780813635e+01 1.779676185385836007e+01
8.523699999999999610e-01 1.278847095068515571e+01 1.353984328111188162e+01 1.472922031257971831e+01 1.599604451518404247e+01 1.688510414210951893e+01
8.790999999999999925e-01 1.210121740858419237e+01 1.282016334390758772e+01 1.395910605495087786e+01 1.517329406634292788e+01 1.602601213427901072e+01
9.066800000000000415e-01 1.145437232904606795e+01 1.214255853945141617e+01 1.323362118394066123e+01 1.439779102189519300e+01 1.521594755302010427e+01
9.351199999999999513e-01 1.084548586511942148e+01 1.150448537161143392e+01 1.255007986321869673e+01 1.366670511886207073e+01 1.445198277698261968e+01
9.644599999999999840e-01 1.027225083575819653e+01 1.090353944389514140e+01 1.190592835686586071e+01 1.297732912476861777e+01 1.373130596974929851e+01
9.947099999999999831e-01 9.732493424640480839e+00 1.033746457640194905e+01 1.129878544345160485e+01 1.232715513094239590e+01 1.305132393366104360e+01
1.025900000000000034e+00 9.224198263949766385e+00 9.804163298886772182e+00 1.072642799839138661e+01 1.171383144636838836e+01 1.240959769981765959e+01
1.058100000000000041e+00 8.745381783685312271e+00 9.301562306396492730e+00 1.018664389128210246e+01 1.113500204096267865e+01 1.180367248496142984e+01
1.091299999999999937e+00 8.294367575114046431e+00 8.827927752335558154e+00 9.677613199200639116e+00 1.058876120454363168e+01 1.123158565515540808e+01
1.125499999999999945e+00 7.869553089775321197e+00 8.381598852759577056e+00 9.197587218519029051e+00 1.007327179010205676e+01 1.069144089790712648e+01
1.160800000000000054e+00 7.469087138839505258e+00 7.960636396504559897e+00 8.744489904828576243e+00 9.586315100353143492e+00 1.018092115009026699e+01
1.197200000000000042e+00 7.091750124359312402e+00 7.563777481436713579e+00 8.316993216910788078e+00 9.126497884375185166e+00 9.698589732709361755e+00
1.234799999999999898e+00 6.735980895025045712e+00 7.189386800624351537e+00 7.913346596313538761e+00 8.691949464424721938e+00 9.242493160866033008e+00
1.273500000000000076e+00 6.400577863877614959e+00 6.836240873158516251e+00 7.532297633160889738e+00 8.281393559691434092e+00 8.811342251065196862e+00
1.313499999999999890e+00 6.084037478712863489e+00 6.502747360514635311e+00 7.172113488530084346e+00 7.892947806281997103e+00 8.403149813055348361e+00
1.354700000000000015e+00 5.785538117971063876e+00 6.188074449404919797e+00 6.831950760387738519e+00 7.525761985379147312e+00 8.017063920457351500e+00
1.397199999999999998e+00 5.503797172022429685e+00 5.890879096255042136e+00 6.510372552635227628e+00 7.178301473810214439e+00 7.651482630005062902e+00
1.441000000000000059e+00 5.237849985718626478e+00 5.610164157702330456e+00 6.206333207632771298e+00 6.849472503055055839e+00 7.305280403603906514e+00
1.486199999999999966e+00 4.986609438385444015e+00 5.344791374725484268e+00 5.918615074810857024e+00 6.537974787917383068e+00 6.977100054178483113e+00
1.532799999999999940e+00 4.749299849120213857e+00 5.093959602477064585e+00 5.646379155532414096e+00 6.242932021817241939e+00 6.666040783460562835e+00
1.580899999999999972e+00 4.525030235167092130e+00 4.856735243820343939e+00 5.388625618284327956e+00 5.963275346907606966e+00 6.370986157920973447e+00
1.630500000000000060e+00 4.312916925268059920e+00 4.632207275055248985e+00 5.144403069016633800e+00 5.698013938147448165e+00 6.090919670953158338e+00
1.681699999999999973e+00 4.112265551706379973e+00 4.419646793644092853e+00 4.912928774307322222e+00 5.446308782782362634e+00 5.824963424727648054e+00
1.734399999999999942e+00 3.922477044518998035e+00 4.218447811525637192e+00 4.693589202664223414e+00 5.207542470405690516e+00 5.572499606539045303e+00
1.788799999999999946e+00 3.742852431622292642e+00 4.027865989000273927e+00 4.485567789447435949e+00 4.980821057514579486e+00 5.332579745649062453e+00
1.844899999999999984e+00 3.572689783181276724e+00 3.847179014451785228e+00 4.288112457598225014e+00 4.765363810926615429e+00 5.104404700146303320e+00
1.902800000000000047e+00 3.411489316204538991e+00 3.675861674824788761e+00 4.100658314570909013e+00 4.560564314376350126e+00 4.887339347646630472e+00
1.962499999999999911e+00 3.258541967328713707e+00 3.513185151918569726e+00 3.922447865155789692e+00 4.365637684223087511e+00 4.680581340856065253e+00
2.024000000000000021e+00 3.113621713558897941e+00 3.358915570745953261e+00 3.753235618894077419e+00 4.180327097864325658e+00 4.483866511771055663e+00
2.087499999999999911e+00 2.976048643077763511e+00 3.212335974407843686e+00 3.592246349170264530e+00 4.003795736434025976e+00 4.296315091292863819e+00
2.153000000000000025e+00 2.845499789678904268e+00 3.073114753357277351e+00 3.439136104371470992e+00 3.835688164516692034e+00 4.117564528362676946e+00
2.220600000000000129e+00 2.721359879298616224e+00 2.940612667583039297e+00 3.293229153374873874e+00 3.675291548235205319e+00 3.946876936335440345e+00
2.290200000000000014e+00 2.603491701404236913e+00 2.814695933571988995e+00 3.154398658848034831e+00 3.522488337234892519e+00 3.784142355006620662e+00
2.362099999999999866e+00 2.491338186265683152e+00 2.694770695842347408e+00 3.021992095073644524e+00 3.376563005740807366e+00 3.628600777390232235e+00
2.436199999999999921e+00 2.384679351960846017e+00 2.580618921477818350e+00 2.895796384650566768e+00 3.237310051438924141e+00 3.480053307790667905e+00
2.512599999999999945e+00 2.283150749525776124e+00 2.471860095350482123e+00 2.775406282591561080e+00 3.104298764235846164e+00 3.338051863806370090e+00
2.591400000000000148e+00 2.186458779933870833e+00 2.368187020448598634e+00 2.660493592353608161e+00 2.977179246324621165e+00 3.202231703310175259e+00
2.672699999999999854e+00 2.094293530459802266e+00 2.269276694515203641e+00 2.550715271848325028e+00 2.855587958566127682e+00 3.072215385502384155e+00
2.756499999999999950e+00 2.006436940628929744e+00 2.174906171197971805e+00 2.445841671139436180e+00 2.739289383590497895e+00 2.947763993722730014e+00
2.842999999999999972e+00 1.922586231598229611e+00 2.084755040710935869e+00 2.345524568179240710e+00 2.627905817651190024e+00 2.828479226425847148e+00
2.932199999999999918e+00 1.842561453801687010e+00 1.998639959431514512e+00 2.249576190614360094e+00 2.521245936851274738e+00 2.714167924775598095e+00
3.024199999999999999e+00 1.766141195176568202e+00 1.916330025978644658e+00 2.157751115133622388e+00 2.419049475537440319e+00 2.604559764115594866e+00
3.119000000000000217e+00 1.693157526764322185e+00 1.837653922742823909e+00 2.069873506774148719e+00 2.321136828575289801e+00 2.499473077897234496e+00
3.216899999999999871e+00 1.623325794365761299e+00 1.762308118665153023e+00 1.985609768451231272e+00 2.227142171146588190e+00 2.398519322042636404e+00
3.317800000000000082e+00 1.556549860278504172e+00 1.690199691100543689e+00 1.904873192916704205e+00 2.136986789323773284e+00 2.301626156038457438e+00
3.421899999999999942e+00 1.492638653788724845e+00 1.621125972558403960e+00 1.827442797052900358e+00 2.050430260091674839e+00 2.208539561061697576e+00
3.529199999999999893e+00 1.431469456042185229e+00 1.554962481858858103e+00 1.753192018139482666e+00 1.967344666725060698e+00 2.119131149032615902e+00
3.639899999999999913e+00 1.372857447825657662e+00 1.491514144677799303e+00 1.681909684384689241e+00 1.887501866012665896e+00 2.033160966652102442e+00
3.754100000000000215e+00 1.316683959958969474e+00 1.430657432989959066e+00 1.613464901367211324e+00 1.810763518940756267e+00 1.950485675023504673e+00
3.871799999999999908e+00 1.262842660788886961e+00 1.372284857825029514e+00 1.547748984328892519e+00 1.737020430636104562e+00 1.870996137227730838e+00
3.993300000000000072e+00 1.211164425483363782e+00 1.316215666872039280e+00 1.484562648014308150e+00 1.666053431777142269e+00 1.794459153184699840e+00
4.118599999999999817e+00 1.161572583053136265e+00 1.262373011102734921e+00 1.423829305613927287e+00 1.597786863156490433e+00 1.720800064392398188e+00
4.247799999999999798e+00 1.113977192468079691e+00 1.210663280335614544e+00 1.365449775532472154e+00 1.532115889954718480e+00 1.649910218054285060e+00
4.381000000000000227e+00 1.068271343943976603e+00 1.160975991082211056e+00 1.309308243393111360e+00 1.468919397109451630e+00 1.581664974735050855e+00
4.518399999999999750e+00 1.024360200920179986e+00 1.113210373258744168e+00 1.255294555289108382e+00 1.408077242036184673e+00 1.515937180022732811e+00
4.660199999999999676e+00 9.821450937400442172e-01 1.067262523653654371e+00 1.203296618736837020e+00 1.349468713051805491e+00 1.452600120670030748e+00
4.806400000000000006e+00 9.415646102473557155e-01 1.023071290427865820e+00 1.153254111825812611e+00 1.293034842705222287e+00 1.391596016094779342e+00
4.957099999999999618e+00 9.025583887374405423e-01 9.805738217738477758e-01 1.105100363317288670e+00 1.238705015939664200e+00 1.332851535432901802e+00
5.112599999999999589e+00 8.650209196763036790e-01 9.396579384530160395e-01 1.058712584994666583e+00 1.186345063387044929e+00 1.276224463023627020e+00
5.272999999999999687e+00 8.289054751858072612e-01 9.002752607307267230e-01 1.014039892991054792e+00 1.135901538478770068e+00 1.221659591509951737e+00
5.438399999999999679e+00 7.941643326321827789e-01 8.623763510581691216e-01 9.710302277926786685e-01 1.087319667057145223e+00 1.169100262148405900e+00
5.608999999999999986e+00 7.607150324181584100e-01 8.258754105172795290e-01 9.295925983392265834e-01 1.040502995157425392e+00 1.118446194825627016e+00
5.785000000000000142e+00 7.285109378423975102e-01 7.907226315617821299e-01 8.896721068649581232e-01 9.953910890708734804e-01 1.069632988726260781e+00
5.966400000000000148e+00 6.975223312788476626e-01 7.568886876346496706e-01 8.512401762377146408e-01 9.519562707639482868e-01 1.022633617317927124e+00
6.153599999999999959e+00 6.676707676073140307e-01 7.242891374897292289e-01 8.142026859133336680e-01 9.100938558494002795e-01 9.773358244889041035e-01
6.346599999999999575e+00 6.389361238150967903e-01 6.929043638845904240e-01 7.785408810487323139e-01 8.697860241709768347e-01 9.337224194359526885e-01
6.545700000000000074e+00 6.112601347016399789e-01 6.626722817409173016e-01 7.441865010897119603e-01 8.309577405479779966e-01 8.917134786591648377e-01
6.751000000000000334e+00 5.846145448657736887e-01 6.335637094331084684e-01 7.111088474723071817e-01 7.935765747871904585e-01 8.512752604337283646e-01
6.962799999999999656e+00 5.589499483617568210e-01 6.055259207561849433e-01 6.792497857061837729e-01 7.575784039498755229e-01 8.123392876451365208e-01
7.181199999999999584e+00 5.342422286349917115e-01 5.785339832439508889e-01 6.485829998106794614e-01 7.229352707871465888e-01 7.748763262597299084e-01
7.406500000000000306e+00 5.104495923694679638e-01 5.525431121947539381e-01 6.190587878960909229e-01 6.895919729971833334e-01 7.388271443142576667e-01
7.638799999999999812e+00 4.875506262567106397e-01 5.275310982763219414e-01 5.906535485767306914e-01 6.575232104470172256e-01 7.041650989966449226e-01
7.878499999999999837e+00 4.654995448230247468e-01 5.034485949494420520e-01 5.633120753945799475e-01 6.266672272778267549e-01 6.708236474954022421e-01
8.125600000000000378e+00 4.442868581799570560e-01 4.802862093371942920e-01 5.370249798579962430e-01 5.970144007771448491e-01 6.387928397876384556e-01
8.380499999999999616e+00 4.238728275046279026e-01 4.580008566105650547e-01 5.117436350089561437e-01 5.685098709547183882e-01 6.080132428602108563e-01
8.643399999999999750e+00 4.042350765096721643e-01 4.365686343631930422e-01 4.874415099811256202e-01 5.411240072377625498e-01 5.784528638393540145e-01
8.914500000000000313e+00 3.853519221983819354e-01 4.159663010790832782e-01 4.640926695624443821e-01 5.148276914423441930e-01 5.500801585435350916e-01
9.194200000000000372e+00 3.671905479568330910e-01 3.961582628392860683e-01 4.416568706981512937e-01 4.895753946003207346e-01 5.228456917529041847e-01
9.482599999999999696e+00 3.497392064382587318e-01 3.771318728122687869e-01 4.201198093344463702e-01 4.653507312427829223e-01 4.967314280819575822e-01
9.779999999999999361e+00 3.329740904099408039e-01 3.588611931557570967e-01 3.994519202143342329e-01 4.421199417783768792e-01 4.717004737838551565e-01
1.008699999999999974e+01 3.168581134311075909e-01 3.413057148522420925e-01 3.796070142538883752e-01 4.198304592298404136e-01 4.476956034069989876e-01
1.040300000000000047e+01 3.014135762291834664e-01 3.244900035722414477e-01 3.606130060444993624e-01 3.985134373192044110e-01 4.247500461778142000e-01
1.073000000000000043e+01 2.865447232617566176e-01 3.083088656548479412e-01 3.423494937398220417e-01 3.780319929862891448e-01 4.027152221553083056e-01
1.106600000000000072e+01 2.723320882206884952e-01 2.928505132469434447e-01 3.249166051305488190e-01 3.584985913207977548e-01 3.817120318191322137e-01
1.141300000000000026e+01 2.586855108692927563e-01 2.780160225443075173e-01 3.082012973637845432e-01 3.397848962558157604e-01 3.616012927708839864e-01
1.177100000000000080e+01 2.456016867373257695e-01 2.638016084761498625e-01 2.921987892579840929e-01 3.218847775323371851e-01 3.423757726739555252e-01
1.214100000000000001e+01 2.330435603734870020e-01 2.501664112361757231e-01 2.768619971741160812e-01 3.047443014295444508e-01 3.239766248088582490e-01
1.252100000000000080e+01 2.210687766214056160e-01 2.371729312941458778e-01 2.622608365611624470e-01 2.884409324522751450e-01 3.064864144265567747e-01
1.291399999999999970e+01 2.095773958304348594e-01 2.247118524943713946e-01 2.482710041330777329e-01 2.728342868952676747e-01 2.897534403692574312e-01
1.331900000000000084e+01 1.985950126533989890e-01 2.128105743050305032e-01 2.349225350263127732e-01 2.579569441207429370e-01 2.738119287576196714e-01
1.373700000000000010e+01 1.880890105882004615e-01 2.014331467740198278e-01 2.221740422071621368e-01 2.437615637176950290e-01 2.586102904105661571e-01
1.416799999999999926e+01 1.780540588659559054e-01 1.905732510852933270e-01 2.100174709086775893e-01 2.302380573350849557e-01 2.441369217985496221e-01
1.461200000000000010e+01 1.684825156037430272e-01 1.802220379064433664e-01 1.984418999251433280e-01 2.173731286926035289e-01 2.303767810531997529e-01
1.507099999999999973e+01 1.593269420788173962e-01 1.703275180259515853e-01 1.873880575194252496e-01 2.050996918453794615e-01 2.172572856289775867e-01
1.554400000000000048e+01 1.506022535628856740e-01 1.609053179615151929e-01 1.768725327079400111e-01 1.934351814548564696e-01 2.047963727101664022e-01
1.603099999999999881e+01 1.422994010990993596e-01 1.519450588777946642e-01 1.668827240667968836e-01 1.823645119310464136e-01 1.929771592749480458e-01
1.653399999999999892e+01 1.343778635575101632e-01 1.434023383844689470e-01 1.573680485146969343e-01 1.718305029485823199e-01 1.817378393590358965e-01
1.705300000000000082e+01 1.268326769071927984e-01 1.352712728801969411e-01 1.483210732711024993e-01 1.618239767093293535e-01 1.710679632924580473e-01
1.758800000000000097e+01 1.196569813058417642e-01 1.275439106551434776e-01 1.397320400488319958e-01 1.523331717073157787e-01 1.609543231491653847e-01
1.813899999999999935e+01 1.128422963929736622e-01 1.202105538820054387e-01 1.315892578307380212e-01 1.433442063911107567e-01 1.513814636657875023e-01
1.870799999999999841e+01 1.063570137930875126e-01 1.132366261600620122e-01 1.238534452122094093e-01 1.348127929838509320e-01 1.423015880202265493e-01
1.929500000000000171e+01 1.001954238423244520e-01 1.066154892474855953e-01 1.165164422252950444e-01 1.267290911294143008e-01 1.337036399401228259e-01
1.990099999999999980e+01 9.434099180597528556e-02 1.003288838258564464e-01 1.095572358426998710e-01 1.190691279602170971e-01 1.255615508721752982e-01
2.052499999999999858e+01 8.879585802814070339e-02 9.437864484555467948e-02 1.029771125636020773e-01 1.118335223184012961e-01 1.178754181779515242e-01
2.116900000000000048e+01 8.353466069411505379e-02 8.873707631074162494e-02 9.674468923392849640e-02 1.049869701666648475e-01 1.106071853026986823e-01
2.183299999999999841e+01 7.855068603805458183e-02 8.339655039671491077e-02 9.085085451717989091e-02 9.851872744281223171e-02 1.037449269397870966e-01
2.251800000000000068e+01 7.382948274885434148e-02 7.834116630684243021e-02 8.527739598571064394e-02 9.240809133435409772e-02 9.726617237862496268e-02
2.322400000000000020e+01 6.936394156103753428e-02 7.356291115374401224e-02 8.001483821864718848e-02 8.664397951768268435e-02 9.115867957604810445e-02
2.395200000000000173e+01 6.514045960540840174e-02 6.904684648514870793e-02 7.504611151831994120e-02 8.120702415333587443e-02 8.540145010369874778e-02
2.470400000000000063e+01 6.114149018310059691e-02 6.477385150870687558e-02 7.034959990987750544e-02 7.607294155444423167e-02 7.996832211084255182e-02
2.547899999999999920e+01 5.736613752793315313e-02 6.074263010617381858e-02 6.592332447691158503e-02 7.123895939408185496e-02 7.485592956512050755e-02
2.627799999999999869e+01 5.380244664486789202e-02 5.694007960125823525e-02 6.175234822763580461e-02 6.668816347737013817e-02 7.004596033798790589e-02
2.710200000000000031e+01 5.043935735186100278e-02 5.335407990681219348e-02 5.782285478450172045e-02 6.240490898164910427e-02 6.552147858005456793e-02
2.795200000000000173e+01 4.726658282216654461e-02 4.997335868767048550e-02 5.412199436402762714e-02 5.837464785549694585e-02 6.126673963401948336e-02
2.882900000000000063e+01 4.427450138755827796e-02 4.678737446617382140e-02 5.063775319095539795e-02 5.458378395265719996e-02 5.726703513701768278e-02
2.973400000000000176e+01 4.145406703040331597e-02 4.378621962830295256e-02 4.735884499170887191e-02 5.101955263792756073e-02 5.350856422022405579e-02
3.066600000000000037e+01 3.880217349362602430e-02 4.096631934144044640e-02 4.428092521976512153e-02 4.767676436116757843e-02 4.998553698222144015e-02
3.162800000000000011e+01 3.630433058256424955e-02 3.831200854820508706e-02 4.138647995584205513e-02 4.453596031795049176e-02 4.667715020844380447e-02
3.262100000000000222e+01 3.395294595270111765e-02 3.581498168467371623e-02 3.866606936611236001e-02 4.158649713072468113e-02 4.357192467668981328e-02
3.364399999999999835e+01 3.174488598979685605e-02 3.347168030717074388e-02 3.611544851120668254e-02 3.882339220335528224e-02 4.066436206019783534e-02
3.469899999999999807e+01 2.967022390568358273e-02 3.127134947698267942e-02 3.372256283966305196e-02 3.623323097055361486e-02 3.794011175099692990e-02
3.578799999999999670e+01 2.772017240375980809e-02 2.920446658823677710e-02 3.147673791947795674e-02 3.380413627091203438e-02 3.538647000492793626e-02
3.690999999999999659e+01 2.589155975245791691e-02 2.726747774949636258e-02 2.937381353994434827e-02 3.153130854797636662e-02 3.299819551265344153e-02
3.806799999999999784e+01 2.417466606490187991e-02 2.544990719399296830e-02 2.740213946082933893e-02 2.940188033562676773e-02 3.076158795514115710e-02
3.926200000000000045e+01 2.256502253675723990e-02 2.374685825224180646e-02 2.555615032290134425e-02 2.740959016711027457e-02 2.866990838827123897e-02
4.049399999999999977e+01 2.105556142692507904e-02 2.215069892085865313e-02 2.382733964980539992e-02 2.554502741021980397e-02 2.671312837308175217e-02
4.176400000000000290e+01 1.964202740158694366e-02 2.065678698805098815e-02 2.221046464879437854e-02 2.380232752003456909e-02 2.488495822196003238e-02
4.307399999999999807e+01 1.831804288695220925e-02 1.925825082039960001e-02 2.069789111861792402e-02 2.217307043914799533e-02 2.317644191746135590e-02
4.442499999999999716e+01 1.707870436022862481e-02 1.794979086214218422e-02 1.928370850255542446e-02 2.065071617926504677e-02 2.158061030026646801e-02
4.581900000000000261e+01 1.591850336249868089e-02 1.672548203314379658e-02 1.796135049387356797e-02 1.922803912788282124e-02 2.008978872182131878e-02
4.725600000000000023e+01 1.483385082466134181e-02 1.558143679093745675e-02 1.672647001876070155e-02 1.790021964528603141e-02 1.869883570031311004e-02
4.873899999999999721e+01 1.381908004858595738e-02 1.451158705523038217e-02 1.557238285625915306e-02 1.665994137609172823e-02 1.740000492145705666e-02
5.026800000000000068e+01 1.287097062887502391e-02 1.351245501812655021e-02 1.449521587630292659e-02 1.550292552458242511e-02 1.618874169464396343e-02
