# s8 = 0.8195 
#  k, 0.95*s8, 0.97*s8, 1.*s8, 1.03*s8, 1.05*s8
1.017799999999999979e-05 6.311197698147430479e+00 6.579729544805448249e+00 6.993016840052554528e+00 7.418891565611754224e+00 7.709801066157941918e+00
1.049699999999999962e-05 6.502183213766185688e+00 6.778841203138621374e+00 7.204635139907133556e+00 7.643397419927477898e+00 7.943110241747613820e+00
1.082599999999999935e-05 6.698952517870560008e+00 6.983982741345608147e+00 7.422662069662671058e+00 7.874702189705127253e+00 8.183484931803093332e+00
1.116599999999999948e-05 6.901626106053997844e+00 7.195279781923777485e+00 7.647231142442104890e+00 8.112947519016827869e+00 8.431072334542419000e+00
1.151599999999999952e-05 7.110444969503405765e+00 7.412983569867871658e+00 7.878609384491306322e+00 8.358416696006827351e+00 8.686166846401665254e+00
1.187699999999999996e-05 7.325529603812225510e+00 7.637219727675262249e+00 8.116930308933214988e+00 8.611251364747246839e+00 8.948915665598867974e+00
1.224999999999999960e-05 7.547121000167366311e+00 7.868239500340693304e+00 8.362460942013701271e+00 8.871734813382335716e+00 9.219613188570104256e+00
1.263399999999999965e-05 7.775460149755722306e+00 8.106294132858900880e+00 8.615468309978638217e+00 9.140150330056336259e+00 9.498553811751451192e+00
1.303099999999999941e-05 8.010667548170747665e+00 8.351509247727264551e+00 8.876085925950967237e+00 9.416639558841376711e+00 9.785884733360941112e+00
1.343899999999999957e-05 8.253104682192791586e+00 8.604261712437892839e+00 9.144714329299493016e+00 9.701627431953831149e+00 1.008204754805269054e+01
1.386099999999999993e-05 8.502771551821853180e+00 8.864551526990787522e+00 9.421353520024217332e+00 9.995113949393692465e+00 1.038704225582669949e+01
1.429600000000000001e-05 8.760029643838290525e+00 9.132755558878059787e+00 9.706404037493950199e+00 1.029752404337733118e+01 1.070131045133707914e+01
1.474399999999999978e-05 9.024999453835546248e+00 9.408999430597079439e+00 9.999999394831627697e+00 1.060899935797687199e+01 1.102499933280187250e+01
1.520700000000000026e-05 9.298042468593973098e+00 9.693660009639964770e+00 1.030254013140606517e+01 1.092996482540869074e+01 1.135855049487518365e+01
1.568400000000000095e-05 9.579399679300466985e+00 9.986988541001451836e+00 1.061429327346312235e+01 1.126070373381702616e+01 1.170225833399309323e+01
1.617599999999999895e-05 9.869191581548488301e+00 1.028911064717891932e+01 1.093539233412574774e+01 1.160135772727401005e+01 1.205627004837363891e+01
1.668299999999999934e-05 1.016777966211838091e+01 1.060040319566446954e+01 1.126623785276275136e+01 1.195235173799600048e+01 1.242102723267093367e+01
1.720600000000000094e-05 1.047540491219705139e+01 1.092111743145286162e+01 1.160709685562000004e+01 1.231396905412726106e+01 1.279682428332105282e+01
1.774599999999999916e-05 1.079230832297139386e+01 1.125150459953881743e+01 1.195823636894336772e+01 1.268649296381202340e+01 1.318395559676006812e+01
1.830300000000000077e-05 1.111885138122176109e+01 1.159194156741446413e+01 1.232005693210167330e+01 1.307034839926666514e+01 1.358286276764209255e+01
1.887699999999999900e-05 1.145527507813505963e+01 1.194267958007454133e+01 1.269282557134078182e+01 1.346581864863543565e+01 1.399384019240321386e+01
1.946899999999999944e-05 1.180182040489817830e+01 1.230396988251379042e+01 1.307680931290656723e+01 1.387318700006257899e+01 1.441718226747949139e+01
2.008000000000000087e-05 1.215921033507182614e+01 1.267656620971643378e+01 1.347280923553664778e+01 1.429330331798083442e+01 1.485377218217915818e+01
2.070999999999999992e-05 1.252672189509530298e+01 1.305971482669825257e+01 1.388002426049341054e+01 1.472531773795745735e+01 1.530272674719398829e+01
2.135899999999999997e-05 1.290628301446381165e+01 1.345542569341717787e+01 1.430059059774383634e+01 1.517149656514643397e+01 1.576640113401258070e+01
2.202899999999999864e-05 1.329668873724284950e+01 1.386244258489949743e+01 1.473317311605856261e+01 1.563042335882652623e+01 1.624332336045456415e+01
2.271999999999999931e-05 1.369793906343242007e+01 1.428076550114522192e+01 1.517777181543758402e+01 1.610209811899773058e+01 1.673349342651993155e+01
2.343300000000000079e-05 1.411244390490151979e+01 1.471290689210176161e+01 1.563705695833963460e+01 1.658935372710251954e+01 1.723985529656944493e+01
2.416799999999999968e-05 1.454020326165015931e+01 1.515886675776912362e+01 1.611102854476471791e+01 1.709219018314088956e+01 1.776240897060310431e+01
2.492600000000000157e-05 1.498001217774382710e+01 1.561738887317359215e+01 1.659835144348346248e+01 1.760919104639160437e+01 1.829968246644051888e+01
2.570799999999999849e-05 1.543307560911703114e+01 1.608972946328888298e+01 1.710036078572524332e+01 1.814177275757590735e+01 1.885314776626208300e+01
2.651499999999999940e-05 1.589939355576976965e+01 1.657588852811498725e+01 1.761705657149004978e+01 1.868993531669379138e+01 1.942280487006777889e+01
2.734599999999999873e-05 1.638137592957104971e+01 1.707837851759933656e+01 1.815110906323662121e+01 1.925651160518773253e+01 2.001159774221837750e+01
2.820399999999999966e-05 1.687661281865186780e+01 1.759468698179450996e+01 1.869984799850622537e+01 1.983866874161525473e+01 2.061658241835311856e+01
2.908899999999999881e-05 1.738751413488122921e+01 1.812732637064792129e+01 1.926594363975759094e+01 2.043923960741883050e+01 2.124070286283274811e+01
3.000099999999999956e-05 1.791287492232462597e+01 1.867504045918585831e+01 1.984806085576135359e+01 2.105680776187721648e+01 2.188248709347689314e+01
3.094299999999999834e-05 1.845510509285106693e+01 1.924034169735575261e+01 2.044886990897624912e+01 2.169420608643289938e+01 2.254487907464631746e+01
3.191299999999999752e-05 1.901299969052604411e+01 1.982197386018388485e+01 2.106703566817290607e+01 2.235001814036463585e+01 2.322640682416063385e+01
3.291399999999999692e-05 1.958896862721857701e+01 2.042244939761768308e+01 2.170522839581006025e+01 2.302707680511489130e+01 2.393001430638059190e+01
3.394699999999999871e-05 2.018060199105964969e+01 2.103925585970972634e+01 2.236077782942897940e+01 2.372254919924120031e+01 2.465275755694544557e+01
3.501200000000000292e-05 2.079151464985277897e+01 2.167616192138114428e+01 2.303768936271776013e+01 2.444068464490727166e+01 2.539905252239632816e+01
3.610999999999999816e-05 2.142050164766345333e+01 2.233191135765822111e+01 2.373462786444703454e+01 2.518006670139186198e+01 2.616742722055286308e+01
3.724300000000000239e-05 2.206876794042617007e+01 2.300776039351466906e+01 2.445292846584617763e+01 2.594211180941620754e+01 2.695935363359541270e+01
3.841100000000000205e-05 2.273631352814094697e+01 2.370370902895049525e+01 2.519259116691517519e+01 2.672681996898031187e+01 2.777483176152398059e+01
3.961600000000000153e-05 2.342434336674227424e+01 2.442101348893940127e+01 2.595495109888340934e+01 2.753560762080541124e+01 2.861533358651896108e+01
4.085900000000000301e-05 2.413285745623015899e+01 2.515967377348139422e+01 2.674000826175086942e+01 2.836847476489150210e+01 2.948085910858033287e+01
4.213999999999999972e-05 2.486306075253910208e+01 2.592094610755018991e+01 2.754909778674693044e+01 2.922683784195981360e+01 3.037288030988849030e+01
4.346199999999999825e-05 2.561495325566911063e+01 2.670483049114577412e+01 2.838221967387158884e+01 3.011069685201036350e+01 3.129139719044341916e+01
4.482600000000000077e-05 2.638973992155466064e+01 2.751258314924185910e+01 2.924070905435419476e+01 3.102146823576436319e+01 3.223788173242549959e+01
4.623200000000000053e-05 2.718742075019578053e+01 2.834420408183845908e+01 3.012456592819477308e+01 3.195915199322183042e+01 3.321233393583473514e+01
4.768200000000000189e-05 2.801040565346146494e+01 2.920220573888298787e+01 3.103646055785203828e+01 3.292658100582523417e+01 3.421769776503187899e+01
4.917800000000000247e-05 2.885748967541722010e+01 3.008533189540173680e+01 3.197505781209664022e+01 3.392233883285332752e+01 3.525250123783655454e+01
5.072000000000000228e-05 2.973108272793205131e+01 3.099609500134211970e+01 3.294302795338730760e+01 3.494925835574859008e+01 3.631968831860950786e+01
5.231100000000000111e-05 3.062997985507143284e+01 3.193323883173042788e+01 3.393903585049466187e+01 3.600592313378978560e+01 3.741778702517036237e+01
5.395200000000000115e-05 3.155659096870440550e+01 3.289927583651410004e+01 3.496575176587744949e+01 3.709516604841938658e+01 3.854974132187988545e+01
5.564500000000000002e-05 3.251091606883093732e+01 3.389420601569310776e+01 3.602317569953566334e+01 3.821698709963738594e+01 3.971555120873806999e+01
5.738999999999999771e-05 3.349416011138555405e+01 3.491928559424118106e+01 3.711264278269867845e+01 3.937280272816501991e+01 4.091668866792528547e+01
5.919100000000000300e-05 3.450752805230273879e+01 3.597577079713202153e+01 3.823548814659584139e+01 4.056402937472351766e+01 4.215462568162190138e+01
6.104700000000000014e-05 3.555222484751701728e+01 3.706491784933934497e+01 3.939304692245654138e+01 4.179208348003414386e+01 4.343083423200832982e+01
6.296199999999999789e-05 3.662704554109387800e+01 3.818547052588946400e+01 4.058398397905139632e+01 4.305554860337561252e+01 4.474384233690416579e+01
6.493700000000000524e-05 3.773440004490232980e+01 3.933994127672973917e+01 4.181096957883914200e+01 4.435725762619044588e+01 4.609659396067016246e+01
6.697500000000000165e-05 3.887669827081135310e+01 4.053084255180765183e+01 4.307667398427852135e+01 4.570004342992108093e+01 4.749203306766706589e+01
6.907499999999999849e-05 4.005273526288648611e+01 4.175691812614946485e+01 4.437976206414014513e+01 4.708248957384628142e+01 4.892868767571452082e+01
7.124200000000000671e-05 4.126371597706219774e+01 4.301942422472890115e+01 4.572156894965341678e+01 4.850601249868729781e+01 5.040802976699287541e+01
7.347700000000000140e-05 4.251205032520752525e+01 4.432087329749337101e+01 4.710476490327702948e+01 4.997344508588659551e+01 5.193300330586293256e+01
7.578200000000000051e-05 4.379773830732244022e+01 4.566126534444286733e+01 4.852934992501101163e+01 5.148478733544421004e+01 5.350360829232464965e+01
7.815899999999999486e-05 4.512198487934146129e+01 4.704185659055112012e+01 4.999665914608473116e+01 5.304145568808128530e+01 5.512131670855843169e+01
8.061100000000000459e-05 4.648719995313359021e+01 4.846515948576553257e+01 5.150936282895688834e+01 5.464628302524037906e+01 5.678907251892497499e+01
8.313999999999999342e-05 4.789217857276432966e+01 4.992991780511241728e+01 5.306612584239813657e+01 5.629785290620019822e+01 5.850540374124395981e+01
8.574800000000000640e-05 4.934053560603719291e+01 5.143990022351289326e+01 5.467095358009660799e+01 5.800041465312447286e+01 6.027472632205650882e+01
8.843799999999999589e-05 5.083347600888664886e+01 5.299636296594066920e+01 5.632518117328161367e+01 5.975538470673445346e+01 6.209851224354299148e+01
9.121199999999999339e-05 5.237099978131274014e+01 5.459930603239573799e+01 5.802880862195317491e+01 6.156276306703011869e+01 6.397676150570337228e+01
9.407300000000000547e-05 5.395431187924994987e+01 5.624998564785182253e+01 5.978317105734066672e+01 6.342396617473271192e+01 6.591094609071807042e+01
9.702399999999999805e-05 5.558582221456727979e+01 5.795091426225634734e+01 6.159093874190280360e+01 6.534182691128468434e+01 6.790400996294782487e+01
1.000699999999999957e-04 5.726673574319924143e+01 5.970334810058301400e+01 6.345344680686896766e+01 6.731776171740729353e+01 6.995742510457304775e+01
1.032099999999999961e-04 5.899825742108036053e+01 6.150854338780555253e+01 6.537203038346854100e+01 6.935318703382178285e+01 7.207266349777405878e+01
1.064400000000000041e-04 6.078159220414509178e+01 6.336775634889762898e+01 6.734802460293084891e+01 7.144951930124933881e+01 7.425119712473126299e+01
1.097799999999999959e-04 6.261915000426248668e+01 6.528349943380672471e+01 6.938409972771466983e+01 7.360959140113247656e+01 7.649596994980541353e+01
1.132299999999999984e-04 6.451334073330151853e+01 6.725828509248022158e+01 7.148292602027869691e+01 7.583623621491365441e+01 7.880992593735726359e+01
1.167800000000000034e-04 6.646295943532770423e+01 6.929085709994441800e+01 7.364316834939357648e+01 7.812803730187165741e+01 8.119159310520643658e+01
1.204400000000000056e-04 6.847282593407904017e+01 7.138624035609416296e+01 7.587016723997678014e+01 8.049066042489135953e+01 8.364685938207439619e+01
1.242199999999999999e-04 7.054173527362104323e+01 7.354317863595572646e+01 7.816258756079893999e+01 8.292268914325160267e+01 8.617425278578083692e+01
1.281200000000000134e-04 7.267450727769171692e+01 7.576669683942397171e+01 8.052576983677752764e+01 8.542978921983727503e+01 8.877966124504722245e+01
1.321399999999999918e-04 7.487114194629106123e+01 7.805679496649891291e+01 8.295971406791254310e+01 8.801196065464840501e+01 9.146308475987358122e+01
1.362799999999999895e-04 7.713404919128807080e+01 8.041598546712792484e+01 8.546709051666269374e+01 9.067203632912745093e+01 9.422746729462060955e+01
1.405599999999999959e-04 7.946563892455176870e+01 8.284678079125848171e+01 8.805056944548672959e+01 9.341284912471688529e+01 9.707575281364913167e+01
1.449599999999999945e-04 8.186711610201666645e+01 8.535043716386424251e+01 9.071148598561401855e+01 9.623581548213792303e+01 1.000094132991394673e+02
1.495099999999999966e-04 8.434089063555173027e+01 8.792946703489266724e+01 9.345251039950329641e+01 9.914376828283309351e+01 1.030313927154524123e+02
1.542000000000000076e-04 8.688937243702604007e+01 9.058638285429115911e+01 9.627631294961329900e+01 1.021395404082447556e+02 1.061446350269486913e+02
1.590399999999999952e-04 8.951376646237400792e+01 9.332244084703343390e+01 9.918422876717340841e+01 1.052245482990942520e+02 1.093506122158086669e+02
1.640300000000000135e-04 9.221889253533367992e+01 9.614266591301435483e+01 1.021815983771010394e+02 1.084044577182664995e+02 1.126552122107539020e+02
1.691700000000000083e-04 9.500354569997060139e+01 9.904580182726020610e+01 1.052670866481668668e+02 1.116778522250402119e+02 1.160569630296039776e+02
1.744799999999999964e-04 9.787375073595723052e+01 1.020381297146395099e+02 1.084473692365176873e+02 1.150518140230216204e+02 1.195632245832607765e+02
1.799500000000000101e-04 1.008295076432935673e+02 1.051196495751522662e+02 1.117224461421535437e+02 1.185263431122107107e+02 1.231739968717242988e+02
1.856000000000000119e-04 1.038744312897831605e+02 1.082941300837196223e+02 1.150963227587624971e+02 1.221056888147711419e+02 1.268936958415356600e+02
1.914200000000000070e-04 1.070109315872950191e+02 1.115640836902890527e+02 1.185716693488033400e+02 1.257926840121454575e+02 1.307252654570556842e+02
1.974300000000000122e-04 1.102414184476980950e+02 1.149320228448079177e+02 1.221511561747347230e+02 1.295901615857760873e+02 1.346716496826450395e+02
2.036200000000000054e-04 1.135695067387959227e+02 1.184017162221973507e+02 1.258387886302448209e+02 1.335023708578267190e+02 1.387372644648448556e+02
2.100100000000000035e-04 1.169976063724575681e+02 1.219756762724048116e+02 1.296372369777923268e+02 1.375321447097398391e+02 1.429250537680160278e+02
2.165900000000000117e-04 1.205317421283554467e+02 1.256601841202987941e+02 1.335531768735240234e+02 1.416865653451216076e+02 1.472423775030602542e+02
2.233899999999999872e-04 1.241707090505551037e+02 1.294539835409056252e+02 1.375852731862106566e+02 1.459642163232508949e+02 1.516877636877972577e+02
2.303999999999999896e-04 1.279060724475150721e+02 1.333482809594093226e+02 1.417241799972466083e+02 1.503551825590789122e+02 1.562509084469643597e+02
2.376199999999999916e-04 1.317739809972703426e+02 1.373807631250212182e+02 1.460099512435128588e+02 1.549019572742427329e+02 1.609759712459728860e+02
2.450800000000000049e-04 1.357382860217858820e+02 1.415137432885300086e+02 1.504025329881283994e+02 1.595620472471054256e+02 1.658187926194115676e+02
2.527599999999999856e-04 1.398351361990967803e+02 1.457849081991469689e+02 1.549419791679742673e+02 1.643779456993038934e+02 1.708235320326916451e+02
2.606899999999999994e-04 1.440524819698579790e+02 1.501816956071350546e+02 1.596149384707567833e+02 1.693354882236258447e+02 1.759754696640093243e+02
2.688699999999999922e-04 1.483903233340695351e+02 1.547041055124941806e+02 1.644214108964758907e+02 1.744346748200713080e+02 1.812746055133647189e+02
2.773100000000000131e-04 1.528607098510763933e+02 1.593647001649615049e+02 1.693747477574253537e+02 1.796896698958526031e+02 1.867356594025614527e+02
2.860000000000000129e-04 1.574636415208786389e+02 1.641634795645370559e+02 1.744749490536051439e+02 1.851004734509696732e+02 1.923586313315996676e+02
2.949800000000000252e-04 1.622111679028212734e+02 1.691130059609579632e+02 1.797353660973089120e+02 1.906812498926349804e+02 1.981582411222830729e+02
3.042300000000000061e-04 1.670912394375592385e+02 1.742007171044869835e+02 1.851426475762429220e+02 1.964178348136361762e+02 2.041197689528078172e+02
3.137699999999999994e-04 1.721279552437826226e+02 1.794517374945984329e+02 1.907234961149945605e+02 2.023385570283977586e+02 2.102726544667815176e+02
3.236199999999999949e-04 1.773092657621464241e+02 1.848535048815551818e+02 1.964645604012702336e+02 2.084292521297076348e+02 2.166021778424004935e+02
3.337699999999999977e-04 1.826351709926505578e+02 1.904060192653572585e+02 2.023658404350698845e+02 2.146899201175656628e+02 2.231083390796645176e+02
3.442399999999999974e-04 1.881297700539851689e+02 1.961344051454788655e+02 2.084540388409808145e+02 2.211488898063965394e+02 2.298205778221813205e+02
3.550399999999999888e-04 1.937810133868051707e+02 2.020261002721829016e+02 2.147158043067093445e+02 2.277919967889879729e+02 2.367241742481470794e+02
3.661700000000000263e-04 1.996130001098007085e+02 2.081062291449434838e+02 2.211778394568428894e+02 2.346475698797646317e+02 2.438485680011692978e+02
3.776599999999999857e-04 2.056016311042816085e+02 2.143496672642864951e+02 2.278134416667940343e+02 2.416872802643017621e+02 2.511643194376404153e+02
3.895099999999999756e-04 2.117710054889380160e+02 2.207815391296862231e+02 2.346493135611502225e+02 2.489394567570242316e+02 2.587008682011680776e+02
4.017199999999999959e-04 2.181331728231149611e+02 2.274144069908796268e+02 2.416988064522049058e+02 2.564182637651441610e+02 2.664729341135558798e+02
4.143300000000000260e-04 2.246760835474672717e+02 2.342357085981296336e+02 2.489485690276646039e+02 2.641095368814494009e+02 2.744657973530001982e+02
4.273200000000000219e-04 2.314117872213402336e+02 2.412580062011734867e+02 2.564119525998229960e+02 2.720274405131521576e+02 2.826941777413048271e+02
4.407300000000000171e-04 2.383402838447336478e+02 2.484812998000110156e+02 2.640889571686799400e+02 2.801719746602525447e+02 2.911580752784696529e+02
4.545500000000000170e-04 2.454856725363376597e+02 2.559307138941164794e+02 2.720062853588228791e+02 2.885714681371752022e+02 2.998869296081022640e+02
4.688100000000000058e-04 2.528238541774621240e+02 2.635811239840156759e+02 2.801372345456644553e+02 2.971975921294954333e+02 3.088513010865950719e+02
4.835199999999999785e-04 2.603909774461423012e+02 2.714702168189199938e+02 2.885218586660856204e+02 3.060928398588502546e+02 3.180953491793594026e+02
4.986899999999999840e-04 2.681749927830329057e+02 2.795854301490922467e+02 2.971468064077927238e+02 3.152430469180273462e+02 3.276043540645915755e+02
5.143300000000000172e-04 2.761879497474791947e+02 2.879393262242695073e+02 3.060254290830795298e+02 3.246623777142390850e+02 3.373930355640952143e+02
5.304599999999999593e-04 2.844298483394812251e+02 2.965319050444519462e+02 3.151577266919458680e+02 3.343508322474853571e+02 3.474613936778703760e+02
5.471000000000000169e-04 2.929127381183836860e+02 3.053757288593764656e+02 3.245570505466856162e+02 3.443225749249787100e+02 3.578241482277209116e+02
5.642600000000000220e-04 3.016366190841869752e+02 3.144707976690432361e+02 3.342234006472986039e+02 3.545776057467190299e+02 3.684812992136466505e+02
5.819700000000000133e-04 3.106255903555809255e+02 3.238422359729263462e+02 3.441834796183721323e+02 3.651442535271310135e+02 3.794622862792552382e+02
6.002200000000000504e-04 3.198676023732203930e+02 3.334774815212887802e+02 3.544239361476126078e+02 3.760083538590022840e+02 3.907523896027430510e+02
6.190500000000000039e-04 3.293747046964507490e+02 3.433890965638674970e+02 3.649581215473137945e+02 3.871840711495452183e+02 4.023663290059135420e+02
6.384700000000000314e-04 3.391589468846166255e+02 3.535896433503997969e+02 3.757993871297691726e+02 3.986855698059721362e+02 4.143188243105705624e+02
6.585000000000000141e-04 3.492203289377184774e+02 3.640791218808856229e+02 3.869477328949789694e+02 4.105128498282831515e+02 4.266098755167142258e+02
6.791500000000000011e-04 3.595709004151009367e+02 3.748700944050621047e+02 3.984165101552365513e+02 4.226800756236903567e+02 4.392542024461482697e+02
7.004599999999999715e-04 3.702106613167642877e+02 3.859625609229290717e+02 4.102057189105420889e+02 4.351872471921941496e+02 4.522518050988727509e+02
7.224300000000000339e-04 3.811637107613983630e+02 3.973816459339610105e+02 4.223420617854829970e+02 4.480626933482187724e+02 4.656321231184950875e+02
7.450900000000000101e-04 3.924300487490033333e+02 4.091273494381576370e+02 4.348255387800591620e+02 4.613064140917647364e+02 4.793951565050151657e+02
7.684599999999999981e-04 4.040096752795791986e+02 4.211996714355191784e+02 4.476561498942705271e+02 4.749184094228315871e+02 4.935409052584332130e+02
7.925700000000000366e-04 4.159146399124707614e+02 4.336111741757826508e+02 4.608472464404107996e+02 4.889128437486318717e+02 5.080840892005529668e+02
8.174299999999999579e-04 4.281449426476782492e+02 4.463618576589479403e+02 4.743988284184800932e+02 5.032897170691654765e+02 5.230247083313744270e+02
8.430799999999999579e-04 4.407367321632368089e+02 4.594894086342265496e+02 4.883509497653593030e+02 5.180915226060697023e+02 5.384069221163086922e+02
8.695200000000000368e-04 4.536659093404560963e+02 4.729687026021443330e+02 5.026769078564611846e+02 5.332899315449196820e+02 5.542012909117485151e+02
8.968000000000000060e-04 4.669565732980265125e+02 4.868248640621752088e+02 5.174034053163728686e+02 5.489132727001399417e+02 5.704372543613010293e+02
9.249300000000000230e-04 4.806207735952927464e+02 5.010704552640565339e+02 5.325437934573881194e+02 5.649757104789430286e+02 5.871295322867705408e+02
9.539400000000000180e-04 4.946585102322550824e+02 5.157054762077882515e+02 5.480980722795069369e+02 5.814772448813290566e+02 6.042781246881565949e+02
9.838699999999999703e-04 5.090818327682583799e+02 5.307424891431074911e+02 5.640795930950231423e+02 5.984320403145101182e+02 6.218977513872630425e+02
1.014700000000000107e-03 5.239027907626476690e+02 5.461940563197510983e+02 5.805017072162303293e+02 6.158542611856986468e+02 6.400031322058937349e+02
1.046599999999999961e-03 5.391213842154232907e+02 5.620601777377194139e+02 5.973644146431283843e+02 6.337439074948948701e+02 6.585942671440491267e+02
1.079400000000000108e-03 5.547617122452750209e+02 5.783659778964866973e+02 6.146944180003046085e+02 6.521293080565232003e+02 6.777005958453360108e+02
1.113300000000000010e-03 5.708117252928576590e+02 5.950988945463154778e+02 6.324783659754654082e+02 6.709962984633713177e+02 6.973073984879506497e+02
1.148200000000000045e-03 5.872955224768613789e+02 6.122840521866802419e+02 6.507429611931983118e+02 6.903732075298639757e+02 7.174441147155010867e+02
1.184200000000000053e-03 6.042251533566314947e+02 6.299340130673178919e+02 6.695015549657965721e+02 7.102741996632133805e+02 7.381254643497907182e+02
1.221300000000000033e-03 6.216006179321675518e+02 6.480487771882287689e+02 6.887541472932604165e+02 7.306992748634199870e+02 7.593514473908196578e+02
1.259600000000000043e-03 6.394339657628152054e+02 6.666409067991497750e+02 7.085140894878836662e+02 7.516625975376957740e+02 7.811367836603918704e+02
1.299199999999999921e-03 6.577251968485736597e+02 6.857104019000807966e+02 7.287813815496659799e+02 7.731641676860408552e+02 8.034814731585069012e+02
1.339899999999999989e-03 6.764984103081335434e+02 7.052823869904963203e+02 7.495827261031951139e+02 7.952323141228797567e+02 8.264149555287726798e+02
1.381899999999999925e-03 6.957656557008397158e+02 7.253694243201331346e+02 7.709314744607643206e+02 8.178812012554247985e+02 8.499519505929926027e+02
1.425300000000000004e-03 7.155148834673474312e+02 7.459589516392543374e+02 7.928142753100802338e+02 8.410966646764641155e+02 8.740777385293633870e+02
1.469999999999999953e-03 7.357701927263461812e+02 7.670760934473343013e+02 8.152578312757295862e+02 8.649070332004217789e+02 8.988217589814919393e+02
1.516100000000000043e-03 7.565436330371815075e+02 7.887334119941097015e+02 8.382754936700071084e+02 8.893264712345106773e+02 9.241987317711830201e+02
1.563699999999999899e-03 7.778231548405079820e+02 8.109183450298436355e+02 8.618539111806181836e+02 9.143408143715179222e+02 9.501939370766316415e+02
1.612699999999999897e-03 7.996449068143608656e+02 8.336685793037477197e+02 8.860331377444445025e+02 9.399925558330808144e+02 9.768515343632499253e+02
1.663299999999999935e-03 8.219968393993954123e+02 8.569715525660844833e+02 9.107998220491915617e+02 9.662675312119871478e+02 1.004156803809233679e+03
1.715500000000000011e-03 8.448910021549561407e+02 8.808398270665909422e+02 9.361673154071535237e+02 9.931799049154493559e+02 1.032124465236387096e+03
1.769299999999999909e-03 8.683394446403887059e+02 9.052859650550045671e+02 9.621489691306244367e+02 1.020743841350679531e+03 1.060769238466513343e+03
1.824799999999999903e-03 8.923542164150373992e+02 9.303225287810624877e+02 9.887581345318976673e+02 1.048973504924889994e+03 1.090105843321416842e+03
1.882100000000000049e-03 9.169232679195577020e+02 9.559369559950271196e+02 1.015981460298678826e+03 1.077854731230868310e+03 1.120119559979293399e+03
1.941100000000000074e-03 9.420706982726395609e+02 9.821543711963729493e+02 1.043845649055556351e+03 1.107415849083039575e+03 1.150839828083750945e+03
2.001999999999999873e-03 9.678085570336280625e+02 1.008987336634837106e+03 1.072364052114823380e+03 1.137671022888616335e+03 1.182281367456592761e+03
2.064799999999999882e-03 9.941127450838328059e+02 1.036410727810945673e+03 1.101509966851892614e+03 1.168591923833172586e+03 1.214414738454211601e+03
2.129600000000000156e-03 1.021031460660634593e+03 1.064474793723646371e+03 1.131336798515938654e+03 1.200235209545558973e+03 1.247298820363822188e+03
2.196399999999999828e-03 1.048528555085997596e+03 1.093141847623728609e+03 1.161804493170080605e+03 1.232558386804138536e+03 1.280889453720013762e+03
2.265300000000000039e-03 1.076628127478612441e+03 1.122437014010666417e+03 1.192939753438905655e+03 1.265589784423335232e+03 1.315216078166393800e+03
2.336299999999999922e-03 1.105342227397823535e+03 1.152372855134196470e+03 1.224755930634707738e+03 1.299343566810360926e+03 1.350293413524765128e+03
2.409600000000000023e-03 1.134658805284286700e+03 1.182936808744582322e+03 1.257239673445193148e+03 1.333805569558005118e+03 1.386106739973325602e+03
2.485199999999999909e-03 1.164577861138001026e+03 1.214128874841823063e+03 1.290390981870361429e+03 1.368975792666266216e+03 1.422656057512073403e+03
2.563199999999999854e-03 1.195123494077657597e+03 1.245974177925393860e+03 1.324236558534800224e+03 1.404882564949569769e+03 1.459970805784617596e+03
2.643599999999999856e-03 1.226283654543910416e+03 1.278460155745556904e+03 1.358763052126216280e+03 1.441511722000702775e+03 1.498036264969153535e+03
2.726500000000000191e-03 1.257973995621344557e+03 1.311498872554152967e+03 1.393877003458553645e+03 1.478764112969179223e+03 1.536749396313055286e+03
2.811999999999999830e-03 1.290387310259480728e+03 1.345291324346975443e+03 1.429792033528510729e+03 1.516866368370396913e+03 1.576345716965182874e+03
2.900199999999999913e-03 1.323403102864868515e+03 1.379711888626653717e+03 1.466374629213150683e+03 1.555676844132231508e+03 1.616678028707498697e+03
2.991199999999999849e-03 1.357021373437507918e+03 1.414760565393186653e+03 1.503624790512474192e+03 1.595195540254684147e+03 1.657746331540003212e+03
3.085000000000000069e-03 1.391121626383948524e+03 1.450311732149205000e+03 1.541409004303543725e+03 1.635280812665629810e+03 1.699403427244656996e+03
3.181799999999999819e-03 1.425944852891090932e+03 1.486616633889449076e+03 1.579994296832233658e+03 1.676215949509316715e+03 1.741943712257537754e+03
3.281599999999999968e-03 1.461250061772034996e+03 1.523424025619177655e+03 1.619113641852670298e+03 1.717717662641498237e+03 1.785072790142569147e+03
3.384600000000000195e-03 1.497278244213680637e+03 1.560985152333132646e+03 1.659034065610726202e+03 1.760069240206420091e+03 1.829085057335826150e+03
3.490699999999999793e-03 1.533788409029127706e+03 1.599048769036572139e+03 1.699488541860529494e+03 1.802987394059835651e+03 1.873686117401233787e+03
3.600200000000000015e-03 1.570901051811826392e+03 1.637740498226867203e+03 1.740610583725015886e+03 1.846613768273868800e+03 1.919023168556829887e+03
3.713199999999999834e-03 1.608495676968326279e+03 1.676934717406646314e+03 1.782266678081247846e+03 1.890806718776396110e+03 1.964949012584575485e+03
3.829599999999999844e-03 1.646692780092078010e+03 1.716757049073281223e+03 1.824590338052164043e+03 1.935707889639541008e+03 2.011610847702510910e+03
3.949799999999999839e-03 1.685371865589630943e+03 1.757081870729400634e+03 1.867448050514826491e+03 1.981175636791179386e+03 2.058861475692596287e+03
4.073700000000000411e-03 1.724532933460985078e+03 1.797909182375003411e+03 1.910839815469235418e+03 2.027209960231311697e+03 2.106700896554832070e+03
4.201500000000000373e-03 1.764175983706140642e+03 1.839238984010091372e+03 1.954765632915390825e+03 2.073810859959938171e+03 2.155129110289218715e+03
4.333299999999999999e-03 1.804301016325097180e+03 1.881071275634663607e+03 1.999225502853292937e+03 2.120978335977058578e+03 2.204146116895755767e+03
4.469200000000000429e-03 1.844908031317855148e+03 1.923406057248720344e+03 2.044219425282942211e+03 2.168712388282673146e+03 2.253751916374443681e+03
4.609399999999999609e-03 1.885876533090963676e+03 1.966117706354889833e+03 2.089613887081400662e+03 2.216871372804657312e+03 2.303799310507244172e+03
4.754000000000000413e-03 1.927206521644423674e+03 2.009206222953172755e+03 2.135408888248668973e+03 2.265455289543012896e+03 2.354288299294157696e+03
4.903099999999999646e-03 1.968897996978234460e+03 2.052671607043569111e+03 2.181604428784747597e+03 2.314464138497738531e+03 2.405218882735184252e+03
5.056899999999999590e-03 2.010251180385496809e+03 2.095744163854484668e+03 2.227316824210412051e+03 2.362888685565206742e+03 2.455491348917458254e+03
5.215499999999999650e-03 2.052508899889726763e+03 2.139797792796789508e+03 2.274134139507114014e+03 2.412553441324331743e+03 2.507100909672045873e+03
5.379100000000000374e-03 2.095006019207710324e+03 2.184100912263934333e+03 2.321216460705585177e+03 2.462499172043515046e+03 2.559002342607406717e+03
5.547899999999999707e-03 2.137742473114025415e+03 2.228653449661760078e+03 2.368563703166900268e+03 2.512725779778027572e+03 2.611195540166323553e+03
5.721900000000000250e-03 2.180597777835496800e+03 2.273329794704421147e+03 2.416042366599725938e+03 2.563091633944905425e+03 2.663533318076835712e+03
5.901400000000000222e-03 2.223571858209881611e+03 2.318129863652526637e+03 2.463652353244229744e+03 2.613596621294894248e+03 2.716015551898691683e+03
6.086499999999999896e-03 2.266664664972096034e+03 2.363053600987020673e+03 2.511393597319847231e+03 2.664240664666217526e+03 2.768642156223981601e+03
6.277500000000000094e-03 2.309755682059381797e+03 2.407975360586201532e+03 2.559132556920235857e+03 2.714882085495557021e+03 2.821265894210715942e+03
6.474399999999999947e-03 2.352724441502664831e+03 2.452769548975642465e+03 2.606735750177816044e+03 2.765379273363657376e+03 2.873739602984805970e+03
6.677500000000000276e-03 2.395570876516045246e+03 2.497436090891779259e+03 2.654203087929197409e+03 2.815732123701197452e+03 2.926063166819292746e+03
6.886899999999999619e-03 2.438415382906389368e+03 2.542100496508249762e+03 2.701667950366701007e+03 2.866082124758518603e+03 2.978383611510561423e+03
7.102999999999999939e-03 2.480896578637380117e+03 2.586386012446736459e+03 2.748729927563324054e+03 2.916004490687199450e+03 3.030259500980926532e+03
7.325800000000000367e-03 2.523134883505320431e+03 2.630418174713909593e+03 2.795522428509749261e+03 2.965640741755452382e+03 3.081837895340597697e+03
7.555599999999999990e-03 2.564889383379708306e+03 2.673945821090604113e+03 2.841778519029557174e+03 3.014707692075815885e+03 3.132824507715741220e+03
7.792600000000000221e-03 2.606280474763805159e+03 2.717094461285916168e+03 2.887631576887580650e+03 3.063346825225909015e+03 3.183366357566831994e+03
8.037000000000000741e-03 2.647187700757310267e+03 2.759738512177889788e+03 2.932948129307328600e+03 3.111416538375653545e+03 3.233316288464297031e+03
8.289200000000000040e-03 2.687370163022693760e+03 2.801626828026732710e+03 2.977461259672169945e+03 3.158633664339325605e+03 3.282380033031412040e+03
8.549199999999999855e-03 2.726948304473545704e+03 2.842884968311148896e+03 3.021304400893197453e+03 3.205139747648071079e+03 3.330704675808181946e+03
8.817399999999999544e-03 2.765681249594073051e+03 2.883261811648998446e+03 3.064210663172642853e+03 3.250651650594778403e+03 3.377995980785480697e+03
9.093900000000000247e-03 2.803569022569801746e+03 2.922757379313469301e+03 3.106180062722686671e+03 3.295169383447373093e+03 3.424253953747573632e+03
9.379200000000000731e-03 2.840370764783496725e+03 2.961120567768873570e+03 3.146945729108297201e+03 3.338409829494321457e+03 3.469184380835616594e+03
9.673400000000000401e-03 2.876206937011770606e+03 2.998476954032928916e+03 3.186641112119387799e+03 3.380514549263200479e+03 3.512934361866968175e+03
9.976900000000000351e-03 2.910716318177152516e+03 3.034449958631111258e+03 3.224865996689714393e+03 3.421058974665858386e+03 3.555062694923073195e+03
1.029000000000000054e-02 2.944019362592487596e+03 3.069165150204349629e+03 3.261753821049769158e+03 3.460184651087332895e+03 3.595716462052956103e+03
1.061299999999999917e-02 2.975995717574385253e+03 3.102497056280743891e+03 3.297171233331473104e+03 3.497750107629695322e+03 3.634748646553390245e+03
1.094599999999999913e-02 3.006284281080179426e+03 3.134069227832432261e+03 3.330718167479671592e+03 3.533330945614136454e+03 3.671718230589217001e+03
1.128900000000000042e-02 3.035005599543266726e+03 3.164007333644132359e+03 3.362528174839132134e+03 3.567068837699870983e+03 3.706772433623797497e+03
1.164300000000000057e-02 3.061918877590790544e+03 3.192060336346347867e+03 3.392334455767284453e+03 3.598680742885947893e+03 3.739617120947382773e+03
1.200799999999999958e-02 3.086903904081551900e+03 3.218102918516352929e+03 3.420003835412873286e+03 3.628025391421325367e+03 3.770105494357326279e+03
1.238500000000000018e-02 3.109960726794334278e+03 3.242135120879716396e+03 3.445536342370216971e+03 3.655102797774154169e+03 3.798237557717271557e+03
1.277299999999999963e-02 3.130728556181412387e+03 3.263780840700555473e+03 3.468532312065361566e+03 3.679489025638822113e+03 3.823572799507905529e+03
1.317399999999999995e-02 3.149327727740625505e+03 3.283165507782206532e+03 3.489125010897814263e+03 3.701325411786292989e+03 3.846258066395684637e+03
1.358700000000000012e-02 3.165517895695980769e+03 3.300038583835132158e+03 3.507048219095951936e+03 3.720329584221057303e+03 3.865999957005141823e+03
1.401400000000000041e-02 3.179178684684818109e+03 3.314274565075304508e+03 3.522168539222245272e+03 3.736360010508309188e+03 3.882651381414100797e+03
1.445300000000000057e-02 3.190069960153521151e+03 3.325623151791572582e+03 3.534220035003864723e+03 3.749134652006378474e+03 3.895919307735869097e+03
1.490700000000000011e-02 3.198191651016183641e+03 3.334084246806700321e+03 3.543202565880431848e+03 3.758653319301840838e+03 3.905803510725138040e+03
1.537400000000000051e-02 3.203544415400360322e+03 3.339658574357347334e+03 3.549116963719211526e+03 3.764916962628291913e+03 3.912305025825180110e+03
1.585599999999999857e-02 3.205767272943941862e+03 3.341969819099848337e+03 3.551563316053536710e+03 3.767501359117270567e+03 3.914983027123844295e+03
1.635400000000000048e-02 3.204740176656203857e+03 3.340892846413639745e+03 3.550408661579962882e+03 3.766265486752792640e+03 3.913690988918240237e+03
1.686700000000000005e-02 3.200584086019136976e+03 3.336553788091040587e+03 3.545787096567243680e+03 3.761351653855788300e+03 3.908576831983189095e+03
1.739599999999999827e-02 3.193058636565770030e+03 3.328702091344963719e+03 3.537432394303348246e+03 3.752477490556491830e+03 3.899347163932079638e+03
1.794199999999999962e-02 3.182043871340713395e+03 3.317212727893545889e+03 3.525211726910860307e+03 3.739502138658700005e+03 3.885855645062711574e+03
1.850399999999999961e-02 3.167540438273115797e+03 3.302086424087835439e+03 3.509125949489342474e+03 3.722426596031601093e+03 3.868103376599881358e+03
1.908500000000000127e-02 3.149548567169274975e+03 3.283323421718967893e+03 3.489175323085211858e+03 3.701251144432850197e+03 3.846090654858320704e+03
1.968400000000000011e-02 3.127828252758700273e+03 3.260673592935289889e+03 3.465094154904534662e+03 3.675694070025448582e+03 3.819524832578432779e+03
2.030099999999999960e-02 3.102500427041074545e+03 3.234263054656218173e+03 3.437016548041649457e+03 3.645897713096992902e+03 3.788553881223379904e+03
2.093799999999999828e-02 3.073565508993527601e+03 3.204092275361829252e+03 3.404943052510736834e+03 3.611862714233745010e+03 3.753178506938603277e+03
2.159499999999999961e-02 3.040903782048921585e+03 3.170036526455606690e+03 3.368741239047093131e+03 3.573448725359664877e+03 3.713252961806138956e+03
2.227200000000000013e-02 3.004636198457235423e+03 3.132221961822159756e+03 3.328545275899888566e+03 3.530798184012543970e+03 3.668925338196423127e+03
2.297099999999999836e-02 2.964883569622168125e+03 3.090774565143805830e+03 3.284489112409555673e+03 3.484053254131739322e+03 3.620343414878532258e+03
2.369100000000000025e-02 2.921646571845761628e+03 3.045695137868358415e+03 3.236573757815651334e+03 3.433215178003272740e+03 3.567508604183760326e+03
2.443499999999999839e-02 2.875166301842225039e+03 2.997235043486435643e+03 3.185066378165541664e+03 3.378567406980671876e+03 3.510715482450799300e+03
2.520100000000000118e-02 2.825563768071861432e+03 2.945520537307100767e+03 3.130101319117775802e+03 3.320252642342930812e+03 3.450112469409062214e+03
2.599200000000000121e-02 2.772839424714127745e+03 2.890552150888531287e+03 3.071679240682214640e+03 3.258271687909509637e+03 3.385700473543144653e+03
2.680700000000000097e-02 2.717475124429237439e+03 2.832832263237692587e+03 3.010334116098877075e+03 3.193191076956263714e+03 3.318068271471985554e+03
2.764799999999999897e-02 2.659591645276277632e+03 2.772486842059622177e+03 2.946199907997825903e+03 3.125153019985616993e+03 3.247363713021954027e+03
2.851499999999999868e-02 2.599550405428562044e+03 2.709892711330608108e+03 2.879677154355528273e+03 3.054582495480277885e+03 3.174028474055519382e+03
2.940999999999999864e-02 2.537592453582793496e+03 2.645301199685552092e+03 2.811033008279588103e+03 2.981762966526252058e+03 3.098357160720557658e+03
3.033200000000000132e-02 2.474079107972939255e+03 2.579089028860313647e+03 2.740667901920678560e+03 2.907119302084757692e+03 3.020791336869810948e+03
3.128399999999999931e-02 2.409371647401199880e+03 2.511632821713928479e+03 2.668982067978194664e+03 2.831076056529243488e+03 2.941772166426991134e+03
3.226500000000000201e-02 2.343951555940425806e+03 2.443434527916337174e+03 2.596508948815178428e+03 2.754199117638624102e+03 2.861887696530694029e+03
3.327700000000000102e-02 2.278059709130667670e+03 2.374745263786638588e+03 2.523515419210234995e+03 2.676771595034058009e+03 2.781432124504166495e+03
3.432099999999999734e-02 2.212297787519600206e+03 2.306192203806675479e+03 2.450667871113875208e+03 2.599500268455038167e+03 2.701139804636808549e+03
3.539799999999999891e-02 2.147147104859647243e+03 2.238277042748113672e+03 2.378499348994976117e+03 2.522950464453413133e+03 2.621598102123901299e+03
3.650799999999999879e-02 2.082728013381250094e+03 2.171125254419410794e+03 2.307143207351194178e+03 2.447263656103525136e+03 2.542954034566175324e+03
3.765299999999999897e-02 2.019762298043975079e+03 2.105489110883741887e+03 2.237398601037632943e+03 2.373287260665613303e+03 2.466087959051435064e+03
3.883400000000000046e-02 1.958490513627332120e+03 2.041619310450059402e+03 2.169531822846100113e+03 2.301303619240858097e+03 2.391293167073632503e+03
4.005199999999999733e-02 1.899273436530190565e+03 1.979891826620823167e+03 2.103942208339708031e+03 2.231736107233439725e+03 2.319009436160520181e+03
4.130899999999999850e-02 1.842471856259394826e+03 1.920682608524615262e+03 2.041029004778106355e+03 2.165007938127984744e+03 2.249676327228874015e+03
4.260499999999999704e-02 1.788446378097464276e+03 1.864367399473122987e+03 1.981191218171778701e+03 2.101542045091737236e+03 2.183733092832815146e+03
4.394100000000000089e-02 1.737317096622367899e+03 1.811071251471516689e+03 1.924561503516371204e+03 2.041478884699510672e+03 2.121325500109728182e+03
4.531999999999999917e-02 1.689204258240693662e+03 1.760919334590085100e+03 1.871272575333584882e+03 1.984958904559843177e+03 2.062599255784468824e+03
4.674099999999999783e-02 1.644227782458689489e+03 1.714036488498219569e+03 1.821456814479927289e+03 1.932122218169699408e+03 2.007699733982027510e+03
4.820699999999999985e-02 1.602387668322733589e+03 1.670422522817738127e+03 1.775113706673029583e+03 1.882967937797109244e+03 1.956625769572426179e+03
4.972000000000000031e-02 1.563563606850798806e+03 1.629951868143635693e+03 1.732109562244414064e+03 1.837353976885412294e+03 1.909229523898240132e+03
5.127899999999999819e-02 1.527635035954439445e+03 1.592498707693940787e+03 1.692310456400667135e+03 1.795138030857306603e+03 1.865362954629196111e+03
5.288799999999999751e-02 1.494121106116458577e+03 1.557561750633646170e+03 1.655183640507457767e+03 1.755754939249029121e+03 1.824438763989621066e+03
5.454699999999999827e-02 1.462781130699310324e+03 1.524890015226128298e+03 1.620462279692120546e+03 1.718921521852949809e+03 1.786162601720529437e+03
5.625800000000000245e-02 1.433013803830482630e+03 1.493856768714177633e+03 1.587480534279078483e+03 1.683931674977447074e+03 1.749800880189239024e+03
5.802299999999999819e-02 1.404217758472790592e+03 1.463835274395299393e+03 1.555572658836626943e+03 1.650079502876659490e+03 1.714620304477223499e+03
5.984300000000000036e-02 1.375671112180814816e+03 1.434073317774811358e+03 1.523939820220216689e+03 1.616518214389599279e+03 1.679741370185121923e+03
6.171999999999999709e-02 1.346651887263837580e+03 1.403818677420333643e+03 1.491783329280620819e+03 1.582401336282293869e+03 1.644285019986520410e+03
6.365600000000000425e-02 1.316558148570377170e+03 1.372444307204995312e+03 1.458437575875240782e+03 1.547023623549919421e+03 1.607518993998821770e+03
6.565300000000000302e-02 1.284547036460357049e+03 1.339072291679979799e+03 1.422970824473070479e+03 1.509398046179979929e+03 1.568418584941234712e+03
6.771299999999999542e-02 1.250136269170421201e+03 1.303200491991153740e+03 1.384850484082671983e+03 1.468960768538795264e+03 1.526398690898821997e+03
6.983699999999999630e-02 1.212602464571750716e+03 1.264075749188709096e+03 1.343277731159054156e+03 1.424866113733873362e+03 1.480581744372723961e+03
7.202699999999999381e-02 1.171883915871717136e+03 1.221634255465765364e+03 1.298185609702536567e+03 1.377043986569366552e+03 1.430895564839004237e+03
7.428700000000000581e-02 1.127894992794673044e+03 1.175787296142543710e+03 1.249480748092497379e+03 1.325396327161667614e+03 1.377238951999867140e+03
7.661700000000000454e-02 1.080874559117153694e+03 1.126784209198696544e+03 1.197428655312592127e+03 1.270205369501787573e+03 1.319905598673666191e+03
7.902099999999999402e-02 1.031338933377867079e+03 1.075163216102366960e+03 1.142601251790099468e+03 1.212077744920731448e+03 1.259525838025287385e+03
8.149900000000000200e-02 9.800088555634612248e+02 1.021675395489332686e+03 1.085796257213383115e+03 1.151859169799267420e+03 1.196978135087620785e+03
8.405600000000000571e-02 9.279549586539814072e+02 9.674360259813624907e+02 1.028197516937358614e+03 1.090803964523689729e+03 1.133564848661374072e+03
8.669300000000000617e-02 8.763680129693215122e+02 9.136853664380217879e+02 9.711212687539727995e+02 1.030306429186754940e+03 1.070733471487826591e+03
8.941200000000000536e-02 8.265232493778456728e+02 8.617514262853467244e+02 9.159765167413185054e+02 9.718587400359824642e+02 1.010032829999489763e+03
9.221699999999999342e-02 7.796358740269124610e+02 8.128994918834091550e+02 8.641053666478551349e+02 9.168818453414933174e+02 9.529375499306114534e+02
9.511000000000000010e-02 7.367402838756794381e+02 7.682064025823062821e+02 8.166497325708172639e+02 8.665844124286905981e+02 9.007017255193283063e+02
9.809299999999999964e-02 6.986181505279624844e+02 7.284856619263208586e+02 7.744718867412589134e+02 8.218786939813049912e+02 8.542715961624426200e+02
1.011699999999999960e-01 6.657867463828549717e+02 6.942752843641192158e+02 7.381415710303867854e+02 7.833668854188704245e+02 8.142713907188358462e+02
1.043400000000000022e-01 6.380893552991491333e+02 6.654114517332006926e+02 7.074839761807862715e+02 7.508627780599838388e+02 7.805070727484783220e+02
1.076199999999999934e-01 6.152508114049176129e+02 6.416068075377114610e+02 6.821929143759525687e+02 7.240406961572540467e+02 7.526396088909365290e+02
1.109900000000000053e-01 5.964158702106288956e+02 6.219704204215319123e+02 6.613226549377338870e+02 7.018985954475027711e+02 7.296285756955429633e+02
1.144700000000000023e-01 5.802625739115094348e+02 6.051253533103769087e+02 6.434118530732613408e+02 6.828884111602224039e+02 7.098668180670146057e+02
1.180699999999999944e-01 5.653830773944225712e+02 5.896057030129900340e+02 6.269055493614322359e+02 6.653637830951598744e+02 6.916457489276896240e+02
1.217700000000000032e-01 5.501130120340501435e+02 5.736793354379171888e+02 6.099677994738588040e+02 6.473823882499299316e+02 6.729507122519523818e+02
1.255900000000000072e-01 5.329693532401263383e+02 5.558030723641016948e+02 5.909633020395774565e+02 6.272145542636469600e+02 6.519878845124893587e+02
1.295300000000000062e-01 5.128999915428539680e+02 5.348828504573011742e+02 5.687338536448083914e+02 6.036365056782426564e+02 6.274889891833240654e+02
1.335899999999999865e-01 4.894189443120229157e+02 5.104139810440684073e+02 5.427462689551224457e+02 5.760860461471390863e+02 5.988722083336090236e+02
1.377800000000000136e-01 4.629340657316110992e+02 4.828216886316270120e+02 5.134524958851244492e+02 5.450426442637866558e+02 5.666357981039340075e+02
1.421000000000000041e-01 4.344693844380842620e+02 4.531720790177899403e+02 4.819831598040214544e+02 5.117031147372244391e+02 5.320216194696573666e+02
1.465599999999999958e-01 4.057021680507919541e+02 4.232103538986633566e+02 4.501874843986178689e+02 4.780232208093801773e+02 4.970578470880722648e+02
1.511599999999999888e-01 3.783939525478077712e+02 3.947690304642965202e+02 4.200066207143677275e+02 4.460553112892224021e+02 4.638723709798086929e+02
1.559000000000000108e-01 3.541491135846013663e+02 3.695167536184034134e+02 3.932075168447194642e+02 4.176668867253373492e+02 4.344009615953835919e+02
1.607899999999999885e-01 3.339328682394093448e+02 3.484569139289133659e+02 3.708518754242119826e+02 3.939792034502772822e+02 4.098052575546618073e+02
1.658399999999999874e-01 3.179873338341456019e+02 3.318405129658731312e+02 3.532041629069191799e+02 3.752703507940076406e+02 3.903725140827762630e+02
1.710399999999999976e-01 3.056867570162193601e+02 3.190159192441205960e+02 3.395730454505551279e+02 3.608082388793064297e+02 3.753428897029361337e+02
1.764000000000000012e-01 2.956703187383391764e+02 3.085671343338268002e+02 3.284580254866048676e+02 3.490058180074291272e+02 3.630705043683894360e+02
1.819399999999999906e-01 2.862256492780911685e+02 2.987131370905445920e+02 3.179730647240851340e+02 3.378696156730792381e+02 3.514889351109570157e+02
1.876400000000000012e-01 2.756964978946315341e+02 2.877323322646066117e+02 3.062967611502008936e+02 3.254763062844688761e+02 3.386057458919735268e+02
1.935300000000000076e-01 2.630534154088214791e+02 2.745551246733857624e+02 2.922982612468179013e+02 3.106325495227925444e+02 3.231852644478747152e+02
1.995999999999999996e-01 2.482330171998396509e+02 2.591165747390169827e+02 2.759103817832838104e+02 2.932690264018896755e+02 3.051568079299792089e+02
2.058599999999999874e-01 2.321779103889666658e+02 2.423969327922450532e+02 2.581709315002252083e+02 2.744823988890950659e+02 2.856569847049591999e+02
2.123200000000000087e-01 2.164246737631840745e+02 2.259932489125489496e+02 2.407693018703946279e+02 2.560563320449098796e+02 2.665333687848471413e+02
2.189800000000000080e-01 2.024733201848419810e+02 2.114641413745699765e+02 2.253535414572292268e+02 2.397301015729457276e+02 2.495870384778327491e+02
2.258499999999999952e-01 1.911344753477942788e+02 1.996514222064184310e+02 2.128129795409747373e+02 2.264414217195988215e+02 2.357884387302444793e+02
2.329299999999999982e-01 1.823004939256298655e+02 1.904425840595394277e+02 2.030275937868333358e+02 2.160624896455287285e+02 2.250044328302588212e+02
2.402400000000000091e-01 1.749816022749995170e+02 1.828086575612348668e+02 1.949085266535746541e+02 2.074432652608863918e+02 2.160434823529946300e+02
2.477800000000000002e-01 1.678476008826145858e+02 1.753676688272273907e+02 1.869948222388759120e+02 1.990422522139315618e+02 2.073095434721327308e+02
2.555499999999999994e-01 1.598441636768764340e+02 1.670248659354735707e+02 1.781301398523070532e+02 1.896404008855697896e+02 1.975411469049686559e+02
2.635700000000000265e-01 1.507277100072289784e+02 1.575277410844597341e+02 1.680484240310842665e+02 1.789579235193359068e+02 1.864492487146158339e+02
2.718300000000000161e-01 1.411886870937286460e+02 1.475936260332663323e+02 1.575080185658802066e+02 1.677949846821103108e+02 1.748623371465814387e+02
2.803599999999999981e-01 1.322820513128585276e+02 1.383177530555878150e+02 1.476654866632702863e+02 1.573705583143966464e+02 1.640415842126443522e+02
2.891599999999999726e-01 1.247378374522986206e+02 1.304577619889430480e+02 1.393204667793440024e+02 1.485269759972997861e+02 1.548581630834603686e+02
2.982299999999999951e-01 1.185568976395154124e+02 1.240141315591389031e+02 1.324728111505882850e+02 1.412633834641456758e+02 1.473107040576317672e+02
3.075800000000000201e-01 1.130675151021507503e+02 1.182893267164501765e+02 1.263856428855176972e+02 1.348028378137428831e+02 1.405951570716297283e+02
3.172300000000000120e-01 1.074804727372810618e+02 1.124642520230293599e+02 1.201943984239105987e+02 1.282345415238375210e+02 1.337694827996254219e+02
3.271800000000000264e-01 1.014775742326169734e+02 1.062089642238032638e+02 1.135512970437045084e+02 1.211926213976051656e+02 1.264556068136258205e+02
3.374500000000000277e-01 9.538290869585084408e+01 9.985982088544908208e+01 1.068113626820696282e+02 1.140510776578140053e+02 1.190403495993025871e+02
3.480300000000000060e-01 8.977597713912993527e+01 9.401796368017060956e+01 1.006086265446286205e+02 1.074773343275888067e+02 1.122136721874195473e+02
3.589499999999999913e-01 8.493156957818243313e+01 8.896814161663517950e+01 9.524293006584910870e+01 1.017865045681522673e+02 1.063009663946751857e+02
3.702099999999999835e-01 8.062450779628727560e+01 8.447662374296719179e+01 9.046752297886973793e+01 9.671859481382105628e+01 1.010332871785075355e+02
3.818199999999999927e-01 7.642406876006356242e+01 8.009670083654502548e+01 8.581141127109900424e+01 9.177796758786460884e+01 9.589837201696948910e+01
3.937999999999999834e-01 7.215299305207257419e+01 7.564462674544498100e+01 8.108100556367260481e+01 8.676105750109809378e+01 9.068593220337804439e+01
4.061500000000000110e-01 6.800359499268580521e+01 7.131980166874011218e+01 7.648646165688201393e+01 8.188892450341671747e+01 8.562437824243880868e+01
4.188899999999999846e-01 6.422290985337373570e+01 6.737816379952657542e+01 7.229720441566549027e+01 7.744463431025914701e+01 8.100595369045365146e+01
4.320300000000000251e-01 6.081377474764582303e+01 6.382251837078352708e+01 6.851597123839253811e+01 7.343083241168429254e+01 7.683322943005795480e+01
4.455799999999999761e-01 5.757720581142307736e+01 6.044660647693449107e+01 6.492546598415428605e+01 6.961903940548329217e+01 7.287019082377223356e+01
4.595600000000000240e-01 5.440401224839753525e+01 5.713728078661726784e+01 6.140654269687855304e+01 6.588403598641676240e+01 6.898752886252106009e+01
4.739800000000000124e-01 5.137597605184366500e+01 5.397923309641839040e+01 5.804829570558980834e+01 6.231936295289939665e+01 6.528177255297775616e+01
4.888500000000000068e-01 4.858341860242246923e+01 5.106593614097361211e+01 5.494895737864182905e+01 5.902804985889864042e+01 6.185916990026068163e+01
5.041799999999999615e-01 4.598531553840764730e+01 4.835483476829826799e+01 5.206364554623102947e+01 5.596285128153807875e+01 5.867088017188618210e+01
5.200000000000000178e-01 4.349914699583071354e+01 4.576042827263852075e+01 4.930234128717147968e+01 5.302917515070469534e+01 5.561923255234829355e+01
5.363099999999999534e-01 4.112648848190011108e+01 4.328433366231131885e+01 4.666672213227637656e+01 5.022875751628929919e+01 5.270600105707847405e+01
5.531300000000000106e-01 3.890892916825329451e+01 4.096953336113968902e+01 4.420186642937670030e+01 4.760877919834796757e+01 4.997977157627138212e+01
5.704799999999999871e-01 3.683209730050270281e+01 3.880109328902103982e+01 4.189198156017936725e+01 4.515257126384631192e+01 4.742328122853288619e+01
5.883800000000000141e-01 3.486094186042384990e+01 3.674270393624684061e+01 3.969885144429095192e+01 4.281998912338283247e+01 4.499508783429146064e+01
6.068400000000000460e-01 3.299573866827019231e+01 3.479461879870942198e+01 3.762269118717534866e+01 4.061120369916969963e+01 4.269532971633873331e+01
6.258700000000000374e-01 3.124526345985720255e+01 3.296587438219592059e+01 3.567292473792006291e+01 3.853602187201045126e+01 4.053406655888171173e+01
6.454999999999999627e-01 2.959506388858533654e+01 3.124147157203123371e+01 3.383372058903481161e+01 3.657776533205533553e+01 3.849404764085813468e+01
6.657499999999999529e-01 2.803561022727583918e+01 2.961151943948074816e+01 3.209463794684624816e+01 3.472543399168174716e+01 3.656389489736187670e+01
6.866400000000000281e-01 2.656709031762401096e+01 2.807617268468805705e+01 3.045577575824258432e+01 3.297906386823262181e+01 3.474359846733608492e+01
7.081800000000000317e-01 2.518366531551079035e+01 2.662936787839390362e+01 2.891072849663935784e+01 3.133190130711205157e+01 3.302616938622281850e+01
7.303899999999999837e-01 2.387700720112558272e+01 2.526246591115479845e+01 2.745038418261699675e+01 2.977435422275655696e+01 3.140169160263749148e+01
7.532999999999999696e-01 2.264601527722123109e+01 2.397428763000100460e+01 2.607343937618396623e+01 2.830498703345443445e+01 2.986863712991769049e+01
7.769300000000000095e-01 2.148478493862444338e+01 2.275870378000660565e+01 2.477342290033176297e+01 2.691698091607738164e+01 2.841995231364673558e+01
8.013000000000000123e-01 2.038983442593687201e+01 2.161208921624693602e+01 2.354649003186706224e+01 2.560626633898238680e+01 2.705141494114942446e+01
8.264399999999999524e-01 1.935762697511652775e+01 2.053075752101937113e+01 2.238872457784586700e+01 2.436869111507141739e+01 2.575871211829648288e+01
8.523699999999999610e-01 1.838273801297856025e+01 1.950908472744333011e+01 2.129420010872797064e+01 2.319802253030786332e+01 2.453540493676864997e+01
8.790999999999999925e-01 1.746353933295165106e+01 1.854537076995155687e+01 2.026110623993959337e+01 2.209233702765541807e+01 2.337949291417119468e+01
9.066800000000000415e-01 1.659627218122225045e+01 1.763569640730948862e+01 1.928527696938188996e+01 2.104721468735555234e+01 2.228638292084736250e+01
9.351199999999999513e-01 1.577785065070910342e+01 1.677686253146686823e+01 1.836334180903823565e+01 2.005911197311218785e+01 2.125241525346066496e+01
9.644599999999999840e-01 1.500529137987049211e+01 1.596576127162921033e+01 1.749200194563535149e+01 1.912453422870113329e+01 2.027396203596110524e+01
9.947099999999999831e-01 1.427586275422523521e+01 1.519956215257689536e+01 1.666827750087865212e+01 1.824035106301289133e+01 1.934779204396719976e+01
1.025900000000000034e+00 1.358698322050412166e+01 1.447558061029640264e+01 1.588932667148022482e+01 1.740356031551619864e+01 1.847079456458411428e+01
1.058100000000000041e+00 1.293603523448849479e+01 1.379107981034331765e+01 1.515222822773401568e+01 1.661104982904148031e+01 1.763972653956433945e+01
1.091299999999999937e+00 1.232096502113096825e+01 1.314394217685171284e+01 1.445477005994383823e+01 1.586051465034755736e+01 1.685222222077626597e+01
1.125499999999999945e+00 1.173978092820740926e+01 1.253210850454287950e+01 1.379479177807889556e+01 1.514969362353805593e+01 1.610595364561443432e+01
1.160800000000000054e+00 1.119000322297266869e+01 1.195297903698256370e+01 1.316950708729072517e+01 1.447560605078770912e+01 1.539780611289156553e+01
1.197200000000000042e+00 1.067012556633846998e+01 1.140499840086446071e+01 1.257728767825335225e+01 1.383655166826548921e+01 1.472603207203267672e+01
1.234799999999999898e+00 1.017805757392990884e+01 1.088597523184602522e+01 1.201578529952939611e+01 1.323001879499218525e+01 1.408800723304427471e+01
1.273500000000000076e+00 9.712493867390881164e+00 1.039459748429304042e+01 1.148368496432856212e+01 1.265469851048618466e+01 1.348243202289471299e+01
1.313499999999999890e+00 9.271271479173298857e+00 9.928569907416109785e+00 1.097848226038796859e+01 1.210786404273605221e+01 1.290642392520230786e+01
1.354700000000000015e+00 8.853540072354372015e+00 9.487047781933734214e+00 1.049934754095911593e+01 1.158870930183163317e+01 1.235919755378534823e+01
1.397199999999999998e+00 8.457586569641133423e+00 9.068236071290128208e+00 1.004435854020496599e+01 1.109517961974312605e+01 1.183860708716950683e+01
1.441000000000000059e+00 8.082235069705486552e+00 8.670923744219052764e+00 9.612252626459950378e+00 1.062596230944926035e+01 1.134330745775082683e+01
1.486199999999999966e+00 7.726034507831545994e+00 8.293590526109870353e+00 9.201402148319649754e+00 1.017931806036117059e+01 1.087148253428183686e+01
1.532799999999999940e+00 7.388045542917446973e+00 7.935270410077255754e+00 8.810802327477563978e+00 9.754205022240068246e+00 1.042206682503407578e+01
1.580899999999999972e+00 7.067073210681428463e+00 7.594710471340786029e+00 8.439110253633771208e+00 9.349186649494038548e+00 9.993559338216988053e+00
1.630500000000000060e+00 6.762060939500402768e+00 7.270826687072993622e+00 8.085202423005156902e+00 8.963102228138476235e+00 9.584775947498249238e+00
1.681699999999999973e+00 6.472066536943680504e+00 6.962629275996866873e+00 7.748015015636440239e+00 8.594810725541300656e+00 9.194522391932878236e+00
1.734399999999999942e+00 6.196475163441713896e+00 6.669508802178637730e+00 7.426951851543851291e+00 8.243735805756935875e+00 8.822239453302506362e+00
1.788799999999999946e+00 5.934246511456814588e+00 6.390355465970273485e+00 7.120792739194615528e+00 7.908539322142225103e+00 8.466506050434688291e+00
1.844899999999999984e+00 5.684553224280341155e+00 6.124322943815604603e+00 6.828664744901852046e+00 7.588324160453517209e+00 8.126410422882683449e+00
1.902800000000000047e+00 5.446712735219309209e+00 5.870693522269561093e+00 6.549795481400694008e+00 7.282260944073207121e+00 7.801083933794632941e+00
1.962499999999999911e+00 5.219896180551341303e+00 5.628620689488609941e+00 6.283313993742797976e+00 6.989456925103655571e+00 7.489620898821464756e+00
2.024000000000000021e+00 5.003828158985485608e+00 5.397821405908825199e+00 6.028926538153282166e+00 6.709608725207230506e+00 7.191712205593708163e+00
2.087499999999999911e+00 4.797557236816618165e+00 5.177290601050633434e+00 5.785543676942134894e+00 6.441537746795332531e+00 6.906117101185759388e+00
2.153000000000000025e+00 4.600710519103191842e+00 4.966648842800294616e+00 5.552777625045376197e+00 6.184849780619035009e+00 6.632438269316526913e+00
2.220600000000000129e+00 4.412509656951809411e+00 4.765088576780969198e+00 5.329776540372881399e+00 5.938648183451583407e+00 6.369748948222617280e+00
2.290200000000000014e+00 4.232859320060660124e+00 4.572526897358904385e+00 5.116479482282324298e+00 5.702898245478474237e+00 6.118034436139999421e+00
2.362099999999999866e+00 4.060924372975241781e+00 4.388071723689598080e+00 4.911903693901149559e+00 5.476520042344154682e+00 5.876146325008576810e+00
2.436199999999999921e+00 3.896519230654882815e+00 4.211549163332150236e+00 4.715896458451657836e+00 5.259386663002760365e+00 5.643977625245446106e+00
2.512599999999999945e+00 3.739167511656554144e+00 4.042462150612712080e+00 4.527928998513060854e+00 5.050936832880697835e+00 5.420944980673566782e+00
2.591400000000000148e+00 3.588480243772006695e+00 3.880403953619151913e+00 4.347567296605486575e+00 4.850708512720667720e+00 5.206567282459842794e+00
2.672699999999999854e+00 3.444057488032643999e+00 3.724958298672828683e+00 4.174370220208500015e+00 4.658235326343850069e+00 5.000361133566189054e+00
2.756499999999999950e+00 3.305655890457976920e+00 3.575879389929378149e+00 4.008089586590895870e+00 4.473268350379285607e+00 4.802078091576392538e+00
2.842999999999999972e+00 3.172842737198970919e+00 3.432708712708196774e+00 3.848226254790318546e+00 4.295265466803698473e+00 4.611146056945632843e+00
2.932199999999999918e+00 3.045422959261059770e+00 3.295250575037686591e+00 3.694584892841665358e+00 4.124033359012559075e+00 4.427374027937514889e+00
3.024199999999999999e+00 2.923109982249565864e+00 3.163206602418275892e+00 3.546849179235429972e+00 3.959237484373469673e+00 4.250415170253917019e+00
3.119000000000000217e+00 2.805719725767187533e+00 3.036391601861720968e+00 3.404833327685119038e+00 3.800692823055141556e+00 4.080085762301257191e+00
3.216899999999999871e+00 2.692825303689892813e+00 2.914349691680799825e+00 3.268035361382015225e+00 3.647848087779108184e+00 3.915799802516227945e+00
3.317800000000000082e+00 2.584366451750153448e+00 2.797030609552140668e+00 3.136422349944494758e+00 3.500690578744175330e+00 3.757559736924428240e+00
3.421899999999999942e+00 2.480066408835676750e+00 2.684140520195668511e+00 3.009673526287866441e+00 3.358870963481013661e+00 3.604996250046029971e+00
3.529199999999999893e+00 2.379796857385888753e+00 2.575551709793074462e+00 2.887663040224369926e+00 3.222266430895284195e+00 3.457989215504353897e+00
3.639899999999999913e+00 2.283298177608421131e+00 2.470989856857126465e+00 2.770093462805152562e+00 3.090555120714993720e+00 3.316199711623005530e+00
3.754100000000000215e+00 2.190419039846909666e+00 2.370297862812393852e+00 2.656798971841306312e+00 2.963562380162960253e+00 3.179447118976561626e+00
3.871799999999999908e+00 2.101051148838353200e+00 2.273368514979872135e+00 2.547674795967673322e+00 2.841186845591583854e+00 3.047632864515573026e+00
3.993300000000000072e+00 2.014937577525387269e+00 2.179926922594961791e+00 2.442417418770212123e+00 2.723094265553295923e+00 2.920400977590979164e+00
4.118599999999999817e+00 1.932005977882401693e+00 2.089902837187164852e+00 2.340960496654227452e+00 2.609223078089438985e+00 2.797693544496428153e+00
4.247799999999999798e+00 1.852141550475444154e+00 2.003176962635254910e+00 2.243177817429826693e+00 2.499439887465851662e+00 2.679372189218123257e+00
4.381000000000000227e+00 1.775214069476810597e+00 1.919615035923563084e+00 2.148928972015467842e+00 2.393597948871004188e+00 2.565285783747059511e+00
4.518399999999999750e+00 1.701084584977593517e+00 1.839069186580249315e+00 2.058051876456861162e+00 2.291519876830566016e+00 2.455246081466456509e+00
4.660199999999999676e+00 1.629616361983683204e+00 1.761395143894959103e+00 1.970390305975781242e+00 2.193036617019074708e+00 2.349074929227012998e+00
4.806400000000000006e+00 1.560754032698417060e+00 1.686539533568343519e+00 1.885894305153809514e+00 2.098102054690066165e+00 2.246728946948365557e+00
4.957099999999999618e+00 1.494419793081927406e+00 1.614421166693175147e+00 1.804477274802255948e+00 2.006623680100798168e+00 2.148111344771316933e+00
5.112599999999999589e+00 1.430457760764260344e+00 1.544873751785256655e+00 1.725956187357584826e+00 1.918400259200278235e+00 2.053007861291904046e+00
5.272999999999999687e+00 1.368809834477995091e+00 1.477836966502363181e+00 1.650267110314271202e+00 1.833363811511430130e+00 1.961347512255158909e+00
5.438399999999999679e+00 1.309416222803553742e+00 1.413248590658351844e+00 1.577343838335730331e+00 1.751443625873106980e+00 1.873056228707064008e+00
5.608999999999999986e+00 1.252170197057235423e+00 1.350996946748024286e+00 1.507066648784592289e+00 1.672511049021599083e+00 1.787998831841300262e+00
5.785000000000000142e+00 1.197000535316959935e+00 1.291005505863882741e+00 1.439350302214951860e+00 1.596471123847011730e+00 1.706073266912694342e+00
5.966400000000000148e+00 1.143881358110914181e+00 1.233249134021582094e+00 1.374170644439563160e+00 1.523300386095973291e+00 1.627256299737357637e+00
6.153599999999999959e+00 1.092687361000196145e+00 1.177592467147562827e+00 1.311375940099286597e+00 1.452829075154890237e+00 1.551365172252827440e+00
6.346599999999999575e+00 1.043402390302611726e+00 1.124019956680962773e+00 1.250951318994244721e+00 1.385042608736664072e+00 1.478385215993672563e+00
6.545700000000000074e+00 9.959380496680698691e-01 1.072436587159261157e+00 1.192790859538588100e+00 1.319822874870860252e+00 1.408189421522259233e+00
6.751000000000000334e+00 9.502582433265773787e-01 1.022804251841053835e+00 1.136852888811521689e+00 1.257123869708946629e+00 1.340728420284101885e+00
6.962799999999999656e+00 9.062868996957287315e-01 9.750408981706175648e-01 1.083045437359464458e+00 1.196842475112573023e+00 1.275890930429137704e+00
7.181199999999999584e+00 8.639924507998676395e-01 9.291129272128664240e-01 1.031331269334603062e+00 1.138937018005535595e+00 1.213631833290276907e+00
7.406500000000000306e+00 8.233085986805033230e-01 8.849484391494080171e-01 9.816291583574978663e-01 1.083315758457890521e+00 1.153851685747228961e+00
7.638799999999999812e+00 7.842062248218014675e-01 8.425161497421930212e-01 9.339039448346968531e-01 1.029938834198480757e+00 1.096506998801424881e+00
7.878499999999999837e+00 7.466104076186312888e-01 8.017345415866774516e-01 8.880632055121224777e-01 9.787016415521618828e-01 1.041484316933371179e+00
8.125600000000000378e+00 7.105104396850796533e-01 7.625920089769557819e-01 8.440934634758555655e-01 9.295881479924196222e-01 9.887655030807814827e-01
8.380499999999999616e+00 6.758388726826706216e-01 7.250147810797299419e-01 8.019104981123923448e-01 8.825024867064226175e-01 9.382462504904603984e-01
8.643399999999999750e+00 6.425594766670907898e-01 6.889631279879331327e-01 7.614686072084619894e-01 8.373920838928856636e-01 8.898688960607789022e-01
8.914500000000000313e+00 6.106363621953383447e-01 6.543975781469781872e-01 7.227222264047282740e-01 7.942043957148429145e-01 8.435757460770959559e-01
9.194200000000000372e+00 5.800132283777309494e-01 6.212563830598125669e-01 6.856005896691461654e-01 7.528586110258128627e-01 7.992787220722955555e-01
9.482599999999999696e+00 5.506690384429410168e-01 5.895159376870212631e-01 6.500756450131833786e-01 7.133215118048361614e-01 7.569407649386272752e-01
9.779999999999999361e+00 5.225613739437880989e-01 5.591293903794104514e-01 6.160931717590075740e-01 6.755306469140575087e-01 7.164934624676656538e-01
1.008699999999999974e+01 4.956248974656394246e-01 5.300250758490538949e-01 5.835711818665090256e-01 6.393927160638903651e-01 6.778354289332150229e-01
1.040300000000000047e+01 4.698962104675029616e-01 5.022417400137528798e-01 5.525514274600697995e-01 6.049522283559907176e-01 6.410128748233299145e-01
1.073000000000000043e+01 4.452066854146045638e-01 4.755956970547652873e-01 5.228262851593407090e-01 5.719760253292877072e-01 6.057747391317863661e-01
1.106600000000000072e+01 4.216914548483957637e-01 4.502322131469784217e-01 4.945565900266997716e-01 5.406409498834408023e-01 5.723087743138973726e-01
1.141300000000000026e+01 3.991927608691659413e-01 4.259795947756420120e-01 4.675485210425188720e-01 5.107296022744977071e-01 5.403810574178581350e-01
1.177100000000000080e+01 3.777014013823537519e-01 4.028269112978660749e-01 4.417881751577167337e-01 4.822246547099185987e-01 5.099717190189581029e-01
1.214100000000000001e+01 3.571501063816217569e-01 3.807004758456820626e-01 4.171916015951201429e-01 4.550311281688187992e-01 4.809779938118937670e-01
1.252100000000000080e+01 3.376300799931031826e-01 3.596975155596160434e-01 3.938652001663054403e-01 4.292647433404557789e-01 4.535218762990991803e-01
1.291399999999999970e+01 3.189703002088882799e-01 3.396326694729397966e-01 3.716009866119796001e-01 4.046935533019579423e-01 4.273546892731187596e-01
1.331900000000000084e+01 3.012077900085060045e-01 3.205447575530298576e-01 3.504403899815933254e-01 3.813614644171211543e-01 4.025218893775602824e-01
1.373700000000000010e+01 2.842837136528681419e-01 3.023694437028653925e-01 3.303102955119260331e-01 3.591859241960762006e-01 3.789342419756284164e-01
1.416799999999999926e+01 2.681838989204639589e-01 2.850904664756321316e-01 3.111909968356633138e-01 3.381433708121917014e-01 3.565653569140517787e-01
1.461200000000000010e+01 2.528903506376281030e-01 2.686874653149862180e-01 2.930582573098804988e-01 3.182052555988966192e-01 3.353835381353237333e-01
1.507099999999999973e+01 2.383211347016845894e-01 2.530715417365653752e-01 2.758121595432588280e-01 2.992599187671374228e-01 3.152688716892579901e-01
1.554400000000000048e+01 2.244950831892129350e-01 2.382619605705290911e-01 2.594724540293735782e-01 2.813273473268155245e-01 2.962413321886330775e-01
1.603099999999999881e+01 2.113922839830238432e-01 2.242364103301203448e-01 2.440129055345832687e-01 2.643769453379296586e-01 2.782671487850431058e-01
1.653399999999999892e+01 1.989430675277822913e-01 2.109193699300525304e-01 2.293487230290513490e-01 2.483140236837219350e-01 2.612446684858542589e-01
1.705300000000000082e+01 1.871348457741422444e-01 1.982965149661095050e-01 2.154626981162468258e-01 2.331181134884198480e-01 2.451510227590389113e-01
1.758800000000000097e+01 1.759519738396817523e-01 1.863502508713481276e-01 2.023340213439595026e-01 2.187648068537463020e-01 2.299591801290712667e-01
1.813899999999999935e+01 1.653763375252190748e-01 1.750603564664037770e-01 1.899390143276477594e-01 2.052265849764382810e-01 2.156388427867926005e-01
1.870799999999999841e+01 1.553541549777484598e-01 1.643685872831814332e-01 1.782123428398628417e-01 1.924305366850393717e-01 2.021117802478946679e-01
1.929500000000000171e+01 1.458723090675479450e-01 1.542601655265696259e-01 1.671364812533024657e-01 1.803560688444633131e-01 1.893551797504277601e-01
1.990099999999999980e+01 1.369011536337115253e-01 1.447027153990292081e-01 1.566746647828279604e-01 1.689616741213428863e-01 1.773241841085304304e-01
2.052499999999999858e+01 1.284399065721993916e-01 1.356946385751536532e-01 1.468238672955766710e-01 1.582426572489687988e-01 1.660128601083537825e-01
2.116900000000000048e+01 1.204457961371679514e-01 1.271896509067907688e-01 1.375322367015850145e-01 1.481412542678501032e-01 1.553593252088268928e-01
2.183299999999999841e+01 1.129048768147250942e-01 1.191722076438091887e-01 1.287816238055819185e-01 1.386364805256424804e-01 1.453405885883122806e-01
2.251800000000000068e+01 1.057916463506674565e-01 1.116145086292531369e-01 1.205405648756570636e-01 1.296929691002161877e-01 1.359185613293997230e-01
2.322400000000000020e+01 9.909187880421627126e-02 1.045007782034669541e-01 1.127907880121217232e-01 1.212897663156466549e-01 1.270704107726393639e-01
2.395200000000000173e+01 9.278178056355364245e-02 9.780511898935538573e-02 1.055030640892500732e-01 1.133941218201337808e-01 1.187609451915862396e-01
2.470400000000000063e+01 8.683196717092311889e-02 9.149576280646858073e-02 9.864188020438836857e-02 1.059665960575829624e-01 1.109480162866727515e-01
2.547899999999999920e+01 8.123807016073202047e-02 8.556751706327662965e-02 9.220070695310432496e-02 9.899921934957303660e-02 1.036226444629208959e-01
2.627799999999999869e+01 7.597938985027317960e-02 7.999790637413393968e-02 8.615428396008185941e-02 9.246381714495391368e-02 9.675464762678177844e-02
2.710200000000000031e+01 7.103678946448642451e-02 7.476616221782135530e-02 8.047929011368480656e-02 8.633440375403207689e-02 9.031620716522194281e-02
2.795200000000000173e+01 6.639248873298284059e-02 6.985300025633936483e-02 7.515409406519640845e-02 8.058690325286102518e-02 8.428156779170074830e-02
2.882900000000000063e+01 6.202989130602857420e-02 6.524043398024464979e-02 7.015854504153357096e-02 7.519891513091521429e-02 7.862678534127950924e-02
2.973400000000000176e+01 5.793344096627529860e-02 6.091161915759675527e-02 6.547379778297163222e-02 7.014951780562059258e-02 7.332951513539862076e-02
3.066600000000000037e+01 5.409635229941643642e-02 5.685901317524211240e-02 6.109112707989304558e-02 6.542875309382870097e-02 6.837895131630174206e-02
3.162800000000000011e+01 5.049553001798767066e-02 5.305788187708097847e-02 5.698327034819190839e-02 6.100675096976126283e-02 6.374344381153952688e-02
3.262100000000000222e+01 4.711808604984064203e-02 4.949431335961702871e-02 5.313473302729641162e-02 5.686638179547094663e-02 5.940474546198395989e-02
3.364399999999999835e+01 4.395767174380531273e-02 4.616132295517485357e-02 4.953754446271368267e-02 5.299865365043501114e-02 5.535316525243445113e-02
3.469899999999999807e+01 4.099834893248349016e-02 4.304183866710790257e-02 4.617288697846171769e-02 4.938295201209100954e-02 5.156686359136865988e-02
3.578799999999999670e+01 3.822601328919902897e-02 4.012075676821887787e-02 4.302411910262304851e-02 4.600105355545156677e-02 4.802653913138277275e-02
3.690999999999999659e+01 3.563469526945979571e-02 3.739157074416874643e-02 4.008390611896751887e-02 4.284476989326072016e-02 4.472342107391504701e-02
3.806799999999999784e+01 3.320927546315996515e-02 3.483815940543459611e-02 3.733458857512415852e-02 3.989486225410223547e-02 4.163719574571537324e-02
3.926200000000000045e+01 3.094221705683551302e-02 3.245241037689386432e-02 3.476716939740413792e-02 3.714142458088411092e-02 3.875733824292586921e-02
4.049399999999999977e+01 2.882244277772759086e-02 3.022250469780638285e-02 3.236869161320839183e-02 3.457033248131537867e-02 3.606893011103370211e-02
4.176400000000000290e+01 2.684295073620588876e-02 2.814093005017578170e-02 3.013085966123625267e-02 3.217248700461422528e-02 3.356232607360769976e-02
4.307399999999999807e+01 2.499387320811957344e-02 2.619717687234216288e-02 2.804218023918244110e-02 2.993538675840110713e-02 3.122433954563573130e-02
4.442499999999999716e+01 2.326751478186622410e-02 2.438303619918048837e-02 2.609365751895981883e-02 2.784922990504543408e-02 2.904462103962398428e-02
4.581900000000000261e+01 2.165543579988862474e-02 2.268953165954509105e-02 2.427549321303447416e-02 2.590337660095758804e-02 2.701195903624233063e-02
4.725600000000000023e+01 2.015195285093641930e-02 2.111059555556909009e-02 2.258103138030279414e-02 2.409056896702621228e-02 2.511868698136408493e-02
4.873899999999999721e+01 1.874858201292978546e-02 1.963723080354161030e-02 2.100048961429804364e-02 2.240022096440796515e-02 2.335367309364416721e-02
5.026800000000000068e+01 1.744030281552953407e-02 1.826408814927632518e-02 1.952801581571748935e-02 2.082596637004625190e-02 2.171020228649878092e-02
