# s8 = 0.8195 
#  k, 0.95*s8, 0.97*s8, 1.*s8, 1.03*s8, 1.05*s8
1.017799999999999979e-05 8.492372354707281801e+00 8.853709859882640032e+00 9.409830863941587964e+00 9.982889563555628953e+00 1.037433852749560081e+01
1.049699999999999962e-05 8.749363212950612478e+00 9.121635287606906672e+00 9.694585277507608012e+00 1.028498552090782248e+01 1.068828026845213586e+01
1.082599999999999935e-05 9.014136759645479557e+00 9.397674545319038231e+00 9.987963168582249196e+00 1.059623012554890842e+01 1.101172939336193046e+01
1.116599999999999948e-05 9.286855134134619050e+00 9.681996671143783928e+00 1.029014419294694704e+01 1.091681397429741551e+01 1.134488397272401095e+01
1.151599999999999952e-05 9.567842615103515413e+00 9.974939741330633325e+00 1.060148766216455662e+01 1.124711826079037813e+01 1.168814014753642461e+01
1.187699999999999996e-05 9.857261341894899331e+00 1.027667279400433387e+01 1.092217323201650991e+01 1.158733358184631612e+01 1.204169598829820131e+01
1.224999999999999960e-05 1.015543559319426237e+01 1.058753390541438577e+01 1.125256021406566553e+01 1.193784113110226208e+01 1.240594763600739370e+01
1.263399999999999965e-05 1.046268964768707832e+01 1.090786115181027327e+01 1.159300791987487855e+01 1.229902210219525749e+01 1.278129123166205794e+01
1.303099999999999941e-05 1.077918564471609209e+01 1.123782357131675447e+01 1.194369600522558805e+01 1.267106709194382219e+01 1.316792484576121147e+01
1.343899999999999957e-05 1.110541000230951880e+01 1.157792827830806637e+01 1.230516343746207575e+01 1.305454789080351397e+01 1.356644268980193679e+01
1.386099999999999993e-05 1.144136272046736735e+01 1.192817527278420719e+01 1.267741021658433986e+01 1.344946449877432748e+01 1.397684476378423390e+01
1.429600000000000001e-05 1.178753021721785288e+01 1.228907166911941928e+01 1.306097530993667633e+01 1.385638870631181874e+01 1.439972527920518708e+01
1.474399999999999978e-05 1.214407463190371317e+01 1.266078650543845363e+01 1.345603837330051178e+01 1.427551111023451114e+01 1.483528230656381552e+01
1.520700000000000026e-05 1.251148238255317224e+01 1.304382689611554547e+01 1.386313837402013505e+01 1.470740350099796068e+01 1.528411005735719819e+01
1.568400000000000095e-05 1.289007774785170568e+01 1.343853091740018968e+01 1.428263462365839942e+01 1.515244707223919640e+01 1.574660467258338770e+01
1.617599999999999895e-05 1.328002286714206548e+01 1.384506760741714082e+01 1.471470677799674398e+01 1.561083242077674882e+01 1.622296422274141392e+01
1.668299999999999934e-05 1.368180415845245967e+01 1.426394408054063057e+01 1.515989380437945577e+01 1.608313133706616327e+01 1.671378291932835225e+01
1.720600000000000094e-05 1.409574590046837983e+01 1.469549841302016446e+01 1.561855501436939697e+01 1.656972501474449189e+01 1.721945690334225887e+01
1.774599999999999916e-05 1.452217237187529619e+01 1.514006868110522497e+01 1.609104971952941199e+01 1.707099464744875661e+01 1.774038231578117930e+01
1.830300000000000077e-05 1.496156999070143456e+01 1.559816199917006330e+01 1.657791688720380563e+01 1.758751202563451699e+01 1.827715336814219427e+01
1.887699999999999900e-05 1.541426303563228117e+01 1.607011644346416901e+01 1.707951582895542941e+01 1.811965834293881983e+01 1.883016620142336706e+01
1.946899999999999944e-05 1.588057578535330627e+01 1.655627009023703877e+01 1.759620585634715084e+01 1.866781479299869417e+01 1.939981695662273964e+01
2.008000000000000087e-05 1.636148107592095258e+01 1.705763716823714660e+01 1.812906490406754045e+01 1.923312495672525202e+01 1.998729405673445925e+01
2.070999999999999992e-05 1.685600607127878447e+01 1.757320344871602202e+01 1.867701503742801705e+01 1.981444525320738492e+01 2.059140907876438931e+01
2.135899999999999997e-05 1.736674500091064388e+01 1.810567354166961707e+01 1.924293074893146382e+01 2.041482523154139272e+01 2.121533115069694020e+01
2.202899999999999864e-05 1.789207647138912805e+01 1.865335706585045017e+01 1.982501548076357878e+01 2.103235892354208048e+01 2.185707956754184167e+01
2.271999999999999931e-05 1.843200048271424052e+01 1.921625402125853554e+01 2.042326923292436902e+01 2.166704632920945883e+01 2.251665432929911503e+01
2.343300000000000079e-05 1.898975982174077970e+01 1.979774517038880788e+01 2.104128512104241366e+01 2.232269938491389638e+01 2.319801684594925817e+01
2.416799999999999968e-05 1.956535448846875269e+01 2.039783051324127428e+01 2.167906314511772692e+01 2.299931809065540378e+01 2.390116711749229950e+01
2.492600000000000157e-05 2.015716308947074253e+01 2.101481966856844963e+01 2.233480674733600324e+01 2.369499647824876476e+01 2.462412443893794034e+01
2.570799999999999849e-05 2.076680701817416974e+01 2.165040301761781905e+01 2.301031248551155173e+01 2.441164051587920270e+01 2.536886951527648293e+01
2.651499999999999940e-05 2.139428627457902721e+01 2.230458056038937187e+01 2.370558035964434751e+01 2.514925020354669272e+01 2.613540234650789529e+01
2.734599999999999873e-05 2.204284364554012043e+01 2.298073305937805699e+01 2.442420348536300878e+01 2.591163747762162117e+01 2.692768434261272148e+01
2.820399999999999966e-05 2.270923634420264392e+01 2.367547975208893618e+01 2.516258874703894222e+01 2.669499040173361237e+01 2.774175409361043876e+01
2.908899999999999881e-05 2.339670715742141027e+01 2.439220140101695478e+01 2.592432926030071982e+01 2.750312091225303845e+01 2.858157300948154855e+01
3.000099999999999956e-05 2.410363469176899187e+01 2.512920762491462057e+01 2.670762846733405738e+01 2.833412304099470447e+01 2.944516038523580193e+01
3.094299999999999834e-05 2.483326173410021909e+01 2.588987918627689666e+01 2.751607948376755886e+01 2.919180872432899676e+01 3.033647763085373583e+01
3.191299999999999752e-05 2.558396689098768206e+01 2.667252570385629440e+01 2.834788575178690095e+01 3.007427199407072749e+01 3.125354404134506936e+01
3.291399999999999692e-05 2.635899294928618986e+01 2.748052794014778044e+01 2.920664038702070897e+01 3.098532478659026523e+01 3.220032102669032525e+01
3.394699999999999871e-05 2.715509712214092986e+01 2.831050513265639879e+01 3.008875027384036471e+01 3.192115516551723786e+01 3.317284717690900209e+01
3.501200000000000292e-05 2.797714358983411742e+01 2.916752842512456922e+01 3.099960508568877415e+01 3.288748103540721246e+01 3.417706460697186799e+01
3.610999999999999816e-05 2.882351095893834270e+01 3.004990743630481020e+01 3.193740826475162109e+01 3.388239642807499763e+01 3.521099261188867047e+01
3.724300000000000239e-05 2.969582062288100488e+01 3.095933254744459617e+01 3.290395636884323238e+01 3.490780731170578122e+01 3.627661189664965491e+01
3.841100000000000205e-05 3.059407258166211818e+01 3.189580375854393068e+01 3.389924939796356540e+01 3.596371368629955612e+01 3.737392246125483553e+01
3.961600000000000153e-05 3.151988822870907825e+01 3.286101145085028463e+01 3.492508390992696121e+01 3.705202152004151372e+01 3.850490501069447191e+01
4.085900000000000301e-05 3.247326756402188153e+01 3.385495562436365447e+01 3.598145990473339140e+01 3.817273081293166115e+01 3.966955954496857117e+01
4.213999999999999972e-05 3.345583198102794853e+01 3.487932666033152174e+01 3.707017394019716505e+01 3.932774753315517557e+01 4.086986676906737870e+01
4.346199999999999825e-05 3.446758147972725794e+01 3.593412455875387224e+01 3.819122601631828218e+01 4.051707168071207121e+01 4.210582668299090159e+01
4.482600000000000077e-05 3.551013745354720186e+01 3.702103970087818396e+01 3.934641269091102345e+01 4.174260922378749683e+01 4.337941999172940655e+01
4.623200000000000053e-05 3.658349990248780159e+01 3.814007208670446403e+01 4.053573396397541018e+01 4.300436016238150927e+01 4.469064669528289357e+01
4.768200000000000189e-05 3.769091161340387686e+01 3.929460247872764711e+01 4.176278295114002503e+01 4.430613643286445580e+01 4.604346820363188186e+01
4.917800000000000247e-05 3.883075119286799293e+01 4.048294049570026942e+01 4.302576309459057313e+01 4.564603206705113791e+01 4.743590381178611892e+01
5.072000000000000228e-05 4.000626142773497662e+01 4.170846690011727986e+01 4.432826750995564424e+01 4.702785900131193841e+01 4.887191492972609552e+01
5.231100000000000111e-05 4.121582092457740742e+01 4.296949131073117201e+01 4.566849963942095059e+01 4.844971126746168011e+01 5.034952085246158759e+01
5.395200000000000115e-05 4.246267247025011216e+01 4.426939449003693738e+01 4.705005259861508904e+01 4.991540080187074579e+01 5.187268298997311433e+01
5.564500000000000002e-05 4.374681606475306950e+01 4.560817643803452626e+01 4.847292638753803118e+01 5.142492760453909995e+01 5.344140134226067573e+01
5.738999999999999771e-05 4.506987310151370707e+01 4.698752753597146636e+01 4.993891756400410031e+01 5.298019764365194817e+01 5.505765661431452429e+01
5.919100000000000300e-05 4.643346497395938854e+01 4.840913816509517176e+01 5.144982268582758422e+01 5.458311688739448897e+01 5.672342951112490539e+01
6.104700000000000014e-05 4.783921307551755575e+01 4.987469870665316307e+01 5.300743831082279200e+01 5.623559130395189243e+01 5.844070073768212126e+01
6.296199999999999789e-05 4.928549601276080239e+01 5.138251877939795520e+01 5.460996788117540746e+01 5.793571492513898136e+01 6.020748958899587677e+01
6.493700000000000524e-05 5.077555657254391264e+01 5.293597914582444730e+01 5.626100451251403456e+01 5.968729968732612434e+01 6.202775747504671244e+01
6.697500000000000165e-05 5.231263754172169200e+01 5.453846056842763801e+01 5.796414132046725598e+01 6.149415752688371128e+01 6.390546580581514746e+01
6.907499999999999849e-05 5.389511752686675550e+01 5.618827266596004222e+01 5.971758174722079104e+01 6.335438247562652947e+01 6.583863387631092223e+01
7.124200000000000671e-05 5.552461792140649521e+01 5.788710581966912372e+01 6.152312235058892043e+01 6.526988050173977740e+01 6.782924239152427504e+01
7.347700000000000140e-05 5.720438151219573797e+01 5.963834079204983141e+01 6.338435624620025521e+01 6.724446354159384498e+01 6.988125276143578901e+01
7.578200000000000051e-05 5.893440829923444824e+01 6.144197758310215818e+01 6.530128343405478120e+01 6.927813159518873931e+01 7.199466498604540732e+01
7.815899999999999486e-05 6.071631967595004653e+01 6.329970657407357493e+01 6.727570047196682879e+01 7.137279063070960206e+01 7.417145977034343218e+01
8.061100000000000459e-05 6.255335842919733835e+01 6.521490852745903055e+01 6.931120047556491670e+01 7.353225258452683022e+01 7.641559852431032596e+01
8.313999999999999342e-05 6.444390316554891740e+01 6.718589306201106126e+01 7.140598688703481400e+01 7.575461148845523951e+01 7.872510054295588589e+01
8.574800000000000640e-05 6.639281806528701679e+01 6.921773132147207264e+01 7.356544937981939825e+01 7.804558524705041123e+01 8.110590794125090497e+01
8.843799999999999589e-05 6.840172452183900020e+01 7.131211368708954979e+01 7.579138451173297142e+01 8.040707982849748703e+01 8.356000142418560017e+01
9.121199999999999339e-05 7.047062253520486763e+01 7.346904015886346428e+01 7.808379228277549089e+01 8.283909523279650955e+01 8.608738099175997149e+01
9.407300000000000547e-05 7.260113349881207512e+01 7.569020111804128703e+01 8.044446925076130128e+01 8.534353742813266308e+01 8.869002734896430695e+01
9.702399999999999805e-05 7.479650019951535000e+01 7.797897732711800245e+01 8.287700853131894974e+01 8.792421835087628779e+01 9.137190190577913995e+01
1.000699999999999957e-04 7.705834403074217676e+01 8.033705916734105301e+01 8.538320668226278087e+01 9.058304396921258217e+01 9.413498536719473009e+01
1.032099999999999961e-04 7.938828638591991194e+01 8.276613701995792383e+01 8.796486026140708248e+01 9.332192025132678737e+01 9.698125843820130854e+01
1.064400000000000041e-04 8.178794865847592632e+01 8.526790126621607158e+01 9.062376582656612811e+01 9.614275316540400240e+01 9.991270182378913489e+01
1.097799999999999959e-04 8.426057363526510358e+01 8.784573266861043805e+01 9.336351649336852176e+01 9.904935464781466692e+01 1.029332769339387852e+02
1.132299999999999984e-04 8.680940410314219946e+01 9.050301198963600768e+01 9.618770537744288163e+01 1.020455366349291495e+02 1.060469451786307644e+02
1.167800000000000034e-04 8.943281866867981478e+01 9.323804884804525273e+01 9.909453592097486307e+01 1.051293931585622374e+02 1.092517258528748130e+02
1.204400000000000056e-04 9.213730290558754632e+01 9.605760476882808518e+01 1.020911943552216741e+02 1.083085480914546679e+02 1.125555417766319124e+02
1.242199999999999999e-04 9.492123542043803752e+01 9.895998937073703416e+01 1.051758841223690411e+02 1.115810954654213134e+02 1.159564122449118742e+02
1.281200000000000134e-04 9.779110178694089939e+01 1.019519641787619690e+02 1.083557914536741009e+02 1.149546591532028543e+02 1.194622600776757224e+02
1.321399999999999918e-04 1.007469020050960609e+02 1.050335291929029324e+02 1.116309163491369105e+02 1.184292391547993333e+02 1.230730852749234572e+02
1.362799999999999895e-04 1.037918788617584056e+02 1.082080651756548093e+02 1.150048519243860312e+02 1.220086474065811331e+02 1.267928492466356261e+02
1.405599999999999959e-04 1.069292751437826752e+02 1.114789528895126125e+02 1.184811912950500528e+02 1.256966958449186222e+02 1.306255134027926772e+02
1.449599999999999945e-04 1.101607122445963398e+02 1.148478827157237419e+02 1.220617310189432771e+02 1.294952904379969425e+02 1.345730584483849839e+02
1.495099999999999966e-04 1.134894329510541127e+02 1.183182354167831960e+02 1.257500642116943084e+02 1.334082431221865477e+02 1.386394457933930084e+02
1.542000000000000076e-04 1.169186800500109200e+02 1.218933917551858599e+02 1.295497839889317220e+02 1.374393658338576927e+02 1.428286368477972701e+02
1.590399999999999952e-04 1.204500749348940616e+02 1.255750421121792613e+02 1.334626869084698626e+02 1.415905645411956755e+02 1.471426123165880142e+02
1.640300000000000135e-04 1.240901031794131768e+02 1.293699480127532979e+02 1.374959592015658245e+02 1.458694631169412332e+02 1.515892950197263360e+02
1.691700000000000083e-04 1.278371433901408949e+02 1.332764190756604705e+02 1.416478043104054052e+02 1.502741555929090964e+02 1.561667042522220186e+02
1.744799999999999964e-04 1.316993025342142118e+02 1.373029072071381052e+02 1.459272050240600436e+02 1.548141718100253286e+02 1.608847435390262319e+02
1.799500000000000101e-04 1.356765806116330850e+02 1.414494124071862302e+02 1.503341613425297396e+02 1.594895117682897876e+02 1.657434128801390614e+02
1.856000000000000119e-04 1.397738418026797831e+02 1.457210058195472584e+02 1.548740629392573283e+02 1.643058933722581401e+02 1.707486543905312431e+02
1.914200000000000070e-04 1.439943288942091328e+02 1.501210682067161599e+02 1.595505029298715840e+02 1.692671285583007545e+02 1.759044294801834383e+02
1.974300000000000122e-04 1.483412846730757906e+02 1.546529803311878482e+02 1.643670744300009119e+02 1.743770292627879712e+02 1.812146995590759957e+02
2.036200000000000054e-04 1.528195733195621244e+02 1.593218133367047358e+02 1.693291671130882321e+02 1.796413133902753430e+02 1.866854067421797652e+02
2.100100000000000035e-04 1.574324376205229328e+02 1.641309479857617930e+02 1.744403740947622907e+02 1.850637928771332668e+02 1.923205124394753511e+02
2.165900000000000117e-04 1.621879845430951264e+02 1.690888361845963743e+02 1.797096781640942993e+02 1.906539975642876357e+02 1.981299201759139805e+02
2.233899999999999872e-04 1.670845926938513344e+02 1.741937875519609236e+02 1.851352827632702542e+02 1.964100214835534075e+02 2.041116492465054080e+02
2.303999999999999896e-04 1.721109123187998478e+02 1.794339694191232866e+02 1.907046119875898569e+02 2.023185228576340648e+02 2.102518347163178021e+02
2.376199999999999916e-04 1.773155852207625855e+02 1.848600932235075049e+02 1.964715625714821385e+02 2.084366807320853354e+02 2.166098977350590076e+02
2.450800000000000049e-04 1.826499695969176287e+02 1.904214475276895087e+02 2.023822377805180963e+02 2.147073160613516905e+02 2.231264171530212366e+02
2.527599999999999856e-04 1.881627072500868962e+02 1.961687437690933109e+02 2.084905343491267331e+02 2.211876078909885450e+02 2.298608141199122201e+02
2.606899999999999994e-04 1.938375842459964247e+02 2.020850781352444017e+02 2.147784866991650290e+02 2.278584965391441699e+02 2.367932815858294475e+02
2.688699999999999922e-04 1.996746005846462708e+02 2.081704506261425536e+02 2.212460948306329556e+02 2.347199820058185367e+02 2.439238195507728904e+02
2.773100000000000131e-04 2.056899702003104267e+02 2.144417650542626461e+02 2.279113243216735611e+02 2.417911239728634882e+02 2.512722350646451446e+02
2.860000000000000129e-04 2.118836930929888354e+02 2.208990214196046225e+02 2.347741751722867605e+02 2.490719224402790246e+02 2.588385281274461249e+02
2.949800000000000252e-04 2.182719831969555742e+02 2.275591235346433052e+02 2.418526129606156019e+02 2.565814370899171308e+02 2.666425057890787116e+02
3.042300000000000061e-04 2.248386265779366795e+02 2.344051675869036728e+02 2.491286721085170370e+02 2.643006082399257934e+02 2.746643609996400528e+02
3.137699999999999994e-04 2.316160511044800216e+02 2.414709612013354558e+02 2.566382837722770205e+02 2.722675552540086983e+02 2.829437078589354542e+02
3.236199999999999949e-04 2.385880428423118360e+02 2.487396005654639168e+02 2.643634823737526744e+02 2.804632184503142298e+02 2.914607393170623482e+02
3.337699999999999977e-04 2.457546017914318952e+02 2.562110856792889990e+02 2.723042679129439421e+02 2.888875978288421607e+02 3.002154553740207348e+02
3.442399999999999974e-04 2.531481558203882969e+02 2.639192241677599782e+02 2.804965715461366358e+02 2.975788127532963472e+02 3.092474701296156354e+02
3.550399999999999888e-04 2.607524909949071343e+02 2.718471122184024011e+02 2.889224276951879347e+02 3.065178035418249465e+02 3.185369765339447099e+02
3.661700000000000263e-04 2.686000351835363631e+02 2.800285574561654585e+02 2.976177675163837648e+02 3.157426895581315307e+02 3.281235886868130933e+02
3.776599999999999857e-04 2.766583605177278855e+02 2.884297522560999028e+02 3.065466598534381433e+02 3.252153514385125277e+02 3.379676924884154801e+02
3.895099999999999756e-04 2.849598948660299129e+02 2.970845042431552088e+02 3.157450358626369962e+02 3.349739085466715665e+02 3.481089020385573463e+02
4.017199999999999959e-04 2.935208521627163236e+02 3.060097172298058581e+02 3.252308611221233150e+02 3.450374205644606604e+02 3.585670243871409184e+02
4.143300000000000260e-04 3.023250184735130688e+02 3.151884874035772555e+02 3.349861700537541651e+02 3.553868278100277962e+02 3.693222524842638563e+02
4.273200000000000219e-04 3.113886077326943678e+02 3.246377185769442804e+02 3.450289282356724243e+02 3.660411899652249303e+02 3.803943933798288981e+02
4.407300000000000171e-04 3.207116199402601069e+02 3.343574107499066486e+02 3.553591356678781494e+02 3.770005070300519492e+02 3.917834470738357595e+02
4.545500000000000170e-04 3.303264829647582701e+02 3.443813715474138917e+02 3.660127235066573803e+02 3.883028983682127091e+02 4.035290276660897462e+02
4.688100000000000058e-04 3.402007689376408734e+02 3.546757933445167055e+02 3.769537605957239634e+02 3.999102446160035242e+02 4.155915210567857230e+02
4.835199999999999785e-04 3.503831196617301202e+02 3.652913875786392168e+02 3.882361436695069301e+02 4.118797248189799234e+02 4.280303483956313926e+02
4.986899999999999840e-04 3.608573212027517343e+02 3.762112504373064894e+02 3.998419071498633457e+02 4.241922792952900068e+02 4.408257026327244716e+02
5.143300000000000172e-04 3.716395874949798213e+02 3.874522857329933458e+02 4.117890166149360880e+02 4.368669677267857878e+02 4.539973908179670161e+02
5.304599999999999593e-04 3.827299185384145517e+02 3.990144934656999567e+02 4.240774720647252707e+02 4.499037901134669823e+02 4.675454129513595944e+02
5.471000000000000169e-04 3.941445282673297470e+02 4.109147774479009172e+02 4.367252390773737147e+02 4.633218061371857743e+02 4.814895760828045468e+02
5.642600000000000220e-04 4.058834166817255777e+02 4.231531376795961705e+02 4.497323176528814201e+02 4.771210157979419932e+02 4.958298802123018731e+02
5.819700000000000133e-04 4.179790116501499142e+02 4.357633817857351914e+02 4.631346389475344836e+02 4.913395384594394386e+02 5.106059394396567086e+02
6.002200000000000504e-04 4.304150992383288781e+02 4.487286059538434415e+02 4.769142373831897430e+02 5.059583144398261538e+02 5.257979467149668835e+02
6.190500000000000039e-04 4.432078933805363476e+02 4.620657139963951749e+02 4.910890785379904742e+02 5.209964034209540387e+02 5.414257090881345675e+02
6.384700000000000314e-04 4.563736080110464854e+02 4.757916097258654986e+02 5.056771279900792138e+02 5.364728650846750497e+02 5.575090336090624987e+02
6.585000000000000141e-04 4.699122431298594051e+02 4.899062931422544693e+02 5.206783857394564166e+02 5.523876994309893007e+02 5.740479202777505634e+02
6.791500000000000011e-04 4.838400126712487577e+02 5.044266680580366256e+02 5.361108173642645625e+02 5.687599661417481229e+02 5.910621761441018407e+02
7.004599999999999715e-04 4.981569166352148841e+02 5.193527344732118536e+02 5.519744228645041630e+02 5.855896652169524259e+02 6.085518012081157622e+02
7.224300000000000339e-04 5.128953828903057683e+02 5.347183000127299692e+02 5.683051333964606329e+02 6.029149160203050997e+02 6.265564095695980313e+02
7.450900000000000101e-04 5.280554114365213536e+02 5.505233646765905178e+02 5.851029489601344267e+02 6.207357185518065990e+02 6.450760012285481935e+02
7.684599999999999981e-04 5.436370022738615262e+02 5.667679284647938402e+02 6.023678695555252034e+02 6.390520728114566964e+02 6.641105761849664759e+02
7.925700000000000366e-04 5.596563693366005054e+02 5.834688951898143614e+02 6.201178607607760114e+02 6.578830384811075191e+02 6.836799414887557305e+02
8.174299999999999579e-04 5.761135126247381777e+02 6.006262648516521949e+02 6.383529225758871917e+02 6.772286155607587261e+02 7.037840971399156160e+02
8.430799999999999579e-04 5.930570739410967462e+02 6.182907488877317519e+02 6.571269517352872072e+02 6.971459830959662440e+02 7.244824642881542331e+02
8.695200000000000368e-04 6.104546254171281134e+02 6.364285396731035007e+02 6.764040170826904159e+02 7.175970217230262733e+02 7.457354288336663330e+02
8.968000000000000060e-04 6.283385949213802633e+02 6.550734448327165182e+02 6.962200497743825736e+02 7.386198508056423861e+02 7.675826048762567098e+02
9.249300000000000230e-04 6.467251963881271877e+02 6.742423681790457977e+02 7.165930153885063874e+02 7.602335300256664823e+02 7.900437994658284424e+02
9.539400000000000180e-04 6.656144298173688867e+02 6.939353097120913390e+02 7.375229139250624257e+02 7.824380593830989028e+02 8.131190126023815310e+02
9.838699999999999703e-04 6.850225091433794660e+02 7.141691732443279079e+02 7.590277109621932823e+02 8.052524985597908653e+02 8.368280513358183725e+02
1.014700000000000107e-03 7.049656483004331449e+02 7.349608625882300430e+02 7.811253720780423464e+02 8.286959072375950655e+02 8.611907227160414777e+02
1.046599999999999961e-03 7.254438472885295823e+02 7.563103777437977442e+02 8.038158972726091633e+02 8.527682854165110484e+02 8.862070267430516424e+02
1.079400000000000108e-03 7.464895339762173307e+02 7.782515263359807705e+02 8.271352177021798298e+02 8.775077524602423864e+02 9.119165775166533194e+02
1.113300000000000010e-03 7.680864944292214886e+02 8.007674045523042423e+02 8.510653677886109563e+02 9.028952486869375207e+02 9.382995679869435435e+02
1.148200000000000045e-03 7.902671565160909495e+02 8.238918200177173503e+02 8.756422786881892080e+02 9.289688934603001371e+02 9.653956122537287001e+02
1.184200000000000053e-03 8.130477341710992505e+02 8.476416765446948602e+02 9.008839159790574058e+02 9.557477464621816807e+02 9.932245173669107317e+02
1.221300000000000033e-03 8.364282273942465054e+02 8.720169741332371132e+02 9.267902796612148677e+02 9.832318076925829473e+02 1.021786283326489752e+03
1.259600000000000043e-03 8.604248501198071608e+02 8.970346165958187612e+02 9.533793353128054378e+02 1.011440136833355496e+03 1.051100717182368044e+03
1.299199999999999921e-03 8.850376023477805347e+02 9.226946039324393496e+02 9.806510829338286612e+02 1.040372733884498757e+03 1.081167818934546176e+03
1.339899999999999989e-03 9.102989119467150658e+02 9.490307437680489784e+02 1.008641453680570407e+03 1.070067718209717441e+03 1.112027202682829056e+03
1.381899999999999925e-03 9.362249928508845187e+02 9.760599399151215039e+02 1.037368413131174066e+03 1.100544149490862537e+03 1.143698675477119423e+03
1.425300000000000004e-03 9.627996311260153561e+02 1.003765288561183183e+03 1.066813995707496360e+03 1.131782968046082942e+03 1.176162430267514765e+03
1.469999999999999953e-03 9.900552546406552210e+02 1.032180597331182980e+03 1.097014132565822820e+03 1.163822293239081773e+03 1.209458081153819876e+03
1.516100000000000043e-03 1.018008077329078446e+03 1.061322770037595546e+03 1.127986789284297402e+03 1.196681184751711498e+03 1.243605435185938177e+03
1.563699999999999899e-03 1.046641885257010472e+03 1.091174902867945775e+03 1.159714000284776148e+03 1.230340582902119195e+03 1.278584685313966020e+03
1.612699999999999897e-03 1.076005320227273842e+03 1.121787707259658873e+03 1.192249662301688886e+03 1.264857666735861585e+03 1.314455252687611619e+03
1.663299999999999935e-03 1.106082168305594678e+03 1.153144279400259165e+03 1.225575809756891431e+03 1.300213376571086201e+03 1.351197330256973146e+03
1.715500000000000011e-03 1.136888643426246517e+03 1.185261523102222100e+03 1.259710408228527967e+03 1.336426772089645510e+03 1.388830725071952429e+03
1.769299999999999909e-03 1.168440959523503579e+03 1.218156342178021987e+03 1.294671423294740862e+03 1.373516912973390617e+03 1.427375244182451752e+03
1.824799999999999903e-03 1.200755330531640084e+03 1.251845640440133366e+03 1.330476820533673163e+03 1.411502858904173991e+03 1.466850694638374762e+03
1.882100000000000049e-03 1.233815542516381811e+03 1.286312514076081698e+03 1.367108634367181821e+03 1.450365550200143161e+03 1.507237269389818039e+03
1.941100000000000074e-03 1.267654023346276745e+03 1.321590770710816514e+03 1.404602795951553162e+03 1.490143106225002839e+03 1.548574582536587286e+03
2.001999999999999873e-03 1.302286986955599104e+03 1.357697314156812354e+03 1.442977270864929778e+03 1.530854586660604127e+03 1.590882441128584787e+03
2.064799999999999882e-03 1.337682005475800452e+03 1.394598336789119912e+03 1.482196127951026028e+03 1.572461872143243227e+03 1.634121231066005976e+03
2.129600000000000156e-03 1.373903934643977891e+03 1.432361453857638253e+03 1.522331229522412968e+03 1.615041201400327509e+03 1.678370180548460212e+03
2.196399999999999828e-03 1.410904132657307855e+03 1.470935953924943078e+03 1.563328678844662818e+03 1.658535395386302753e+03 1.723569868426240873e+03
2.265300000000000039e-03 1.448715027384339464e+03 1.510355644615983692e+03 1.605224407074060309e+03 1.702982573464870711e+03 1.769759908799152072e+03
2.336299999999999922e-03 1.487352832759346484e+03 1.550637429743235089e+03 1.648036379788750082e+03 1.748401795317884535e+03 1.816960108717096318e+03
2.409600000000000023e-03 1.526801334848055376e+03 1.591764405494222046e+03 1.691746631410587497e+03 1.794774001263491982e+03 1.865150661130173148e+03
2.485199999999999909e-03 1.567060533650464549e+03 1.633736571868944793e+03 1.736355161939573236e+03 1.842099191301693054e+03 1.914331566038379378e+03
2.563199999999999854e-03 1.608162857035124262e+03 1.676587736492353088e+03 1.781897902531993623e+03 1.890415484796191549e+03 1.964542437541522986e+03
2.643599999999999856e-03 1.650092091067758929e+03 1.720300995551971710e+03 1.828356887609705154e+03 1.939703822065136137e+03 2.015763468589699869e+03
2.726500000000000191e-03 1.692734738208450608e+03 1.764758022360477753e+03 1.875606358125707175e+03 1.989830785335562496e+03 2.067856009833591997e+03
2.811999999999999830e-03 1.736350221405583852e+03 1.810229277917467471e+03 1.923933763330287320e+03 2.041101329517101703e+03 2.121136974071641362e+03
2.900199999999999913e-03 1.780776401316418969e+03 1.856545724098192295e+03 1.973159447442015789e+03 2.093324857791234081e+03 2.175408290804822627e+03
2.991199999999999849e-03 1.826013277940955049e+03 1.903707360902653363e+03 2.023283410460891901e+03 2.146501370157960537e+03 2.230669960033133975e+03
3.085000000000000069e-03 1.871898711936452401e+03 1.951545150206103244e+03 2.074125996605486762e+03 2.200440269798761619e+03 2.286723911257549844e+03
3.181799999999999819e-03 1.918756981988391317e+03 2.000397168258035890e+03 2.126046517438660430e+03 2.255522750350674414e+03 2.343966285476123630e+03
3.281599999999999968e-03 1.966263809411291049e+03 2.049925338808957349e+03 2.178685661397552849e+03 2.311367618176664109e+03 2.402000941690801938e+03
3.384600000000000195e-03 2.014743472890632574e+03 2.100467738108362028e+03 2.232402740045022256e+03 2.368356066913764607e+03 2.461224020899637708e+03
3.490699999999999793e-03 2.063871693740934916e+03 2.151686289906755064e+03 2.286838441818211777e+03 2.426106902924940186e+03 2.521239382104577999e+03
3.600200000000000015e-03 2.113810611304939812e+03 2.203750032328884117e+03 2.342172422498548713e+03 2.484810723028710072e+03 2.582245095804649736e+03
3.713199999999999834e-03 2.164398086239904842e+03 2.256489927250001529e+03 2.398225026304603489e+03 2.544276930406554584e+03 2.644043091500825540e+03
3.829599999999999844e-03 2.215796257888571745e+03 2.310075012794855411e+03 2.455175909017807953e+03 2.604696121876992493e+03 2.706831439692133699e+03
3.949799999999999839e-03 2.267842986908198782e+03 2.364336250838698106e+03 2.512845414856730713e+03 2.665877700621505483e+03 2.770412069879545470e+03
4.073700000000000411e-03 2.320538273298787317e+03 2.419273641381528250e+03 2.571233543821371768e+03 2.727821666640093099e+03 2.834784982063063126e+03
4.201500000000000373e-03 2.373882117060337805e+03 2.474887184423348572e+03 2.630340295911731573e+03 2.790528019932755797e+03 2.899950176242684392e+03
4.333299999999999999e-03 2.427874518192848427e+03 2.531176879964156342e+03 2.690165671127809674e+03 2.853996760499494030e+03 2.965907652418410635e+03
4.469200000000000429e-03 2.482515476696321002e+03 2.588142728003953835e+03 2.750709669469607434e+03 2.918227888340306436e+03 3.032657410590242762e+03
4.609399999999999609e-03 2.537642853228013337e+03 2.645615690417992482e+03 2.811792635155693915e+03 2.983030806636675152e+03 3.100001380259152484e+03
4.754000000000000413e-03 2.593256647787926795e+03 2.703595767206272285e+03 2.873414568186068664e+03 3.048405515388600179e+03 3.167939561425141164e+03
4.903099999999999646e-03 2.649356860376061832e+03 2.762082958368793697e+03 2.935575468560733043e+03 3.114352014596081517e+03 3.236471954088208804e+03
5.056899999999999590e-03 2.704578513527462746e+03 2.819581450170282551e+03 2.996566585782120001e+03 3.178927455634922353e+03 3.303487239062773824e+03
5.215499999999999650e-03 2.761418612124376523e+03 2.878836221750411823e+03 3.059537086425117195e+03 3.245726087897503476e+03 3.372900370250510605e+03
5.379100000000000374e-03 2.818579843287579479e+03 2.938425617524297650e+03 3.122862948218188194e+03 3.312901414800380280e+03 3.442704748166483569e+03
5.547899999999999707e-03 2.876062070916304492e+03 2.998349487358664646e+03 3.186543998119565003e+03 3.380453238021751531e+03 3.512900156238178170e+03
5.721900000000000250e-03 2.933703170493045945e+03 3.058438808483437242e+03 3.250400596494890124e+03 3.448190977662437490e+03 3.583288541378634818e+03
5.901400000000000222e-03 2.991502984281169120e+03 3.118693406811023124e+03 3.314432542556481621e+03 3.516114403460565882e+03 3.653869652040678830e+03
6.086499999999999896e-03 3.049461402268159418e+03 3.179113160206358771e+03 3.378639694338307891e+03 3.584223351521049608e+03 3.724643308475228423e+03
6.277500000000000094e-03 3.107416233620042931e+03 3.239528972885791518e+03 3.442842328260796876e+03 3.652327145930958977e+03 3.795411352861768137e+03
6.474399999999999947e-03 3.165205378644357552e+03 3.299771848602923455e+03 3.506860833936288145e+03 3.720235238980925715e+03 3.865975766393293725e+03
6.677500000000000276e-03 3.222828688202998819e+03 3.359841621808231139e+03 3.570695018964224346e+03 3.787947408567944876e+03 3.936336305483740034e+03
6.886899999999999619e-03 3.280448080095502064e+03 3.419907084721070532e+03 3.634524253394792140e+03 3.855653921798353622e+03 4.006690679169674695e+03
7.102999999999999939e-03 3.337577329214891961e+03 3.479461333305137032e+03 3.697809808439758399e+03 3.922783257575390508e+03 4.076444967321844160e+03
7.325800000000000367e-03 3.394378394325934551e+03 3.538673203988398200e+03 3.760731103601404357e+03 3.989525738186115177e+03 4.145796938264254095e+03
7.555599999999999990e-03 3.450527126348306410e+03 3.597204760344231090e+03 3.822928983591758424e+03 4.055500344096029949e+03 4.214350637762888255e+03
7.792600000000000221e-03 3.506185431508495640e+03 3.655224780431090494e+03 3.884582800000861880e+03 4.120897319121597320e+03 4.282303748033542433e+03
8.037000000000000741e-03 3.561191212559531778e+03 3.712564268514332525e+03 3.945512939671250933e+03 4.185526109011198059e+03 4.349458240920371281e+03
8.289200000000000040e-03 3.615220341858355368e+03 3.768885310611837667e+03 4.005360271328784620e+03 4.249005719879382923e+03 4.415418188962676140e+03
8.549199999999999855e-03 3.668434802676233630e+03 3.824356767618431604e+03 4.064304238747189629e+03 4.311526497926739466e+03 4.480381384070748027e+03
8.817399999999999544e-03 3.720510504042495086e+03 3.878640764842123190e+03 4.121985754148911838e+03 4.372707497325471195e+03 4.543951950090230639e+03
9.093900000000000247e-03 3.771447437143939169e+03 3.931737286200290782e+03 4.178404789242094012e+03 4.432548675919298148e+03 4.606129834653833313e+03
9.379200000000000731e-03 3.820921536174952053e+03 3.983308483711047302e+03 4.233202285412268793e+03 4.490669119659206444e+03 4.666519195220142137e+03
9.673400000000000401e-03 3.869094797025433309e+03 4.033523229533686845e+03 4.286557695345859429e+03 4.547259180905222820e+03 4.725317827791952368e+03
9.976900000000000351e-03 3.915481275476873634e+03 4.081874923721861251e+03 4.337932631858032437e+03 4.601747721094129702e+03 4.781932224051503908e+03
1.029000000000000054e-02 3.960242941463147417e+03 4.128532408479150035e+03 4.387506511071270324e+03 4.654325048634500490e+03 4.836560130664649478e+03
1.061299999999999917e-02 4.003217859026819951e+03 4.173326860010850396e+03 4.435099908807175780e+03 4.704800816638919059e+03 4.889003739885645700e+03
1.094599999999999913e-02 4.043920310912251352e+03 4.215751926463140990e+03 4.480174720323144356e+03 4.752604206710654580e+03 4.938669890695244248e+03
1.128900000000000042e-02 4.082512434135581316e+03 4.255976631612656092e+03 4.522910566825318710e+03 4.797925758127678819e+03 4.985756579167999917e+03
1.164300000000000057e-02 4.118670250360468344e+03 4.293663219321089855e+03 4.562948488364130753e+03 4.840384662613586443e+03 5.029868073417881533e+03
1.200799999999999958e-02 4.152232092758573344e+03 4.328643159883005865e+03 4.600109395413028324e+03 4.879790952462240966e+03 5.070806976896652486e+03
1.238500000000000018e-02 4.183197929924586788e+03 4.360916404689471165e+03 4.634393210454032669e+03 4.916144517264017850e+03 5.108573154910754056e+03
1.277299999999999963e-02 4.211082680655642434e+03 4.389977301815357350e+03 4.665262632804890927e+03 4.948875457397478385e+03 5.142574447916011195e+03
1.317399999999999995e-02 4.236047997157474128e+03 4.415994335631978174e+03 4.692896654785299688e+03 4.978173584029877929e+03 5.173008051949693254e+03
1.358700000000000012e-02 4.257770825188371418e+03 4.438630767773423941e+03 4.716937487023450558e+03 5.003659427940971909e+03 5.199479695738400551e+03
1.401400000000000041e-02 4.276089117078990057e+03 4.457717644590354212e+03 4.737205545310280286e+03 5.025142448138583859e+03 5.221791352351724527e+03
1.445300000000000057e-02 4.290680295869566180e+03 4.472918758131120740e+03 4.753343657589950453e+03 5.042243888778347355e+03 5.239549533311575033e+03
1.490700000000000011e-02 4.301544022411158949e+03 4.484233714157750001e+03 4.765351338321777803e+03 5.054963161817215223e+03 5.252753575565180654e+03
1.537400000000000051e-02 4.308681582381143016e+03 4.491663921421303712e+03 4.773230196517255536e+03 5.063302096455954597e+03 5.261405466837491986e+03
1.585599999999999857e-02 4.311607492893835115e+03 4.494703285071385835e+03 4.776442420851861243e+03 5.066690206988643695e+03 5.264912406503605780e+03
1.635400000000000048e-02 4.310160429345295597e+03 4.493183653205539485e+03 4.774809357317845752e+03 5.064938024275438693e+03 5.263077541633891997e+03
1.686700000000000005e-02 4.304503423576241403e+03 4.487275040210663064e+03 4.768511774010236877e+03 5.058237406716573787e+03 5.256100311584981682e+03
1.739599999999999827e-02 4.294313446900118834e+03 4.476640743340365589e+03 4.757191933496061210e+03 5.046208954599481331e+03 5.243586526861007769e+03
1.794199999999999962e-02 4.279429426019180028e+03 4.461112894816662447e+03 4.740671519614009412e+03 5.028663595963593252e+03 5.225339774502532237e+03
1.850399999999999961e-02 4.259852765105050821e+03 4.440693049426487050e+03 4.718952332749414381e+03 5.005603401589369241e+03 5.201362319997077975e+03
1.908500000000000127e-02 4.235583792820734743e+03 4.415381553948550390e+03 4.692034747585931655e+03 4.977028774624194739e+03 5.171654585592413241e+03
1.968400000000000011e-02 4.206300492903857048e+03 4.384842850798555446e+03 4.659562389689358497e+03 4.942561919842125462e+03 5.135824161065065709e+03
2.030099999999999960e-02 4.172166002279153872e+03 4.349247087915592601e+03 4.621716207573722386e+03 4.902394927950694182e+03 5.094070755460899818e+03
2.093799999999999828e-02 4.133181212249424789e+03 4.308595250733435932e+03 4.578497339319356797e+03 4.856529103745760949e+03 5.046395792709511625e+03
2.159499999999999961e-02 4.089185885606993907e+03 4.262720429839421740e+03 4.529728627991090434e+03 4.804776757226055452e+03 4.992604402961578671e+03
2.227200000000000013e-02 4.040343350963215926e+03 4.211793000641378967e+03 4.475591308477532039e+03 4.747330330878933637e+03 4.932896694373135688e+03
2.297099999999999836e-02 3.986816499881472282e+03 4.155982840965466494e+03 4.416266018229660403e+03 4.684381558323542777e+03 4.867471985116902033e+03
2.369100000000000025e-02 3.928607247868820650e+03 4.095292118310331716e+03 4.351755337467936442e+03 4.615933475990104853e+03 4.796333640913921045e+03
2.443499999999999839e-02 3.866040093115266700e+03 4.030059150218753985e+03 4.282418853094534825e+03 4.542367588217313823e+03 4.719878137587997116e+03
2.520100000000000118e-02 3.799278887409920117e+03 3.960454932550181184e+03 4.208438581218554646e+03 4.463877298243284713e+03 4.638306674667381230e+03
2.599200000000000121e-02 3.728324838427377927e+03 3.886480825314831691e+03 4.129816129791648564e+03 4.380464485824219082e+03 4.551621326646362832e+03
2.680700000000000097e-02 3.653826571193956170e+03 3.808813089894199038e+03 4.047270298978408846e+03 4.292891791443149486e+03 4.460614684214186127e+03
2.764799999999999897e-02 3.575947122432400192e+03 3.727621786368822086e+03 3.960981969546257915e+03 4.201351259872181799e+03 4.365486425832850728e+03
2.851499999999999868e-02 3.495173096638216975e+03 3.643414268010064006e+03 3.871490433766179649e+03 4.106415101779680299e+03 4.266831252105087515e+03
2.940999999999999864e-02 3.411829079811111569e+03 3.556528967987216220e+03 3.779155440239526797e+03 4.008465034923095118e+03 4.165045890138603681e+03
3.033200000000000132e-02 3.326401561636384031e+03 3.467473122483525003e+03 3.684516161141174052e+03 3.908073147543344021e+03 4.060724917037808154e+03
3.128399999999999931e-02 3.239376364906583603e+03 3.376753168210521835e+03 3.588110749026294798e+03 3.805810261217466632e+03 3.954461462867626778e+03
3.226500000000000201e-02 3.151401139535121274e+03 3.285044266697734201e+03 3.490656699865278370e+03 3.702437486617741342e+03 3.847046425973490841e+03
3.327700000000000102e-02 3.062799899983127489e+03 3.192684196475708177e+03 3.392512971133010069e+03 3.598335599352545159e+03 3.738875482399142584e+03
3.432099999999999734e-02 2.974381126298786967e+03 3.100515637399097614e+03 3.294574847735853382e+03 3.494454054196074594e+03 3.630935068701819546e+03
3.539799999999999891e-02 2.886791421998215810e+03 3.009212520609733929e+03 3.197558291657025165e+03 3.391552089923202857e+03 3.524013966387415167e+03
3.650799999999999879e-02 2.800192721627939136e+03 2.918943664634157358e+03 3.101642714725785481e+03 3.289820032852809163e+03 3.418309956789264106e+03
3.765299999999999897e-02 2.715553886496882569e+03 2.830718744418926235e+03 3.007900545840798259e+03 3.190394902894582174e+03 3.315004139490074067e+03
3.883400000000000046e-02 2.633197623620863851e+03 2.744874025830409209e+03 2.916688893386679410e+03 3.093655255184722137e+03 3.214489702760227829e+03
4.005199999999999733e-02 2.553607764379703895e+03 2.661913644571010991e+03 2.828543101604269395e+03 3.000168543321191919e+03 3.117356006101793355e+03
4.130899999999999850e-02 2.477267757403722499e+03 2.582341269443048532e+03 2.743997908715331050e+03 2.910501459839878407e+03 3.024191535523253606e+03
4.260499999999999704e-02 2.404660668481368702e+03 2.506660147804770077e+03 2.663587569911921037e+03 2.825220148393642376e+03 2.935584181966883989e+03
4.394100000000000089e-02 2.335946486261726477e+03 2.435036799122787670e+03 2.587488617399555551e+03 2.744511412675321480e+03 2.851727740078077204e+03
4.531999999999999917e-02 2.271284978290420440e+03 2.367637440467894976e+03 2.515877145674266103e+03 2.668561466836671116e+03 2.772815304340309467e+03
4.674099999999999783e-02 2.210835601662301997e+03 2.304627988847653342e+03 2.448928970270203536e+03 2.597556274374332133e+03 2.699039741756535022e+03
4.820699999999999985e-02 2.154596364068537696e+03 2.246006029009709437e+03 2.386640979295550551e+03 2.531491951083735785e+03 2.630396610830065129e+03
4.972000000000000031e-02 2.102403899300491503e+03 2.191600994512380112e+03 2.328831492901765614e+03 2.470175327995275893e+03 2.566684874574016703e+03
5.127899999999999819e-02 2.054094694008899751e+03 2.141242200533165033e+03 2.275318763651548124e+03 2.413413229011024669e+03 2.507703534789830883e+03
5.288799999999999751e-02 2.009021916645802776e+03 2.094255333076936040e+03 2.225386190902753697e+03 2.360445493592733328e+03 2.452662685001485443e+03
5.454699999999999827e-02 1.966861166068818648e+03 2.050302104599189079e+03 2.178674109551183392e+03 2.310890423065176947e+03 2.401165573962063718e+03
5.625800000000000245e-02 1.926805010019126712e+03 2.008541022374052545e+03 2.134288653805664580e+03 2.263800243844252236e+03 2.352227639152480606e+03
5.802299999999999819e-02 1.888046564896002565e+03 1.968131273202995544e+03 2.091336853865003377e+03 2.218228319485698194e+03 2.304865629889610773e+03
5.984300000000000036e-02 1.849618518932869165e+03 1.928065084777965694e+03 2.048748770323524695e+03 2.173040778026614589e+03 2.257902074795344106e+03
6.171999999999999709e-02 1.810554392641435243e+03 1.887335713874224894e+03 2.005455816865340012e+03 2.127105459558832081e+03 2.210161473403953096e+03
6.365600000000000425e-02 1.770049495084832188e+03 1.845105131530513745e+03 1.960568784601262678e+03 2.079480573761689811e+03 2.160666205372725017e+03
6.565300000000000302e-02 1.726978137893505163e+03 1.800201191022696321e+03 1.912844226164142356e+03 2.028849445057302773e+03 2.108049709267485923e+03
6.771299999999999542e-02 1.680698317363863453e+03 1.751955750441279633e+03 1.861573933794519462e+03 1.974462775082756252e+03 2.051534726075896288e+03
6.983699999999999630e-02 1.630247129748287989e+03 1.699366705925964425e+03 1.805695713000794740e+03 1.915196737651974900e+03 1.989955488846953585e+03
7.202699999999999381e-02 1.575547020312293625e+03 1.642354122235784871e+03 1.745126085281453925e+03 1.850964345875398749e+03 1.923222691543265455e+03
7.428700000000000581e-02 1.516488585026252622e+03 1.580804914298366384e+03 1.679746426188178475e+03 1.781641416267975046e+03 1.851208434023654263e+03
7.661700000000000454e-02 1.453396481883264187e+03 1.515058091357909689e+03 1.609917897550950102e+03 1.707612012814664467e+03 1.774312463586950344e+03
7.902099999999999402e-02 1.386964773849438188e+03 1.445837120290311759e+03 1.536409195418710624e+03 1.629691404603009232e+03 1.693381842188046448e+03
8.149900000000000200e-02 1.318159885704632870e+03 1.374148964409045902e+03 1.460289588722893086e+03 1.549012957291408839e+03 1.609593658283818968e+03
8.405600000000000571e-02 1.248413012934701555e+03 1.301484117428334912e+03 1.383140614293997260e+03 1.467251755994379664e+03 1.524686749494301466e+03
8.669300000000000617e-02 1.179314243592644971e+03 1.229498266112564806e+03 1.306718639514471306e+03 1.386267576350186118e+03 1.440591340174840525e+03
8.941200000000000536e-02 1.112564172815315715e+03 1.159961781952808451e+03 1.232901078489170686e+03 1.308047715926177489e+03 1.359369555815663489e+03
9.221699999999999342e-02 1.049781138850791876e+03 1.094559034020343461e+03 1.163473548215366691e+03 1.234481668704182766e+03 1.282981596437161897e+03
9.511000000000000010e-02 9.923407835158478747e+02 1.034721474605118601e+03 1.099953035952838945e+03 1.167174128031565488e+03 1.213091826912946544e+03
9.809299999999999964e-02 9.412801841888037870e+02 9.815278441100250575e+02 1.043482080884943116e+03 1.107332986946858455e+03 1.150952569074401026e+03
1.011699999999999960e-01 8.972823259487246332e+02 9.356880141425804140e+02 9.948116544918880209e+02 1.055751233523394376e+03 1.097385328353501791e+03
1.043400000000000022e-01 8.601319625874037911e+02 8.969768726999519686e+02 9.537013796332111042e+02 1.012172665252861975e+03 1.052123040881100906e+03
1.076199999999999934e-01 8.294539572572346060e+02 8.650025372311937417e+02 9.197335171564536722e+02 9.761528032937712851e+02 1.014702912782947578e+03
1.109900000000000053e-01 8.041049861851943206e+02 8.385743306835728390e+02 8.916446991175068888e+02 9.463536033447217051e+02 9.837360161299357060e+02
1.144700000000000023e-01 7.823195039767504113e+02 8.158538457192361193e+02 8.674846979746720308e+02 9.207099995851410768e+02 9.570790567803753675e+02
1.180699999999999944e-01 7.622223271583198994e+02 7.948893521512112557e+02 8.451844114923570714e+02 8.970324700579257069e+02 9.324605464063969293e+02
1.217700000000000032e-01 7.416054827633298601e+02 7.733842074588176274e+02 8.223114084015566050e+02 8.727494665555675510e+02 9.072143475056495845e+02
1.255900000000000072e-01 7.185037607599857665e+02 7.492946196963762304e+02 7.967015871973889034e+02 8.455736643554697594e+02 8.789693707973283381e+02
1.295300000000000062e-01 6.915302636695489582e+02 7.211794256201981170e+02 7.668308381965681519e+02 8.138961522855819339e+02 8.460591386018652429e+02
1.335899999999999865e-01 6.600511142706324108e+02 6.883810450129814171e+02 7.320054734482098411e+02 7.769864669177335372e+02 8.077282953095619860e+02
1.377800000000000136e-01 6.246150500831216732e+02 6.514714951511160734e+02 6.928332970024719089e+02 7.354892310855020696e+02 7.646465780968013632e+02
1.421000000000000041e-01 5.865844619572559395e+02 6.118685204058594991e+02 6.508168956017511846e+02 6.909940378314095142e+02 7.184627819348269213e+02
1.465599999999999958e-01 5.481809274525859337e+02 5.718823572710558665e+02 6.084022202860589914e+02 6.460858128947444357e+02 6.718562907063188732e+02
1.511599999999999888e-01 5.117339599372585894e+02 5.339348851463340679e+02 5.681524692463641486e+02 6.034723857971379175e+02 6.276331927717662893e+02
1.559000000000000108e-01 4.793613951323766287e+02 5.002272777486804785e+02 5.323962437890770616e+02 5.656126799930475499e+02 5.883408992703743934e+02
1.607899999999999885e-01 4.523323706199529965e+02 4.720777898215355322e+02 5.025267997956291879e+02 5.339765375662332190e+02 5.555011900667756208e+02
1.658399999999999874e-01 4.309582696093747245e+02 4.498087075765133136e+02 4.788829338401049540e+02 5.089194533328783336e+02 5.294807983146343986e+02
1.710399999999999976e-01 4.144049254170567451e+02 4.325517125830813825e+02 4.605439555795270508e+02 4.894669994833191708e+02 5.092687161005953271e+02
1.764000000000000012e-01 4.008693090937948114e+02 4.184317373215636167e+02 4.455245248024487523e+02 4.735209181689162392e+02 4.926899423654785437e+02
1.819399999999999906e-01 3.880904071030920477e+02 4.050986855712135934e+02 4.313383157556754668e+02 4.584555378539843673e+02 4.770241789288263590e+02
1.876400000000000012e-01 3.738917764734831621e+02 3.902920412830391115e+02 4.155964152828687475e+02 4.417508028020770894e+02 4.596624111973578124e+02
1.935300000000000076e-01 3.569251843661010071e+02 3.726121964871614978e+02 3.968208162980714633e+02 4.218486967764566771e+02 4.389923820571204374e+02
1.995999999999999996e-01 3.371166079051811266e+02 3.519837421870787466e+02 3.749341379071807978e+02 3.986699860278431515e+02 4.149336822619122813e+02
2.058599999999999874e-01 3.157091434460136838e+02 3.296985007405936585e+02 3.513026885272853974e+02 3.736571382714195693e+02 3.889804826864685197e+02
2.123200000000000087e-01 2.947204483296935109e+02 3.078518259786163753e+02 3.281404558461651391e+02 3.491452842179545542e+02 3.635500760299047442e+02
2.189800000000000080e-01 2.761159211164583098e+02 2.884841119309213582e+02 3.076022650151091966e+02 3.274060089323552347e+02 3.409931877788453676e+02
2.258499999999999952e-01 2.609528514329368249e+02 2.726922025490451347e+02 2.908452219674311436e+02 3.096578003557435181e+02 3.225698543091193642e+02
2.329299999999999982e-01 2.490836786738838668e+02 2.603218534415348131e+02 2.777047680977303230e+02 2.957254431298716213e+02 3.080975676400655061e+02
2.402400000000000091e-01 2.392063396768205621e+02 2.500204804952791733e+02 2.667511445164167867e+02 2.841003342522749904e+02 2.960142333612620291e+02
2.477800000000000002e-01 2.295797973117942945e+02 2.399809029905815407e+02 2.560762720720790071e+02 2.727714720356378848e+02 2.842391034137585279e+02
2.555499999999999994e-01 2.188300068031205399e+02 2.287778013812437337e+02 2.441766985905055662e+02 2.601557964470763409e+02 2.711352164867104761e+02
2.635700000000000265e-01 2.066434778767829812e+02 2.160866018491853993e+02 2.307110150319170430e+02 2.458948042504020748e+02 2.563325243217022944e+02
2.718300000000000161e-01 1.939239690877598719e+02 2.028454067924111257e+02 2.166697144877697099e+02 2.310324324239554130e+02 2.409111824666229609e+02
2.803599999999999981e-01 1.820445587019413551e+02 1.904782327987565509e+02 2.035543947628086130e+02 2.171492796544358725e+02 2.265052558305702064e+02
2.891599999999999726e-01 1.719528043194238194e+02 1.799673687752197111e+02 1.924001954036297093e+02 2.053342490832381770e+02 2.142400047636755858e+02
2.982299999999999951e-01 1.636458232016312593e+02 1.713091840089130926e+02 1.832022778890098778e+02 1.955811938906480520e+02 2.041083560243266390e+02
3.075800000000000201e-01 1.562476143179910935e+02 1.635949000139986822e+02 1.750019128417887373e+02 1.868804872077910204e+02 1.950662200644395625e+02
3.172300000000000120e-01 1.487333545017674794e+02 1.557620407060995547e+02 1.666793088399881526e+02 1.780540091862106920e+02 1.858960200941234859e+02
3.271800000000000264e-01 1.406927196085008234e+02 1.473856547331644435e+02 1.577872902327627571e+02 1.686320130156408936e+02 1.761127641795050351e+02
3.374500000000000277e-01 1.325464891733965374e+02 1.389019631565491579e+02 1.487855776455758701e+02 1.590981279057878908e+02 1.662162515365290005e+02
3.480300000000000060e-01 1.250442316927325095e+02 1.310876050124914798e+02 1.404919680028570497e+02 1.503119809046063722e+02 1.570943771970208900e+02
3.589499999999999913e-01 1.185384268118526165e+02 1.243073125019690508e+02 1.332897700393133391e+02 1.426757006409967801e+02 1.491619562072347662e+02
3.702099999999999835e-01 1.127363950352959279e+02 1.182576090022343180e+02 1.268590672701891435e+02 1.358526351761880733e+02 1.420710131690765650e+02
3.818199999999999927e-01 1.070819179515518016e+02 1.123623288634778987e+02 1.205933789784766219e+02 1.292055083407330471e+02 1.351634689810350096e+02
3.937999999999999834e-01 1.013469552050636082e+02 1.063853863729564040e+02 1.142444037707312532e+02 1.224736223100074994e+02 1.281702584725339875e+02
4.061500000000000110e-01 9.577932473154807269e+01 1.005834000712347631e+02 1.080821252597662578e+02 1.159405268119879935e+02 1.213840902146470881e+02
4.188899999999999846e-01 9.069544377140459801e+01 9.528371783597373224e+01 1.024504588823325832e+02 1.099669166913803906e+02 1.151769673719739018e+02
4.320300000000000251e-01 8.609763720715967850e+01 9.048853324777483920e+01 9.735137582356992425e+01 1.045545110766367713e+02 1.095504250945016338e+02
4.455799999999999761e-01 8.173000031667481835e+01 8.593293106984475571e+01 9.250628389680996122e+01 9.941084365510398868e+01 1.042026352626030672e+02
4.595600000000000240e-01 7.745243875190011806e+01 8.147193477707106979e+01 8.776280050478160888e+01 9.437602430847046264e+01 9.896864484514873084e+01
4.739800000000000124e-01 7.336933761495589579e+01 7.721347705583919208e+01 8.323422944455616346e+01 8.956878998495804467e+01 9.397084903975520831e+01
4.888500000000000068e-01 6.959538667097055509e+01 7.327605043232415483e+01 7.904481042000239199e+01 8.511918191082754959e+01 8.934318883644777998e+01
5.041799999999999615e-01 6.607752222407705744e+01 6.960467393314539208e+01 7.513664716136767652e+01 8.096634084883781668e+01 8.502280284028093149e+01
5.200000000000000178e-01 6.270995868597951528e+01 6.608988936898093414e+01 7.139471183506333318e+01 7.698959492767949087e+01 8.088521404567723039e+01
5.363099999999999534e-01 5.949456217731566454e+01 6.273360382858361817e+01 6.782097186978778325e+01 7.319097112169333741e+01 7.693248901974918397e+01
5.531300000000000106e-01 5.648358468693268009e+01 5.958971131869726179e+01 6.447179267748684595e+01 6.962931780642516344e+01 7.322513888903752388e+01
5.704799999999999871e-01 5.365818303082323837e+01 5.663864713039686904e+01 6.132650828607364701e+01 6.628284508340321679e+01 6.974061190999913151e+01
5.883800000000000141e-01 5.097349720745509671e+01 5.383400615684277568e+01 5.833637225187251829e+01 6.310043635486040614e+01 6.642619504657024265e+01
6.068400000000000460e-01 4.842956831024479669e+01 5.117578160466780446e+01 5.550130058949095968e+01 6.008192449054518391e+01 6.328166272182116359e+01
6.258700000000000374e-01 4.603710351558340363e+01 4.867496606489417843e+01 5.283271009290001530e+01 5.723914645367712239e+01 6.031913019062851333e+01
6.454999999999999627e-01 4.377733602210042818e+01 4.631210254482007826e+01 5.031009312139206457e+01 5.455052555857094632e+01 5.751629783967517540e+01
6.657499999999999529e-01 4.163788648347365751e+01 4.407435649207877049e+01 4.791992271913159840e+01 5.200183111903017874e+01 5.485845962503092466e+01
6.866400000000000281e-01 3.961861162492629518e+01 4.196151865624128874e+01 4.566188357403665066e+01 4.959263363354857290e+01 5.234510563475351574e+01
7.081800000000000317e-01 3.771189855268656999e+01 3.996569293387106825e+01 4.352764916244611726e+01 4.731416973081248045e+01 4.996717785510907817e+01
7.303899999999999837e-01 3.590697522475549874e+01 3.807571893537811292e+01 4.150546947689817046e+01 4.515409147825850766e+01 4.771192522483905663e+01
7.532999999999999696e-01 3.420205875345116908e+01 3.628969246695645978e+01 3.959325031575153275e+01 4.311010529695695226e+01 4.557691620963072410e+01
7.769300000000000095e-01 3.258947428973502980e+01 3.459965653305953737e+01 3.778260605159378827e+01 4.117339067873164993e+01 4.355303703862675491e+01
8.013000000000000123e-01 3.106459302772138997e+01 3.300079633766834775e+01 3.606843802363355422e+01 3.933855952987548932e+01 4.163470372838611411e+01
8.264399999999999524e-01 2.962267304866961126e+01 3.148817263921130660e+01 3.444550482527630919e+01 3.760006109007921538e+01 3.981615541453581386e+01
8.523699999999999610e-01 2.825673280411266219e+01 3.005455862694468649e+01 3.290620852527801077e+01 3.594992269744869873e+01 3.808916774915147840e+01
8.790999999999999925e-01 2.696456683750345817e+01 2.869765535505412757e+01 3.144810790373429654e+01 3.438555877341583766e+01 3.645105796167457157e+01
9.066800000000000415e-01 2.574111932849606177e+01 2.741219313346130804e+01 3.006560488883510018e+01 3.290103388949317065e+01 3.489566079593122794e+01
9.351199999999999513e-01 2.458242616589383189e+01 2.619407119648801086e+01 2.875439308613254141e+01 3.149183559474160177e+01 3.341832638587624871e+01
9.644599999999999840e-01 2.348450498137463427e+01 2.503914413034190645e+01 2.751007767551003624e+01 3.015331404441877083e+01 3.201423185265212368e+01
9.947099999999999831e-01 2.244386132192202865e+01 2.394379968723467300e+01 2.632886970598736909e+01 2.888150392769621888e+01 3.067929470186835772e+01
1.025900000000000034e+00 2.145709759546117823e+01 2.290450939354930071e+01 2.520704174182032276e+01 2.767247592902854336e+01 2.940944955020373897e+01
1.058100000000000041e+00 2.052061940045186006e+01 2.191751495481980783e+01 2.414058248777602955e+01 2.652195720597359951e+01 2.820024446842567301e+01
1.091299999999999937e+00 1.963190732221387336e+01 2.098023123522694178e+01 2.312681172697251952e+01 2.542717713578548100e+01 2.704885142716074142e+01
1.125499999999999945e+00 1.878846192673472970e+01 2.009008351180251495e+01 2.216304365572410617e+01 2.438534146854837203e+01 2.595240557394230763e+01
1.160800000000000054e+00 1.798680667980477565e+01 1.924342483164658546e+01 2.124536659714943454e+01 2.339226280777695521e+01 2.490652954576011879e+01
1.197200000000000042e+00 1.722507434439431151e+01 1.843833637264947001e+01 2.037178684809081730e+01 2.244587598694220176e+01 2.390911267077401092e+01
1.234799999999999898e+00 1.650033675696838031e+01 1.767174694703588145e+01 1.953901118169161677e+01 2.154265669426736451e+01 2.295647153272467733e+01
1.273500000000000076e+00 1.581133766282513697e+01 1.694243106110666730e+01 1.874587330654430062e+01 2.068151439286688031e+01 2.204757578779606320e+01
1.313499999999999890e+00 1.515476556499753258e+01 1.624687019010643141e+01 1.798852772298663893e+01 1.985825641758762927e+01 2.117798984857252265e+01
1.354700000000000015e+00 1.452990700006901825e+01 1.558439370966821258e+01 1.726638042847712740e+01 1.907238107573869001e+01 2.034728275715258050e+01
1.397199999999999998e+00 1.393437068396511513e+01 1.495249486830089758e+01 1.657674560243902206e+01 1.832101642650179585e+01 1.955245457191521297e+01
1.441000000000000059e+00 1.336673204021085937e+01 1.434971581676259866e+01 1.591811855391365782e+01 1.760261502213365858e+01 1.879193183789110932e+01
1.486199999999999966e+00 1.282496833907937628e+01 1.377393674072276220e+01 1.528822906740264109e+01 1.691475053799359785e+01 1.806318100074439670e+01
1.532799999999999940e+00 1.230795756795140505e+01 1.322401275928935327e+01 1.468590118091973373e+01 1.625622019570481314e+01 1.736498399860980868e+01
1.580899999999999972e+00 1.181402542225171892e+01 1.269818808865671400e+01 1.410925290083776140e+01 1.562501104793686757e+01 1.669523797394605324e+01
1.630500000000000060e+00 1.134193305606969382e+01 1.219520238954327418e+01 1.355699552979197975e+01 1.501981109513579149e+01 1.605261842365963432e+01
1.681699999999999973e+00 1.089034288330884692e+01 1.171365054737003852e+01 1.302761925680057331e+01 1.443900180758277330e+01 1.543543214102607486e+01
1.734399999999999942e+00 1.045875509364861777e+01 1.125306733422736549e+01 1.252072037311481623e+01 1.388225322711041976e+01 1.484340549406688226e+01
1.788799999999999946e+00 1.004551904514297256e+01 1.081169080922155779e+01 1.203436062853691446e+01 1.334743932461517701e+01 1.427428076666910428e+01
1.844899999999999984e+00 9.649691305667248642e+00 1.038856641925929125e+01 1.156757274568681026e+01 1.283358520323234231e+01 1.372708101440482764e+01
1.902800000000000047e+00 9.270297752506374778e+00 9.982670399313773757e+00 1.111925613117365153e+01 1.233951068175379362e+01 1.320057150832754012e+01
1.962499999999999911e+00 8.906405906072063061e+00 9.593061491967615595e+00 1.068846049520284147e+01 1.186426172222985542e+01 1.269379882201018717e+01
2.024000000000000021e+00 8.557695200605213159e+00 9.219415490623996234e+00 1.027485832302822821e+01 1.140751036031700316e+01 1.220643642894465408e+01
2.087499999999999911e+00 8.222754639636475460e+00 8.860239802281162369e+00 9.876828757514036994e+00 1.096750029145509409e+01 1.173663365633565014e+01
2.153000000000000025e+00 7.901183974365657114e+00 8.515135278599048618e+00 9.493977480342827846e+00 1.054384612250867725e+01 1.128401348582223562e+01
2.220600000000000129e+00 7.591978225226523769e+00 8.183061401809105462e+00 9.125210396355077691e+00 1.013539992309667959e+01 1.084739198331722498e+01
2.290200000000000014e+00 7.295184649513969610e+00 7.864098195638499433e+00 8.770662897039491313e+00 9.742360292599864025e+00 1.042701444164639391e+01
2.362099999999999866e+00 7.009464270039485356e+00 7.556814057996619205e+00 8.428756214419642845e+00 9.362991151805369228e+00 1.002103411865804716e+01
2.436199999999999921e+00 6.734772508106448896e+00 7.261197688515343529e+00 8.099535496229755438e+00 8.997402264865339561e+00 9.629608563596327997e+00
2.512599999999999945e+00 6.470467855270240598e+00 6.976580681553114616e+00 7.782291248463443445e+00 8.644842162572391686e+00 9.251957823331970587e+00
2.591400000000000148e+00 6.216018909282947646e+00 6.702408329965436451e+00 7.476433129086794693e+00 8.304684061209671952e+00 8.887430364663188698e+00
2.672699999999999854e+00 5.970897971362774115e+00 6.438132671743153956e+00 7.181382491505478249e+00 7.976318277469727214e+00 8.535395603168151268e+00
2.756499999999999950e+00 5.734862006766030973e+00 6.183514908491070550e+00 6.896909215637688995e+00 7.659526231428116283e+00 8.195644267541322137e+00
2.842999999999999972e+00 5.507256652881299175e+00 5.937861206024551919e+00 6.622257324247496690e+00 7.353486155860640139e+00 7.867308625759132923e+00
2.932199999999999918e+00 5.287900977666201818e+00 5.700996916639711642e+00 6.357263826015218555e+00 7.058049426236800983e+00 7.550251139778614728e+00
3.024199999999999999e+00 5.076416115733252354e+00 5.472528442229591228e+00 6.101512680450200676e+00 6.772777075294507121e+00 7.244017234884989165e+00
3.119000000000000217e+00 4.872625026777208213e+00 5.252283084276293756e+00 5.854839383638872796e+00 6.497514776293290772e+00 6.948460434282435649e+00
3.216899999999999871e+00 4.675845034511195486e+00 5.039531248149796916e+00 5.616439746451778348e+00 6.231378469172047296e+00 6.662640370857307204e+00
3.317800000000000082e+00 4.486124387384752943e+00 4.834344645026096288e+00 5.386424200088021585e+00 5.974521515975755648e+00 6.386741337117991968e+00
3.421899999999999942e+00 4.303038625603062606e+00 4.636272186644438520e+00 5.164299457811812211e+00 5.726405548804176959e+00 6.120193202623309681e+00
3.529199999999999893e+00 4.126477273759741493e+00 4.445208730225390426e+00 4.949969571217284425e+00 5.486945128772267033e+00 5.862918185821818007e+00
3.639899999999999913e+00 3.956054376234011460e+00 4.260745592783524494e+00 4.742989777016004105e+00 5.255656823192444982e+00 5.614405515996441665e+00
3.754100000000000215e+00 3.791573670295492526e+00 4.082679136453744029e+00 4.543144911773856265e+00 5.032313225044988236e+00 5.374419126550046499e+00
3.871799999999999908e+00 3.632945893186207087e+00 3.910924928862126393e+00 4.350358518024341592e+00 4.816846549995761784e+00 5.142897296805459817e+00
3.993300000000000072e+00 3.479754123833324719e+00 3.745036250792964427e+00 4.164136153840941823e+00 4.608710777971161576e+00 4.919257353203062344e+00
4.118599999999999817e+00 3.331951727473176028e+00 3.584972052177417545e+00 3.984445711664130751e+00 4.407883241714659839e+00 4.703483094921250718e+00
4.247799999999999798e+00 3.189386741400736636e+00 3.430573634885806911e+00 3.811117555697006054e+00 4.214182173196546088e+00 4.495383895807190555e+00
4.381000000000000227e+00 3.051896076522249146e+00 3.281671904096631120e+00 3.643972724513580008e+00 4.027417495154523408e+00 4.294761455515934578e+00
4.518399999999999750e+00 2.919260825824186334e+00 3.138032730800453862e+00 3.482752421363565887e+00 3.847303352025527090e+00 4.101310452452960220e+00
4.660199999999999676e+00 2.791277148758792404e+00 2.999439465471723576e+00 3.327219154319772443e+00 3.673579261365214510e+00 3.914753784971847228e+00
4.806400000000000006e+00 2.667909453934461883e+00 2.865859907346594682e+00 3.177345622286277038e+00 3.506222402089504531e+00 3.735071287456874778e+00
4.957099999999999618e+00 2.549048613235398886e+00 2.737178437548010379e+00 3.033005283828430265e+00 3.345093721661962505e+00 3.562114605893528019e+00
5.112599999999999589e+00 2.434443143645256491e+00 2.613124982207321256e+00 2.893897825587998351e+00 3.189859672622588072e+00 3.395526293889552516e+00
5.272999999999999687e+00 2.324013189525455214e+00 2.493614822125656438e+00 2.759930160936265864e+00 3.040417382441769956e+00 3.235196109610534165e+00
5.438399999999999679e+00 2.217674728016290953e+00 2.378558493268457141e+00 2.631003498093010151e+00 2.896657210684821848e+00 3.081006284447495247e+00
5.608999999999999986e+00 2.115273490634922648e+00 2.267791774264980464e+00 2.506936990602791404e+00 2.758379511527158101e+00 2.932743373887460869e+00
5.785000000000000142e+00 2.016686783954133588e+00 2.161181344583584796e+00 2.387579770607935803e+00 2.625413868530144690e+00 2.790222792560971943e+00
5.966400000000000148e+00 1.921891319097546402e+00 2.058703098664071973e+00 2.272905643216816873e+00 2.497730878678615429e+00 2.653412348689545119e+00
6.153599999999999959e+00 1.830666946782601112e+00 1.960118174622001330e+00 2.162645366997526075e+00 2.375028093855790168e+00 2.521985869181717632e+00
6.346599999999999575e+00 1.742998029594873710e+00 1.865409667376195069e+00 2.056779275990436417e+00 2.257282012413243777e+00 2.395916685626617859e+00
6.545700000000000074e+00 1.658731721209522503e+00 1.774411560718824665e+00 1.955119785961120904e+00 2.144281276268099834e+00 2.274976356832685287e+00
6.751000000000000334e+00 1.577808449851174633e+00 1.687058597456909004e+00 1.857591941905190724e+00 2.035939810698226715e+00 2.159070598763295656e+00
6.962799999999999656e+00 1.500093230558124713e+00 1.603203689989332492e+00 1.764028861466188092e+00 1.932068958946147053e+00 2.047995132242519389e+00
7.181199999999999584e+00 1.425530574763966829e+00 1.522785610289742131e+00 1.674359598645269509e+00 1.832586718472916543e+00 1.941659830071671422e+00
7.406500000000000306e+00 1.353998753356921547e+00 1.445671268385143371e+00 1.588432539016392031e+00 1.737321163933456925e+00 1.839878219534673676e+00
7.638799999999999812e+00 1.285443493715858310e+00 1.371800493361357454e+00 1.506177609882018986e+00 1.646191041658242371e+00 1.742560859184824951e+00
7.878499999999999837e+00 1.219725930372619782e+00 1.301021648063418690e+00 1.427422508225887787e+00 1.559001554060933659e+00 1.649496909476572126e+00
8.125600000000000378e+00 1.156821560618499056e+00 1.233306471383118552e+00 1.352132506208057583e+00 1.475710476531811421e+00 1.560638532138148182e+00
8.380499999999999616e+00 1.096601999593594723e+00 1.168514522542396517e+00 1.280147711228073693e+00 1.396136777182501287e+00 1.475789613391424782e+00
8.643399999999999750e+00 1.038994974036821395e+00 1.106565953576235772e+00 1.211375875494813847e+00 1.320174497561030114e+00 1.394834261859088098e+00
8.914500000000000313e+00 9.839280717416353239e-01 1.047380749310950376e+00 1.145724554818203567e+00 1.247717451253198329e+00 1.317656325588444588e+00
9.194200000000000372e+00 9.312926019834558700e-01 9.908398914502918320e-01 1.083058052778554492e+00 1.178611741685022141e+00 1.244088848611371034e+00
9.482599999999999696e+00 8.810406155279710827e-01 9.368896806532732713e-01 1.023313177798449880e+00 1.112783522123372615e+00 1.174050142477966574e+00
9.779999999999999361e+00 8.330868787459265734e-01 8.854363764828633299e-01 9.663823777390860847e-01 1.050110034255814062e+00 1.107406443968235621e+00
1.008699999999999974e+01 7.873072251283199652e-01 8.363445638317232866e-01 9.121121468006122557e-01 9.904180845656658239e-01 1.043970458898921150e+00
1.040300000000000047e+01 7.437526464116838154e-01 7.896667646708090960e-01 8.605568430059329366e-01 9.337631483485619999e-01 9.837979058100090324e-01
1.073000000000000043e+01 7.021217675350388543e-01 7.450776914800600892e-01 8.113533732150026712e-01 8.797418852298278802e-01 9.264571939102979048e-01
1.106600000000000072e+01 6.626330528790271845e-01 7.028092866862554189e-01 7.647540840056969991e-01 8.286270775325178528e-01 8.722346428072204061e-01
1.141300000000000026e+01 6.250060862692915498e-01 6.625590220935927421e-01 7.204214443564330717e-01 7.800438906387470173e-01 8.207292305380506914e-01
1.177100000000000080e+01 5.892138343464680128e-01 6.242958938675851055e-01 6.783176892978070027e-01 7.339467061448710083e-01 7.718894436511363200e-01
1.214100000000000001e+01 5.551316004822363093e-01 5.878844856363906191e-01 6.382901725403138382e-01 6.901641765927994943e-01 7.255306213601503407e-01
1.252100000000000080e+01 5.228990278621692411e-01 5.534717756909275366e-01 6.004966328034581080e-01 6.488643934310237560e-01 6.818274898156058139e-01
1.291399999999999970e+01 4.922201888981670437e-01 5.207395765354680961e-01 5.645837823864801042e-01 6.096569098071837889e-01 6.403637059774267559e-01
1.331900000000000084e+01 4.631448249628659086e-01 4.897388898763061493e-01 5.306040063174392030e-01 5.725948340586021201e-01 6.011924891785905833e-01
1.373700000000000010e+01 4.355647232063926677e-01 4.603521974774053005e-01 4.984248368868892110e-01 5.375295627098631845e-01 5.641538422199640079e-01
1.416799999999999926e+01 4.094453727089413797e-01 4.325406344599819208e-01 4.680001581382666753e-01 5.044068740284169960e-01 5.291876875624961230e-01
1.461200000000000010e+01 3.847460406190024718e-01 4.062587166324395649e-01 4.392766569533557708e-01 4.731648121332987511e-01 4.962258844685349946e-01
1.507099999999999973e+01 3.613233364101705591e-01 3.813518618970880847e-01 4.120820437101592182e-01 4.436123322237621736e-01 4.650643419867419026e-01
1.554400000000000048e+01 3.391970467473574558e-01 3.578391684368092407e-01 3.864339542247615111e-01 4.157651313025239603e-01 4.357172269147164823e-01
1.603099999999999881e+01 3.183242941838816398e-01 3.356730923989134086e-01 3.622772912361313380e-01 3.895599482135041480e-01 4.081155274473762251e-01
1.653399999999999892e+01 2.985836127017967301e-01 3.147227867833370940e-01 3.394664530981401085e-01 3.648356704526866112e-01 3.820874034836182487e-01
1.705300000000000082e+01 2.799452542232230834e-01 2.949549479760013027e-01 3.179623954800447905e-01 3.415470731231098345e-01 3.575832892861924850e-01
1.758800000000000097e+01 2.623747113247774654e-01 2.763312854891192827e-01 2.977207754261937400e-01 3.196433532802800959e-01 3.345478699253316424e-01
1.813899999999999935e+01 2.458338083303191202e-01 2.588097029616182043e-01 2.786932684630272772e-01 2.990695831403692995e-01 3.129216251136426319e-01
1.870799999999999841e+01 2.302292529492792894e-01 2.422898676406495810e-01 2.607685587810545380e-01 2.797029972836607703e-01 2.925739147592728018e-01
1.929500000000000171e+01 2.155319968880372861e-01 2.267396353261482977e-01 2.439096062036373302e-01 2.615013856344824972e-01 2.734589420005855698e-01
1.990099999999999980e+01 2.016877623253360008e-01 2.121002686004712923e-01 2.280507085985083449e-01 2.443917768354412767e-01 2.554987312239647701e-01
2.052499999999999858e+01 1.886872367245066295e-01 1.983606780665280733e-01 2.131779467147237872e-01 2.283572428096254381e-01 2.386742568341459203e-01
2.116900000000000048e+01 1.764569660486657587e-01 1.854420777314556013e-01 1.992042706415053654e-01 2.133021701714017671e-01 2.228840389376540998e-01
2.183299999999999841e+01 1.649684200695551439e-01 1.733132772117231546e-01 1.860943380409228465e-01 1.991868843207108275e-01 2.080854208454206156e-01
2.251800000000000068e+01 1.541759316499421439e-01 1.619250864723572603e-01 1.737934970510053578e-01 1.859510713335004450e-01 1.942142087257254235e-01
2.322400000000000020e+01 1.440515034331847632e-01 1.512470599160018747e-01 1.622674975346777015e-01 1.735565280186795456e-01 1.812294863778784459e-01
2.395200000000000173e+01 1.345531638504382232e-01 1.412340984185072590e-01 1.514664042601592542e-01 1.619483188643977556e-01 1.690728982921722579e-01
2.470400000000000063e+01 1.256312005823387035e-01 1.318330477957930236e-01 1.413317539877591844e-01 1.510625047959027745e-01 1.576767665727889511e-01
2.547899999999999920e+01 1.172739460798623012e-01 1.230309247322889515e-01 1.318485167212068987e-01 1.408819276211603078e-01 1.470224719872382790e-01
2.627799999999999869e+01 1.094456512234203982e-01 1.147894356212608435e-01 1.229744762537855890e-01 1.313603279836940974e-01 1.370609960589326271e-01
2.710200000000000031e+01 1.021134168664345337e-01 1.070733639088164574e-01 1.146708462222434666e-01 1.224552429310317853e-01 1.277473683194775000e-01
2.795200000000000173e+01 9.524683383878292109e-02 9.985018209472203143e-02 1.069018383964359803e-01 1.141275285602665196e-01 1.190401575061680317e-01
2.882900000000000063e+01 8.881768016643802610e-02 9.308972531031793618e-02 9.963429936388919217e-02 1.063409581860897124e-01 1.109010431972102806e-01
2.973400000000000176e+01 8.279966663993332254e-02 8.676391688654598588e-02 9.283740489134466312e-02 9.906188412726585346e-02 1.032944551611474499e-01
3.066600000000000037e+01 7.717970363630709263e-02 8.085859904349730620e-02 8.649535310387565512e-02 9.227281315792740246e-02 9.620174783458820822e-02
3.162800000000000011e+01 7.192112751225976375e-02 7.533488620076626840e-02 8.056585064289223386e-02 8.592795755990353945e-02 8.957475750525416280e-02
3.262100000000000222e+01 6.700258866984669381e-02 7.017003274950242564e-02 7.502401000092959182e-02 8.000023294033890842e-02 8.338490589433301958e-02
3.364399999999999835e+01 6.241250555230912211e-02 6.535158352406419957e-02 6.985603514699148531e-02 7.447446781744086752e-02 7.761608631395457147e-02
3.469899999999999807e+01 5.812559629740005063e-02 6.085273199887661355e-02 6.503278346097504659e-02 6.931912659103180163e-02 7.223513728738731321e-02
3.578799999999999670e+01 5.411953078300069803e-02 5.664980761799649767e-02 6.052853119437587998e-02 6.450638298427285866e-02 6.721280432689026585e-02
3.690999999999999659e+01 5.038395358517285677e-02 5.273173170909521007e-02 5.633109196845431654e-02 6.002291677636387157e-02 6.253499743098021868e-02
3.806799999999999784e+01 4.689550499346089446e-02 4.907381029463542266e-02 5.241372939906140116e-02 5.583990132827785363e-02 5.817147058853746472e-02
3.926200000000000045e+01 4.364194521526619519e-02 4.566303686975446002e-02 4.876226382036971674e-02 5.194195708749557022e-02 5.410602997843837886e-02
4.049399999999999977e+01 4.060611262505595814e-02 4.248126576262040849e-02 4.535704401549378595e-02 4.830789287124991754e-02 5.031643915103691661e-02
4.176400000000000290e+01 3.777684125821972189e-02 3.951665541828295464e-02 4.218519537987959478e-02 4.492377815985950512e-02 4.678805131860151040e-02
4.307399999999999807e+01 3.513900245536205613e-02 3.675322898836568680e-02 3.922944388850504310e-02 4.177101258519942684e-02 4.350136605763799125e-02
4.442499999999999716e+01 3.268070295568580030e-02 3.417841618394515391e-02 3.647618423186797104e-02 3.883493301123035896e-02 4.044100264688146873e-02
4.581900000000000261e+01 3.038910676888494089e-02 3.177867396232591374e-02 3.391079237034234223e-02 3.609981041299316351e-02 3.759048235677248107e-02
4.725600000000000023e+01 2.825540063526158288e-02 2.954468490582739734e-02 3.152318063637834372e-02 3.355477045004312542e-02 3.493839748462192196e-02
4.873899999999999721e+01 2.626688890302092405e-02 2.746307816839987578e-02 2.929894586991034847e-02 3.118435462367216346e-02 3.246857340730161662e-02
5.026800000000000068e+01 2.441587391555501488e-02 2.552572602271144936e-02 2.722930345475204142e-02 2.897910757511130281e-02 3.017110006434135794e-02
