1.000000000000000021e-02 1.995681299742581177e+04
1.222685370741482917e-02 2.122982977226896764e+04
1.445370741482965987e-02 2.183264029099664913e+04
1.668056112224448884e-02 2.190690028290799091e+04
1.890741482965931780e-02 2.157483082467173517e+04
2.113426853707414677e-02 2.094135192890786129e+04
2.336112224448897573e-02 2.009738200294872877e+04
2.558797595190380469e-02 1.912117085870247683e+04
2.781482965931863366e-02 1.807867505850791713e+04
3.004168336673346262e-02 1.702250011181655645e+04
3.226853707414829159e-02 1.599366149030051929e+04
3.449539078156312055e-02 1.502242556772078569e+04
3.672224448897795646e-02 1.412844053302793873e+04
3.894909819639278542e-02 1.332319827038128824e+04
4.117595190380761438e-02 1.261089951162772377e+04
4.340280561122244335e-02 1.199018860039483843e+04
4.562965931863727231e-02 1.145557996233495578e+04
4.785651302605210128e-02 1.099829323205321634e+04
5.008336673346693024e-02 1.060731791536794117e+04
5.231022044088175921e-02 1.027136661814979743e+04
5.453707414829658817e-02 9.976781291580293328e+03
5.676392785571141714e-02 9.713293726656733270e+03
5.899078156312624610e-02 9.487655665465206766e+03
6.121763527054107507e-02 9.277717282214291117e+03
6.344448897795590403e-02 9.053728616932088698e+03
6.567134268537073993e-02 8.796950929122964226e+03
6.789819639278556196e-02 8.513209306910724990e+03
7.012505010020039786e-02 8.211651918828294583e+03
7.235190380761521989e-02 7.901426933408609329e+03
7.457875751503004191e-02 7.591681080675058183e+03
7.680561122244487782e-02 7.289425708051176116e+03
7.903246492985969984e-02 6.995252218796335001e+03
8.125931863727453575e-02 6.708550465324228753e+03
8.348617234468937165e-02 6.428710300048567660e+03
8.571302605210419367e-02 6.155121632110478458e+03
8.793987975951902958e-02 5.888081745707808295e+03
9.016673346693385160e-02 5.631094968719247845e+03
9.239358717434868751e-02 5.388373818060090343e+03
9.462044088176350953e-02 5.164130810645644488e+03
9.684729458917834544e-02 4.962578463391200785e+03
9.907414829659316746e-02 4.786915330282330615e+03
1.013010020040080034e-01 4.635598806754424004e+03
1.035278557114228254e-01 4.505701676049102389e+03
1.057547094188376613e-01 4.394296554480888517e+03
1.079815631262524833e-01 4.298456058364304226e+03
1.102084168336673192e-01 4.215213115290417591e+03
1.124352705410821412e-01 4.141365626291354602e+03
1.146621242484969772e-01 4.073625301265989947e+03
1.168889779559118131e-01 4.008703719352286043e+03
1.191158316633266351e-01 3.943312459688205308e+03
1.213426853707414710e-01 3.874433196136799324e+03
1.235695390781562930e-01 3.801320677839200016e+03
1.257963927855711428e-01 3.724367887926812728e+03
1.280232464929859648e-01 3.643976297852223979e+03
1.302501002004007868e-01 3.560547379068021655e+03
1.324769539078156089e-01 3.474492229072845021e+03
1.347038076152304586e-01 3.386356014846093331e+03
1.369306613226452807e-01 3.296782240096836176e+03
1.391575150300601027e-01 3.206416672098804156e+03
1.413843687374749525e-01 3.115905078125733326e+03
1.436112224448897745e-01 3.025903021808243921e+03
1.458380761523045965e-01 2.937258317500285557e+03
1.480649298597194186e-01 2.850994278483104154e+03
1.502917835671342683e-01 2.768140655303877338e+03
1.525186372745490904e-01 2.689727198509786376e+03
1.547454909819639124e-01 2.616764858079264741e+03
1.569723446893787622e-01 2.549688638667973919e+03
1.591991983967935842e-01 2.488264381194824637e+03
1.614260521042084062e-01 2.432220350701693860e+03
1.636529058116232282e-01 2.381284812230462649e+03
1.658797595190380780e-01 2.335183697085115455e+03
1.681066132264529001e-01 2.293486976926472835e+03
1.703334669338677221e-01 2.255513248637454126e+03
1.725603206412825441e-01 2.220558318486511780e+03
1.747871743486973939e-01 2.187917992742097340e+03
1.770140280561122159e-01 2.156888424922244667e+03
1.792408817635270379e-01 2.126828610786700665e+03
1.814677354709418600e-01 2.097232800857349957e+03
1.836945891783567097e-01 2.067612802471748637e+03
1.859214428857715318e-01 2.037480422967455070e+03
1.881482965931863538e-01 2.006347595959394994e+03
1.903751503006012036e-01 1.973882808469303654e+03
1.926020040080160256e-01 1.940216308609800990e+03
1.948288577154308476e-01 1.905563062734477626e+03
1.970557114228456697e-01 1.870138037196921914e+03
1.992825651302605194e-01 1.834156198350724708e+03
2.015094188376753415e-01 1.797875504829620695e+03
2.037362725450901635e-01 1.761729971577626657e+03
2.059631262525049855e-01 1.726198673581994171e+03
2.081899799599198353e-01 1.691760685851101471e+03
2.104168336673346573e-01 1.658895083393328832e+03
2.126436873747494793e-01 1.627992338613102675e+03
2.148705410821643014e-01 1.598956753066747524e+03
2.170973947895791512e-01 1.571526742391510197e+03
2.193242484969939732e-01 1.545440580491030005e+03
2.215511022044087952e-01 1.520436541268947849e+03
2.237779559118236450e-01 1.496284331226871018e+03
2.260048096192384670e-01 1.472994009061527095e+03
2.282316633266532890e-01 1.450686590891461947e+03
2.304585170340681111e-01 1.429483689308390922e+03
2.326853707414829608e-01 1.409506916904029367e+03
2.349122244488977829e-01 1.390849338353541498e+03
2.371390781563126049e-01 1.373265382424906193e+03
2.393659318637274269e-01 1.356287746650697727e+03
2.415927855711422767e-01 1.339445283944909306e+03
2.438196392785570987e-01 1.322266847221535272e+03
2.460464929859719208e-01 1.304308091740800592e+03
2.482733466933867428e-01 1.285615734649529031e+03
2.505002004008015648e-01 1.266666593126827138e+03
2.527270541082163868e-01 1.247952027133986121e+03
2.549539078156312089e-01 1.229963396632299691e+03
2.571807615230460309e-01 1.213178287519612013e+03
2.594076152304609084e-01 1.197647524448999320e+03
2.616344689378757304e-01 1.182923335343966073e+03
2.638613226452905525e-01 1.168529697875297643e+03
2.660881763527053745e-01 1.153990589713781219e+03
2.683150300601201965e-01 1.138835618256214730e+03
2.705418837675350741e-01 1.122929195291234464e+03
2.727687374749498961e-01 1.106652973603038390e+03
2.749955911823647181e-01 1.090432901050158534e+03
2.772224448897795401e-01 1.074694925491127151e+03
2.794492985971943622e-01 1.059863734292736353e+03
2.816761523046091842e-01 1.046163888936367357e+03
2.839030060120240062e-01 1.033402604939120920e+03
2.861298597194388282e-01 1.021334887697288195e+03
2.883567134268537058e-01 1.009715742607159768e+03
2.905835671342685278e-01 9.983002414947077341e+02
2.928104208416833498e-01 9.869053717101149914e+02
2.950372745490981718e-01 9.755247970873615486e+02
2.972641282565129939e-01 9.641834893480171331e+02
2.994909819639278159e-01 9.529064202136503354e+02
3.017178356713426379e-01 9.417185614060380203e+02
3.039446893787575155e-01 9.306496778958749019e+02
3.061715430861723375e-01 9.197485063239721512e+02
3.083983967935871595e-01 9.090684764446666577e+02
3.106252505010019815e-01 8.986630180122953107e+02
3.128521042084168036e-01 8.885855607811953405e+02
3.150789579158316256e-01 8.788744543849674073e+02
3.173058116232464476e-01 8.694836102671514482e+02
3.195326653306612696e-01 8.603375674801546893e+02
3.217595190380761472e-01 8.513608354347178420e+02
3.239863727454909692e-01 8.424779235415833227e+02
3.262132264529057912e-01 8.336209587581375899e+02
3.284400801603206133e-01 8.247807181337244629e+02
3.306669338677354353e-01 8.159752151277539269e+02
3.328937875751502573e-01 8.072226133793034251e+02
3.351206412825650793e-01 7.985410765274500591e+02
3.373474949899799569e-01 7.899491073158233121e+02
3.395743486973947789e-01 7.814691963738208642e+02
3.418012024048096009e-01 7.731264290740434717e+02
3.440280561122244229e-01 7.649459350300843425e+02
3.462549098196392450e-01 7.569528438555375942e+02
3.484817635270540670e-01 7.491712426999655463e+02
3.507086172344688890e-01 7.416059444135569265e+02
3.529354709418837110e-01 7.342447863230615894e+02
3.551623246492985886e-01 7.270750253722062553e+02
3.573891783567134106e-01 7.200839185047178717e+02
3.596160320641282326e-01 7.132584609809806580e+02
3.618428857715430547e-01 7.065780109572147012e+02
3.640697394789578767e-01 7.000132648730444771e+02
3.662965931863726987e-01 6.935344515435799622e+02
3.685234468937875207e-01 6.871117997839318150e+02
3.707503006012023983e-01 6.807158515365423455e+02
3.729771543086172203e-01 6.743343407638939198e+02
3.752040080160320423e-01 6.679807699576372215e+02
3.774308617234468644e-01 6.616707586015353399e+02
3.796577154308616864e-01 6.554199261793517053e+02
3.818845691382765084e-01 6.492438613435025445e+02
3.841114228456913304e-01 6.431536138881882607e+02
3.863382765531061525e-01 6.371509463578272516e+02
3.885651302605210300e-01 6.312364852686215499e+02
3.907919839679358520e-01 6.254108571367736431e+02
3.930188376753506740e-01 6.196746972179607837e+02
3.952456913827654961e-01 6.140349476275509915e+02
3.974725450901803181e-01 6.085159639154553588e+02
3.996993987975951401e-01 6.031450815789183935e+02
4.019262525050099621e-01 5.979496361151834662e+02
4.041531062124248397e-01 5.929569629979564525e+02
4.063799599198396617e-01 5.881726654162207524e+02
4.086068136272544837e-01 5.835180813705904939e+02
4.108336673346693058e-01 5.788941282654916449e+02
4.130605210420841278e-01 5.742017235053498325e+02
4.152873747494989498e-01 5.693417844945907973e+02
4.175142284569137718e-01 5.642440248907729483e+02
4.197410821643285939e-01 5.589960487981242068e+02
4.219679358717434714e-01 5.537392957530059903e+02
4.241947895791582934e-01 5.486152509986862924e+02
4.264216432865731155e-01 5.437653997784318562e+02
4.286484969939879375e-01 5.393088460171539964e+02
4.308753507014027595e-01 5.351886307951898516e+02
4.331022044088175815e-01 5.312645139313119671e+02
4.353290581162324036e-01 5.273957591373334708e+02
4.375559118236472811e-01 5.234416301250671495e+02
4.397827655310621031e-01 5.192750750060815790e+02
4.420096192384769251e-01 5.149210293151917313e+02
4.442364729458917472e-01 5.104992184421652723e+02
4.464633266533065692e-01 5.061308071267878290e+02
4.486901803607213912e-01 5.019369601088466197e+02
4.509170340681362132e-01 4.980314058541017630e+02
4.531438877755510353e-01 4.944040153485290148e+02
4.553707414829659128e-01 4.909424350387244544e+02
4.575975951903807348e-01 4.875312517239538579e+02
4.598244488977955569e-01 4.840550522034820915e+02
4.620513026052103789e-01 4.804018521895195022e+02
4.642781563126252009e-01 4.765585175545713241e+02
4.665050100200400229e-01 4.726233349098349095e+02
4.687318637274548450e-01 4.687005451943837215e+02
4.709587174348696670e-01 4.648943893472910531e+02
4.731855711422845445e-01 4.613077646781186445e+02
4.754124248496993665e-01 4.579687026988906950e+02
4.776392785571141886e-01 4.547923847576992671e+02
4.798661322645290106e-01 4.516846483608019867e+02
4.820929859719438326e-01 4.485513310144561956e+02
4.843198396793586546e-01 4.452986750557684559e+02
4.865466933867734767e-01 4.418883206549195393e+02
4.887735470941883542e-01 4.383931333187873065e+02
4.910004008016031762e-01 4.348992799268294220e+02
4.932272545090179983e-01 4.314929273585035503e+02
4.954541082164328203e-01 4.282601994050059488e+02
4.976809619238476423e-01 4.252546646189808257e+02
4.999078156312624643e-01 4.224394506894889787e+02
5.021346693386772309e-01 4.197621066585228959e+02
5.043615230460920529e-01 4.171701815680747814e+02
5.065883767535069859e-01 4.146112244743146675e+02
5.088152304609218080e-01 4.120399011857479081e+02
5.110420841683366300e-01 4.094382769994959972e+02
5.132689378757514520e-01 4.067950101398600395e+02
5.154957915831662740e-01 4.040987588311409695e+02
5.177226452905810961e-01 4.013381812976396077e+02
5.199494989979959181e-01 3.985080750563736842e+02
5.221763527054107401e-01 3.956366569518596634e+02
5.244032064128255621e-01 3.927634601637735159e+02
5.266300601202403842e-01 3.899280268971946839e+02
5.288569138276552062e-01 3.871698993572026666e+02
5.310837675350701392e-01 3.845243908378806168e+02
5.333106212424849613e-01 3.819933168895503854e+02
5.355374749498997833e-01 3.795625541506732930e+02
5.377643286573146053e-01 3.772178819795192908e+02
5.399911823647294273e-01 3.749450797343585009e+02
5.422180360721442494e-01 3.727297890039590129e+02
5.444448897795590714e-01 3.705561095416521766e+02
5.466717434869738934e-01 3.684071740171737588e+02
5.488985971943887154e-01 3.662661001800789791e+02
5.511254509018035375e-01 3.641160057799231708e+02
5.533523046092183595e-01 3.619403408882186568e+02
5.555791583166331815e-01 3.597282445342038955e+02
5.578060120240480035e-01 3.574736331448119699e+02
5.600328657314628256e-01 3.551705714122863924e+02
5.622597194388776476e-01 3.528131240288705612e+02
5.644865731462925806e-01 3.503961916471606628e+02
5.667134268537074027e-01 3.479390412223810358e+02
5.689402805611222247e-01 3.454885575081470961e+02
5.711671342685370467e-01 3.430931147177159914e+02
5.733939879759518687e-01 3.408010870643447561e+02
5.756208416833666908e-01 3.386602068201399334e+02
5.778476953907815128e-01 3.366807343141367141e+02
5.800745490981963348e-01 3.348154411348834856e+02
5.823014028056111568e-01 3.330122222412410906e+02
5.845282565130259789e-01 3.312189725920703154e+02
5.867551102204408009e-01 3.293837414544940998e+02
5.889819639278556229e-01 3.274772350159248049e+02
5.912088176352704449e-01 3.255164880875353219e+02
5.934356713426852670e-01 3.235241979350893189e+02
5.956625250501000890e-01 3.215230618243502931e+02
5.978893787575150220e-01 3.195357711947121970e+02
6.001162324649298441e-01 3.175799095783274311e+02
6.023430861723446661e-01 3.156585952668588675e+02
6.045699398797594881e-01 3.137724036919445325e+02
6.067967935871743101e-01 3.119219102852218839e+02
6.090236472945891322e-01 3.101076904754353336e+02
6.112505010020039542e-01 3.083278256317141199e+02
6.134773547094187762e-01 3.065707336512595020e+02
6.157042084168335982e-01 3.048224923185672992e+02
6.179310621242484203e-01 3.030691794181333876e+02
6.201579158316632423e-01 3.012968727344534727e+02
6.223847695390780643e-01 2.994947538985515507e+02
6.246116232464928864e-01 2.976690103615365501e+02
6.268384769539077084e-01 2.958316238833718899e+02
6.290653306613225304e-01 2.939945811123296835e+02
6.312921843687374635e-01 2.921698686966817036e+02
6.335190380761522855e-01 2.903703605945140112e+02
6.357458917835671075e-01 2.886157050035569682e+02
6.379727454909819295e-01 2.869286731776129500e+02
6.401995991983967516e-01 2.853320530611531467e+02
6.424264529058115736e-01 2.838486325986490897e+02
6.446533066132263956e-01 2.824966414068714471e+02
6.468801603206412176e-01 2.812429045666931415e+02
6.491070140280560397e-01 2.800218208371859419e+02
6.513338677354708617e-01 2.787672807439652161e+02
6.535607214428856837e-01 2.774131748126464458e+02
6.557875751503005057e-01 2.758976597352399835e+02
6.580144288577153278e-01 2.742312085465750329e+02
6.602412825651301498e-01 2.724846478479166763e+02
6.624681362725449718e-01 2.707306532998782131e+02
6.646949899799599049e-01 2.690419005630725451e+02
6.669218436873747269e-01 2.674892366650979056e+02
6.691486973947895489e-01 2.660920605744422005e+02
6.713755511022043709e-01 2.648124935113479523e+02
6.736024048096191930e-01 2.636096579124226764e+02
6.758292585170340150e-01 2.624426762142734901e+02
6.780561122244488370e-01 2.612708039299736811e+02
6.802829659318636590e-01 2.600609354953187449e+02
6.825098196392784811e-01 2.587916110835025165e+02
6.847366733466933031e-01 2.574423502483384709e+02
6.869635270541081251e-01 2.559926725436403387e+02
6.891903807615229471e-01 2.544223075979004705e+02
6.914172344689377692e-01 2.527425508449353799e+02
6.936440881763525912e-01 2.510296237045098167e+02
6.958709418837674132e-01 2.493677386070347950e+02
6.980977955911823463e-01 2.478411079829213577e+02
7.003246492985971683e-01 2.465338864380187545e+02
7.025515030060119903e-01 2.454867700864357971e+02
7.047783567134268123e-01 2.446198091366025267e+02
7.070052104208416344e-01 2.438322878023118676e+02
7.092320641282564564e-01 2.430234902973566307e+02
7.114589178356712784e-01 2.420927008520264678e+02
7.136857715430861004e-01 2.409668019173551556e+02
7.159126252505009225e-01 2.396802911485665959e+02
7.181394789579157445e-01 2.382938929683265883e+02
7.203663326653305665e-01 2.368683317993011030e+02
7.225931863727453885e-01 2.354643320641559114e+02
7.248200400801602106e-01 2.341335646430891870e+02
7.270468937875750326e-01 2.328784538849791375e+02
7.292737474949898546e-01 2.316847602959741437e+02
7.315006012024047877e-01 2.305382311780903990e+02
7.337274549098196097e-01 2.294246138333438125e+02
7.359543086172344317e-01 2.283305323327941494e+02
7.381811623246492537e-01 2.272493506745823595e+02
7.404080160320640758e-01 2.261775585608790777e+02
7.426348697394788978e-01 2.251116628293629560e+02
7.448617234468937198e-01 2.240481703177126178e+02
7.470885771543085419e-01 2.229834791442683866e+02
7.493154308617233639e-01 2.219127519873369465e+02
7.515422845691381859e-01 2.208303677588085066e+02
7.537691382765530079e-01 2.197306928921858002e+02
7.559959919839678300e-01 2.186080938209716464e+02
7.582228456913826520e-01 2.174581850526209905e+02
7.604496993987974740e-01 2.162987447011524011e+02
7.626765531062122960e-01 2.151665937605476699e+02
7.649034068136272291e-01 2.140991726438915350e+02
7.671302605210420511e-01 2.131339217642693029e+02
7.693571142284568731e-01 2.123065880161278756e+02
7.715839679358716952e-01 2.116047496112424540e+02
7.738108216432865172e-01 2.109620595821902498e+02
7.760376753507013392e-01 2.103093215423070319e+02
7.782645290581161612e-01 2.095773391049285976e+02
7.804913827655309833e-01 2.086977613986983897e+02
7.827182364729458053e-01 2.076499715350481949e+02
7.849450901803606273e-01 2.064856666578326951e+02
7.871719438877754493e-01 2.052625728928492777e+02
7.893987975951902714e-01 2.040384163658954719e+02
7.916256513026050934e-01 2.028707822087927468e+02
7.938525050100199154e-01 2.017944538794067171e+02
7.960793587174347374e-01 2.007964471532912967e+02
7.983062124248496705e-01 1.998577700077287602e+02
8.005330661322644925e-01 1.989594304200014676e+02
8.027599198396793145e-01 1.980824413410770148e+02
8.049867735470941366e-01 1.972126368264966914e+02
8.072136272545089586e-01 1.963496737449414695e+02
8.094404809619237806e-01 1.954956707638273485e+02
8.116673346693386026e-01 1.946527465505702423e+02
8.138941883767534247e-01 1.938230197718752663e+02
8.161210420841682467e-01 1.930058090386643244e+02
8.183478957915830687e-01 1.921894447815272429e+02
8.205747494989978907e-01 1.913595623968506345e+02
8.228016032064127128e-01 1.905017972810206572e+02
8.250284569138275348e-01 1.896017848304238385e+02
8.272553106212423568e-01 1.886497686359061561e+02
8.294821643286571788e-01 1.876615705186416108e+02
8.317090180360721119e-01 1.866618361784967703e+02
8.339358717434869339e-01 1.856752196144049378e+02
8.361627254509017559e-01 1.847263748252991320e+02
8.383895791583165780e-01 1.838368749039068177e+02
8.406164328657314000e-01 1.830044457230627017e+02
8.428432865731462220e-01 1.822156881165686286e+02
8.450701402805610440e-01 1.814571403746781186e+02
8.472969939879758661e-01 1.807153407876449478e+02
8.495238476953906881e-01 1.799779052139605824e+02
8.517507014028055101e-01 1.792447887037322971e+02
8.539775551102203321e-01 1.785238189204329160e+02
8.562044088176351542e-01 1.778229508334046329e+02
8.584312625250499762e-01 1.771501394119898407e+02
8.606581162324647982e-01 1.765124828671185355e+02
8.628849699398796202e-01 1.759014310816602915e+02
8.651118236472945533e-01 1.752947543362213310e+02
8.673386773547093753e-01 1.746697621310052568e+02
8.695655310621241973e-01 1.740037639662151889e+02
8.717923847695390194e-01 1.732747315728971103e+02
8.740192384769538414e-01 1.724810749187332419e+02
8.762460921843686634e-01 1.716450370156851193e+02
8.784729458917834855e-01 1.707902070978408346e+02
8.806997995991983075e-01 1.699401743992885088e+02
8.829266533066131295e-01 1.691182840939123935e+02
8.851535070140279515e-01 1.683338956754434150e+02
8.873803607214427736e-01 1.675750609118287855e+02
8.896072144288575956e-01 1.668280412299334898e+02
8.918340681362724176e-01 1.660790980566229109e+02
8.940609218436872396e-01 1.653145629252590538e+02
8.962877755511020617e-01 1.645318076685580024e+02
8.985146292585168837e-01 1.637511812329576912e+02
9.007414829659318167e-01 1.629959001696806524e+02
9.029683366733466388e-01 1.622891810299495035e+02
9.051951903807614608e-01 1.616542279110967399e+02
9.074220440881762828e-01 1.611015314142816237e+02
9.096488977955911048e-01 1.606049044445117318e+02
9.118757515030059269e-01 1.601315850793792492e+02
9.141026052104207489e-01 1.596488113964760203e+02
9.163294589178355709e-01 1.591238214740943704e+02
9.185563126252503929e-01 1.585331053762371596e+02
9.207831663326652150e-01 1.578896925206278468e+02
9.230100200400800370e-01 1.572156314956764334e+02
9.252368737474948590e-01 1.565329708897926366e+02
9.274637274549096810e-01 1.558637592913863443e+02
9.296905811623245031e-01 1.552257542777616379e+02
9.319174348697393251e-01 1.546127403479481472e+02
9.341442885771542581e-01 1.540101804971011177e+02
9.363711422845690802e-01 1.534035294708364177e+02
9.385979959919839022e-01 1.527782420147697167e+02
9.408248496993987242e-01 1.521227131660682232e+02
9.430517034068135462e-01 1.514479228885152793e+02
9.452785571142283683e-01 1.507753180208837307e+02
9.475054108216431903e-01 1.501264026166533085e+02
9.497322645290580123e-01 1.495226807293038576e+02
9.519591182364728343e-01 1.489830213855894385e+02
9.541859719438876564e-01 1.484963764929672152e+02
9.564128256513024784e-01 1.480327307953023706e+02
9.586396793587173004e-01 1.475617675984646269e+02
9.608665330661321224e-01 1.470531702083235359e+02
9.630933867735469445e-01 1.464784448523254810e+02
9.653202404809617665e-01 1.458414364273164097e+02
9.675470941883766995e-01 1.451737574242763458e+02
9.697739478957915216e-01 1.445079223798915962e+02
9.720008016032063436e-01 1.438764458308484677e+02
9.742276553106211656e-01 1.433107297070703225e+02
9.764545090180359876e-01 1.428098278075699170e+02
9.786813627254508097e-01 1.423361757340466909e+02
9.809082164328656317e-01 1.418502383503852400e+02
9.831350701402804537e-01 1.413124805204703875e+02
9.853619238476952757e-01 1.406839293582016523e+02
9.875887775551100978e-01 1.399583190085326692e+02
9.898156312625249198e-01 1.391794971037016069e+02
9.920424849699397418e-01 1.383955547544125864e+02
9.942693386773545638e-01 1.376545830713696148e+02
9.964961923847693859e-01 1.370045050929151103e+02
9.987230460921842079e-01 1.364674622077814092e+02
1.000949899799599141e+00 1.360122899045248630e+02
1.003176753507013963e+00 1.356012222774511997e+02
1.005403607214428785e+00 1.351964934208662896e+02
1.007630460921843607e+00 1.347603494427852411e+02
1.009857314629258429e+00 1.342695519559354409e+02
1.012084168336673251e+00 1.337435552247713701e+02
1.014311022044088073e+00 1.332096230134513064e+02
1.016537875751502895e+00 1.326950190861335273e+02
1.018764729458917717e+00 1.322270072069763955e+02
1.020991583166332539e+00 1.318233920920066282e+02
1.023218436873747361e+00 1.314623007599496987e+02
1.025445290581162183e+00 1.311114582415360417e+02
1.027672144288577005e+00 1.307385895280674220e+02
1.029898997995991827e+00 1.303114196108459168e+02
1.032125851703406649e+00 1.298053673808830695e+02
1.034352705410821471e+00 1.292362498178962369e+02
1.036579559118236293e+00 1.286330970189935101e+02
1.038806412825651115e+00 1.280249465962093041e+02
1.041033266533065937e+00 1.274408361615780905e+02
1.043260120240480759e+00 1.269061809363541897e+02
1.045486973947895581e+00 1.264187841164294639e+02
1.047713827655310403e+00 1.259637364748627988e+02
1.049940681362725448e+00 1.255260612425265236e+02
1.052167535070140270e+00 1.250907816502930530e+02
1.054394388777555092e+00 1.246441880508297118e+02
1.056621242484969914e+00 1.241870678334818763e+02
1.058848096192384736e+00 1.237294517346494729e+02
1.061074949899799558e+00 1.232815196973467806e+02
1.063301803607214380e+00 1.228534516645879648e+02
1.065528657314629202e+00 1.224546395468230031e+02
1.067755511022044024e+00 1.220800971109037221e+02
1.069982364729458846e+00 1.217122768861979125e+02
1.072209218436873668e+00 1.213332088309254715e+02
1.074436072144288490e+00 1.209249229033061965e+02
1.076662925851703312e+00 1.204699962653539700e+02
1.078889779559118134e+00 1.199687080786569595e+02
1.081116633266532956e+00 1.194424574465404874e+02
1.083343486973947778e+00 1.189138809501308174e+02
1.085570340681362600e+00 1.184056151705540714e+02
1.087797194388777422e+00 1.179399869598142061e+02
1.090024048096192244e+00 1.175236555196005526e+02
1.092250901803607066e+00 1.171405382107106163e+02
1.094477755511021888e+00 1.167727659597575780e+02
1.096704609218436710e+00 1.164024696933545471e+02
1.098931462925851532e+00 1.160118137240202856e+02
1.101158316633266354e+00 1.155906370549084698e+02
1.103385170340681176e+00 1.151462047769644101e+02
1.105612024048095998e+00 1.146881875050605402e+02
1.107838877755510820e+00 1.142262558540693504e+02
1.110065731462925642e+00 1.137700804388633173e+02
1.112292585170340464e+00 1.133293318743148461e+02
1.114519438877755286e+00 1.129136807752964273e+02
1.116746292585170330e+00 1.125327977566805089e+02
1.118973146292585152e+00 1.121963534333396240e+02
1.121199999999999974e+00 1.119140184201461352e+02
