1.000000000000000021e-02 1.927838494588573667e+04
1.222685370741482917e-02 2.051240830324431590e+04
1.445370741482965987e-02 2.109943417385310022e+04
1.668056112224448884e-02 2.117569777100947613e+04
1.890741482965931780e-02 2.085924984883610159e+04
2.113426853707414677e-02 2.025088772119836722e+04
2.336112224448897573e-02 1.943851051136893511e+04
2.558797595190380469e-02 1.849782606779027992e+04
2.781482965931863366e-02 1.749223726383846952e+04
3.004168336673346262e-02 1.647273984694869068e+04
3.226853707414829159e-02 1.547900423159279853e+04
3.449539078156312055e-02 1.454058724931784673e+04
3.672224448897795646e-02 1.367649772579230194e+04
3.894909819639278542e-02 1.289789007732378013e+04
4.117595190380761438e-02 1.220900238762583103e+04
4.340280561122244335e-02 1.160864538754659588e+04
4.562965931863727231e-02 1.109161089839399938e+04
4.785651302605210128e-02 1.064942835340292550e+04
5.008336673346693024e-02 1.027150698544211627e+04
5.231022044088175921e-02 9.946915369369409746e+03
5.453707414829658817e-02 9.662523808770351025e+03
5.676392785571141714e-02 9.408215217833685529e+03
5.899078156312624610e-02 9.188481594456579842e+03
6.121763527054107507e-02 8.983081990692062391e+03
6.344448897795590403e-02 8.765271963547802443e+03
6.567134268537073993e-02 8.518073596508691480e+03
6.789819639278556196e-02 8.246296140512868078e+03
7.012505010020039786e-02 7.957696290500617579e+03
7.235190380761521989e-02 7.660030741412230782e+03
7.457875751503004191e-02 7.361055022613290021e+03
7.680561122244487782e-02 7.066794436547133955e+03
7.903246492985969984e-02 6.778072426171604093e+03
8.125931863727453575e-02 6.494738859207126552e+03
8.348617234468937165e-02 6.216643603374131999e+03
8.571302605210419367e-02 5.943636585816802835e+03
8.793987975951902958e-02 5.676518237412839881e+03
9.016673346693385160e-02 5.419448467537456963e+03
9.239358717434868751e-02 5.177329035717408260e+03
9.462044088176350953e-02 4.955061701479460680e+03
9.684729458917834544e-02 4.757548224350369310e+03
9.907414829659316746e-02 4.588426577183780864e+03
1.013010020040080034e-01 4.445425431008658052e+03
1.035278557114228254e-01 4.324547699050992378e+03
1.057547094188376613e-01 4.221796086481583188e+03
1.079815631262524833e-01 4.133173298471233466e+03
1.102084168336673192e-01 4.054839649177475621e+03
1.124352705410821412e-01 3.983888773222465716e+03
1.146621242484969772e-01 3.917756581220000498e+03
1.168889779559118131e-01 3.853879503052163273e+03
1.191158316633266351e-01 3.789693968601037341e+03
1.213426853707414710e-01 3.722840402774152608e+03
1.235695390781562930e-01 3.652676020945928940e+03
1.257963927855711428e-01 3.579417714931087176e+03
1.280232464929859648e-01 3.503288787536992913e+03
1.302501002004007868e-01 3.424512541571009024e+03
1.324769539078156089e-01 3.343317243927246636e+03
1.347038076152304586e-01 3.260000300222905935e+03
1.369306613226452807e-01 3.174909827660589144e+03
1.391575150300601027e-01 3.088395110747856961e+03
1.413843687374749525e-01 3.000805433992271901e+03
1.436112224448897745e-01 2.912518096301051628e+03
1.458380761523045965e-01 2.824460171223162888e+03
1.480649298597194186e-01 2.738060602252250646e+03
1.502917835671342683e-01 2.654766741372237902e+03
1.525186372745490904e-01 2.576025940567052203e+03
1.547454909819639124e-01 2.503260662262620826e+03
1.569723446893787622e-01 2.437130890647636534e+03
1.591991983967935842e-01 2.377410722368616916e+03
1.614260521042084062e-01 2.323824508397710360e+03
1.636529058116232282e-01 2.276096599707065707e+03
1.658797595190380780e-01 2.233946679687690448e+03
1.681066132264529001e-01 2.196782505403592950e+03
1.703334669338677221e-01 2.163509073014877686e+03
1.725603206412825441e-01 2.132985796423854481e+03
1.747871743486973939e-01 2.104072089532829068e+03
1.770140280561122159e-01 2.075629207040803067e+03
1.792408817635270379e-01 2.046851535195916540e+03
1.814677354709418600e-01 2.017650456126949393e+03
1.836945891783567097e-01 1.988030421990788909e+03
1.859214428857715318e-01 1.957995884944325098e+03
1.881482965931863538e-01 1.927551268007416866e+03
1.903751503006012036e-01 1.896664871330296364e+03
1.926020040080160256e-01 1.865198449086160508e+03
1.948288577154308476e-01 1.832994207703853135e+03
1.970557114228456697e-01 1.799894353612218310e+03
1.992825651302605194e-01 1.765741093240100327e+03
2.015094188376753415e-01 1.730516996528072696e+03
2.037362725450901635e-01 1.694779431540701125e+03
2.059631262525049855e-01 1.659232880798587075e+03
2.081899799599198353e-01 1.624581826891304672e+03
2.104168336673346573e-01 1.591530752408429180e+03
2.126436873747494793e-01 1.560669039949578519e+03
2.148705410821643014e-01 1.531954507609057600e+03
2.170973947895791512e-01 1.505129477922704154e+03
2.193242484969939732e-01 1.479936089306073427e+03
2.215511022044087952e-01 1.456116480174720209e+03
2.237779559118236450e-01 1.433435399965607076e+03
2.260048096192384670e-01 1.411830495330073745e+03
2.282316633266532890e-01 1.391319230077516295e+03
2.304585170340681111e-01 1.371919497089964580e+03
2.326853707414829608e-01 1.353649189249448682e+03
2.349122244488977829e-01 1.336507487597154068e+03
2.371390781563126049e-01 1.320271612976642245e+03
2.393659318637274269e-01 1.304573451647085449e+03
2.415927855711422767e-01 1.289042369897737444e+03
2.438196392785570987e-01 1.273307734017850180e+03
2.460464929859719208e-01 1.257017063658899360e+03
2.482733466933867428e-01 1.240150477127113390e+03
2.505002004008015648e-01 1.222979401616767518e+03
2.527270541082163868e-01 1.205785114220740752e+03
2.549539078156312089e-01 1.188848892031912783e+03
2.571807615230460309e-01 1.172445824764281042e+03
2.594076152304609084e-01 1.156659298824853749e+03
2.616344689378757304e-01 1.141348728450991075e+03
2.638613226452905525e-01 1.126360837723821760e+03
2.660881763527053745e-01 1.111542350724475909e+03
2.683150300601201965e-01 1.096741777891060110e+03
2.705418837675350741e-01 1.081913865766290883e+03
2.727687374749498961e-01 1.067177485587338651e+03
2.749955911823647181e-01 1.052665563771848610e+03
2.772224448897795401e-01 1.038511026737464817e+03
2.794492985971943622e-01 1.024846377892592500e+03
2.816761523046091842e-01 1.011736960270081113e+03
2.839030060120240062e-01 9.991080595002132441e+02
2.861298597194388282e-01 9.868674399849988959e+02
2.883567134268537058e-01 9.749228661264482980e+02
2.905835671342685278e-01 9.631821415249708025e+02
2.928104208416833498e-01 9.515896044948885901e+02
2.950372745490981718e-01 9.401938454726418968e+02
2.972641282565129939e-01 9.290619288514179743e+02
2.994909819639278159e-01 9.182609190244043020e+02
3.017178356713426379e-01 9.078578803838095155e+02
3.039446893787575155e-01 8.978971438047741458e+02
3.061715430861723375e-01 8.883330609450904376e+02
3.083983967935871595e-01 8.790977248696344759e+02
3.106252505010019815e-01 8.701232286432810952e+02
3.128521042084168036e-01 8.613416653309068352e+02
3.150789579158316256e-01 8.526880311157121923e+02
3.173058116232464476e-01 8.441135776248218008e+02
3.195326653306612696e-01 8.355752110506285817e+02
3.217595190380761472e-01 8.270298432919292964e+02
3.239863727454909692e-01 8.184343862475224114e+02
3.262132264529057912e-01 8.097536408961990446e+02
3.284400801603206133e-01 8.010131489366535789e+02
3.306669338677354353e-01 7.922666593405755293e+02
3.328937875751502573e-01 7.835680766125915397e+02
3.351206412825650793e-01 7.749713052573283676e+02
3.373474949899799569e-01 7.665292373605705052e+02
3.395743486973947789e-01 7.582828589140684699e+02
3.418012024048096009e-01 7.502654091338675926e+02
3.440280561122244229e-01 7.425099951516331203e+02
3.462549098196392450e-01 7.350497240990310956e+02
3.484817635270540670e-01 7.279143627273590482e+02
3.507086172344688890e-01 7.210719169123766505e+02
3.529354709418837110e-01 7.144359976504297265e+02
3.551623246492985886e-01 7.079183562093739965e+02
3.573891783567134106e-01 7.014307438570660906e+02
3.596160320641282326e-01 6.948875034701244431e+02
3.618428857715430547e-01 6.882786127970356347e+02
3.640697394789578767e-01 6.816798318161455654e+02
3.662965931863726987e-01 6.751715516748237178e+02
3.685234468937875207e-01 6.688341635204400291e+02
3.707503006012023983e-01 6.627470464869589932e+02
3.729771543086172203e-01 6.569340158757132713e+02
3.752040080160320423e-01 6.513356042650755171e+02
3.774308617234468644e-01 6.458855022104842192e+02
3.796577154308616864e-01 6.405174002673776386e+02
3.818845691382765084e-01 6.351651403838701526e+02
3.841114228456913304e-01 6.297848518865071128e+02
3.863382765531061525e-01 6.243782677405987442e+02
3.885651302605210300e-01 6.189526992066025741e+02
3.907919839679358520e-01 6.135154575449773802e+02
3.930188376753506740e-01 6.080738623304470138e+02
3.952456913827654961e-01 6.026412331445334303e+02
3.974725450901803181e-01 5.972474557729790376e+02
3.996993987975951401e-01 5.919252509630020995e+02
4.019262525050099621e-01 5.867073394618200837e+02
4.041531062124248397e-01 5.816264420077563955e+02
4.063799599198396617e-01 5.767070672012673640e+02
4.086068136272544837e-01 5.719418817378677886e+02
4.108336673346693058e-01 5.673158358325752033e+02
4.130605210420841278e-01 5.628138797004064600e+02
4.152873747494989498e-01 5.584209635563790926e+02
4.175142284569137718e-01 5.541204129814747148e+02
4.197410821643285939e-01 5.498866456549297936e+02
4.219679358717434714e-01 5.456910419554336613e+02
4.241947895791582934e-01 5.415049796829734987e+02
4.264216432865731155e-01 5.372998366375356909e+02
4.286484969939879375e-01 5.330517109458932055e+02
4.308753507014027595e-01 5.287738332284483249e+02
4.331022044088175815e-01 5.244969985208659864e+02
4.353290581162324036e-01 5.202521064901358159e+02
4.375559118236472811e-01 5.160700568032466435e+02
4.397827655310621031e-01 5.119800539849325673e+02
4.420096192384769251e-01 5.079924752596379562e+02
4.442364729458917472e-01 5.041059558469409012e+02
4.464633266533065692e-01 5.003189526682774044e+02
4.486901803607213912e-01 4.966299226450846049e+02
4.509170340681362132e-01 4.930365130957578117e+02
4.531438877755510353e-01 4.895228867102453023e+02
4.553707414829659128e-01 4.860620767744887871e+02
4.575975951903807348e-01 4.826267834640885894e+02
4.598244488977955569e-01 4.791897069546443504e+02
4.620513026052103789e-01 4.757246339547024832e+02
4.642781563126252009e-01 4.722366742065643734e+02
4.665050100200400229e-01 4.687662437742272914e+02
4.687318637274548450e-01 4.653556454926604147e+02
4.709587174348696670e-01 4.620471821968333188e+02
4.731855711422845445e-01 4.588824317824458490e+02
4.754124248496993665e-01 4.558625791975238144e+02
4.776392785571141886e-01 4.529279224308035054e+02
4.798661322645290106e-01 4.500137181126617065e+02
4.820929859719438326e-01 4.470552228734745768e+02
4.843198396793586546e-01 4.439880035554604092e+02
4.865466933867734767e-01 4.407900769867144959e+02
4.887735470941883542e-01 4.375246892129740104e+02
4.910004008016031762e-01 4.342652787919722073e+02
4.932272545090179983e-01 4.310852842814422843e+02
4.954541082164328203e-01 4.280581057917963790e+02
4.976809619238476423e-01 4.252280946469376772e+02
4.999078156312624643e-01 4.225589024906328746e+02
5.021346693386772309e-01 4.200002802608663046e+02
5.043615230460920529e-01 4.175019788956217894e+02
5.065883767535069859e-01 4.150137493504287249e+02
5.088152304609218080e-01 4.124941497620172868e+02
5.110420841683366300e-01 4.099356459049960790e+02
5.132689378757514520e-01 4.073388624868096031e+02
5.154957915831662740e-01 4.047044242149021898e+02
5.177226452905810961e-01 4.020329557967183973e+02
5.199494989979959181e-01 3.993292608216464714e+02
5.221763527054107401e-01 3.966208906825620488e+02
5.244032064128255621e-01 3.939430995535649345e+02
5.266300601202403842e-01 3.913311477521497750e+02
5.288569138276552062e-01 3.888202955958107054e+02
5.310837675350701392e-01 3.864410995874218315e+02
5.333106212424849613e-01 3.841868567138750450e+02
5.355374749498997833e-01 3.820331351220115721e+02
5.377643286573146053e-01 3.799553947539868091e+02
5.399911823647294273e-01 3.779290955519560953e+02
5.422180360721442494e-01 3.759299720562759148e+02
5.444448897795590714e-01 3.739368319492660930e+02
5.466717434869738934e-01 3.719304104764033241e+02
5.488985971943887154e-01 3.698914726216373197e+02
5.511254509018035375e-01 3.678007833689176778e+02
5.533523046092183595e-01 3.656407579436765900e+02
5.555791583166331815e-01 3.634220617481196314e+02
5.578060120240480035e-01 3.611790837443539317e+02
5.600328657314628256e-01 3.589469491490741007e+02
5.622597194388776476e-01 3.567607831789749753e+02
5.644865731462925806e-01 3.546547531296526472e+02
5.667134268537074027e-01 3.526351051216306018e+02
5.689402805611222247e-01 3.506764382341964961e+02
5.711671342685370467e-01 3.487516447852938200e+02
5.733939879759518687e-01 3.468336170928666320e+02
5.756208416833666908e-01 3.448955168221623921e+02
5.778476953907815128e-01 3.429262282118082794e+02
5.800745490981963348e-01 3.409387567726867587e+02
5.823014028056111568e-01 3.389481541643937703e+02
5.845282565130259789e-01 3.369694720465257092e+02
5.867551102204408009e-01 3.350177281602752259e+02
5.889819639278556229e-01 3.331029600432549955e+02
5.912088176352704449e-01 3.312250217670574557e+02
5.934356713426852670e-01 3.293825227426472111e+02
5.956625250501000890e-01 3.275740723809886390e+02
5.978893787575150220e-01 3.257982806708561725e+02
6.001162324649298441e-01 3.240542641597089641e+02
6.023430861723446661e-01 3.223425739342110319e+02
6.045699398797594881e-01 3.206640132602011022e+02
6.067967935871743101e-01 3.190193854035173331e+02
6.090236472945891322e-01 3.174094936273246503e+02
6.112505010020039542e-01 3.158328365835247951e+02
6.134773547094187762e-01 3.142789834878056467e+02
6.157042084168335982e-01 3.127353411977202882e+02
6.179310621242484203e-01 3.111893165708216884e+02
6.201579158316632423e-01 3.096283164646627597e+02
6.223847695390780643e-01 3.080424137722308160e+02
6.246116232464928864e-01 3.064362884614838549e+02
6.268384769539077084e-01 3.048195974966918698e+02
6.290653306613225304e-01 3.032020020409162839e+02
6.312921843687374635e-01 3.015931632572181229e+02
6.335190380761522855e-01 3.000029195040578998e+02
6.357458917835671075e-01 2.984424619527224536e+02
6.379727454909819295e-01 2.969236054474915818e+02
6.401995991983967516e-01 2.954581681657645049e+02
6.424264529058115736e-01 2.940579682849406709e+02
6.446533066132263956e-01 2.927322792613005618e+02
6.468801603206412176e-01 2.914616775778716260e+02
6.491070140280560397e-01 2.902086374768349515e+02
6.513338677354708617e-01 2.889353494751780431e+02
6.535607214428856837e-01 2.876040040898882921e+02
6.557875751503005057e-01 2.861792838079826424e+02
6.580144288577153278e-01 2.846681128253723045e+02
6.602412825651301498e-01 2.831126693024909287e+02
6.624681362725449718e-01 2.815562114796495621e+02
6.646949899799599049e-01 2.800419975971593658e+02
6.669218436873747269e-01 2.786121045136683847e+02
6.691486973947895489e-01 2.772753712576292173e+02
6.713755511022043709e-01 2.760036327779804992e+02
6.736024048096191930e-01 2.747667866704745734e+02
6.758292585170340150e-01 2.735347305308633281e+02
6.780561122244488370e-01 2.722776092908451346e+02
6.802829659318636590e-01 2.709797655854195000e+02
6.825098196392784811e-01 2.696471868194457784e+02
6.847366733466933031e-01 2.682876806747993896e+02
6.869635270541081251e-01 2.669090548333558672e+02
6.891903807615229471e-01 2.655191480020652648e+02
6.914172344689377692e-01 2.641304607131691569e+02
6.936440881763525912e-01 2.627650821534782040e+02
6.958709418837674132e-01 2.614462816696356526e+02
6.980977955911823463e-01 2.601973286082846926e+02
7.003246492985971683e-01 2.590414734223408573e+02
7.025515030060119903e-01 2.579877668389461860e+02
7.047783567134268123e-01 2.570058394694567028e+02
7.070052104208416344e-01 2.560585367972259405e+02
7.092320641282564564e-01 2.551087043056071195e+02
7.114589178356712784e-01 2.541191874843207756e+02
7.136857715430861004e-01 2.530634834875233992e+02
7.159126252505009225e-01 2.519566240687892957e+02
7.181394789579157445e-01 2.508237633272100879e+02
7.203663326653305665e-01 2.496900553618774552e+02
7.225931863727453885e-01 2.485806542718828496e+02
7.248200400801602106e-01 2.475154009198633105e+02
7.270468937875750326e-01 2.464852349437241230e+02
7.292737474949898546e-01 2.454713165014615868e+02
7.315006012024047877e-01 2.444547980019864895e+02
7.337274549098196097e-01 2.434168318542093346e+02
7.359543086172344317e-01 2.423421569660110890e+02
7.381811623246492537e-01 2.412430824950590420e+02
7.404080160320640758e-01 2.401447035594341060e+02
7.426348697394788978e-01 2.390721853714820782e+02
7.448617234468937198e-01 2.380506931435487274e+02
7.470885771543085419e-01 2.371024224643566072e+02
7.493154308617233639e-01 2.362158233906355917e+02
7.515422845691381859e-01 2.353579377245889077e+02
7.537691382765530079e-01 2.344954664264463418e+02
7.559959919839678300e-01 2.335951104564377658e+02
7.582228456913826520e-01 2.326255061029338265e+02
7.604496993987974740e-01 2.315896576910798785e+02
7.626765531062122960e-01 2.305200984224244110e+02
7.649034068136272291e-01 2.294503220018734737e+02
7.671302605210420511e-01 2.284138221343332589e+02
7.693571142284568731e-01 2.274432449179216746e+02
7.715839679358716952e-01 2.265471280048916469e+02
7.738108216432865172e-01 2.257070194727068326e+02
7.760376753507013392e-01 2.249030412633065623e+02
7.782645290581161612e-01 2.241153153186299392e+02
7.804913827655309833e-01 2.233240613124384311e+02
7.827182364729458053e-01 2.225150164166140598e+02
7.849450901803606273e-01 2.216822764715319352e+02
7.871719438877754493e-01 2.208206341983759842e+02
7.893987975951902714e-01 2.199248823183303330e+02
7.916256513026050934e-01 2.189898639139532861e+02
7.938525050100199154e-01 2.180185665550688725e+02
7.960793587174347374e-01 2.170310398605872990e+02
7.983062124248496705e-01 2.160494793636446786e+02
8.005330661322644925e-01 2.150960805973772665e+02
8.027599198396793145e-01 2.141930286763374340e+02
8.049867735470941366e-01 2.133524097490071085e+02
8.072136272545089586e-01 2.125573547485683719e+02
8.094404809619237806e-01 2.117858377771253231e+02
8.116673346693386026e-01 2.110158329367820045e+02
8.138941883767534247e-01 2.102253143314071906e+02
8.161210420841682467e-01 2.093992106100732258e+02
8.183478957915830687e-01 2.085497419484232466e+02
8.205747494989978907e-01 2.076958222234560196e+02
8.228016032064127128e-01 2.068563653121697428e+02
8.250284569138275348e-01 2.060502850915630972e+02
8.272553106212423568e-01 2.052924600882187178e+02
8.294821643286571788e-01 2.045753702248207446e+02
8.317090180360721119e-01 2.038837684405532400e+02
8.339358717434869339e-01 2.032024004071904528e+02
8.361627254509017559e-01 2.025160117965060351e+02
8.383895791583165780e-01 2.018107232851501465e+02
8.406164328657314000e-01 2.010832985364286287e+02
8.428432865731462220e-01 2.003354663057003506e+02
8.450701402805610440e-01 1.995689832614372961e+02
8.472969939879758661e-01 1.987856060721115057e+02
8.495238476953906881e-01 1.979876496720524983e+02
8.517507014028055101e-01 1.971838216760207843e+02
8.539775551102203321e-01 1.963869083372302100e+02
8.562044088176351542e-01 1.956097618634370008e+02
8.584312625250499762e-01 1.948652344623977797e+02
8.606581162324647982e-01 1.941653684101381145e+02
8.628849699398796202e-01 1.935074129240477987e+02
8.651118236472945533e-01 1.928756852867043960e+02
8.673386773547093753e-01 1.922540671845316638e+02
8.695655310621241973e-01 1.916264403039531885e+02
8.717923847695390194e-01 1.909771176768850012e+02
8.740192384769538414e-01 1.903037248249066806e+02
8.762460921843686634e-01 1.896194109745661081e+02
8.784729458917834855e-01 1.889382022171067774e+02
8.806997995991983075e-01 1.882741246437720974e+02
8.829266533066131295e-01 1.876409923010393754e+02
8.851535070140279515e-01 1.870404681749915028e+02
8.873803607214427736e-01 1.864557026402383428e+02
8.896072144288575956e-01 1.858682905844643756e+02
8.918340681362724176e-01 1.852598268953547063e+02
8.940609218436872396e-01 1.846119776120573874e+02
8.962877755511020617e-01 1.839176136333076954e+02
8.985146292585168837e-01 1.831929254549563097e+02
9.007414829659318167e-01 1.824570139204751911e+02
9.029683366733466388e-01 1.817289798733364989e+02
9.051951903807614608e-01 1.810279184324624282e+02
9.074220440881762828e-01 1.803670808365592677e+02
9.096488977955911048e-01 1.797428590702000974e+02
9.118757515030059269e-01 1.791486229355992350e+02
9.141026052104207489e-01 1.785777422349704864e+02
9.163294589178355709e-01 1.780235867705358430e+02
9.185563126252503929e-01 1.774796283465801423e+02
9.207831663326652150e-01 1.769397416095007998e+02
9.230100200400800370e-01 1.763979006409999215e+02
9.252368737474948590e-01 1.758480795227794431e+02
9.274637274549096810e-01 1.752842523365413570e+02
9.296905811623245031e-01 1.747022494986782419e+02
9.319174348697393251e-01 1.741082724210739627e+02
9.341442885771542581e-01 1.735121224821327530e+02
9.363711422845690802e-01 1.729236046290926652e+02
9.385979959919839022e-01 1.723525238091916947e+02
9.408248496993987242e-01 1.718068358853783764e+02
9.430517034068135462e-01 1.712802935600444698e+02
9.452785571142283683e-01 1.707600671495276288e+02
9.475054108216431903e-01 1.702332909891019312e+02
9.497322645290580123e-01 1.696870994140417110e+02
9.519591182364728343e-01 1.691101032703670910e+02
9.541859719438876564e-01 1.685076771612521611e+02
9.564128256513024784e-01 1.678958237493843342e+02
9.586396793587173004e-01 1.672907146052027940e+02
9.608665330661321224e-01 1.667085212991464687e+02
9.630933867735469445e-01 1.661645369138025217e+02
9.653202404809617665e-01 1.656584701376846169e+02
9.675470941883766995e-01 1.651766481214290252e+02
9.697739478957915216e-01 1.647049633089877432e+02
9.720008016032063436e-01 1.642293081443126823e+02
9.742276553106211656e-01 1.637358805954622198e+02
9.764545090180359876e-01 1.632197614938029062e+02
9.786813627254508097e-01 1.626860871030301894e+02
9.809082164328656317e-01 1.621405348554983448e+02
9.831350701402804537e-01 1.615887821835616762e+02
9.853619238476952757e-01 1.610364820079532819e+02
9.875887775551100978e-01 1.604878613670874756e+02
9.898156312625249198e-01 1.599449625723287909e+02
9.920424849699397418e-01 1.594096429380942368e+02
9.942693386773545638e-01 1.588837597788006804e+02
9.964961923847693859e-01 1.583691721030057238e+02
9.987230460921842079e-01 1.578679987939052864e+02
1.000949899799599141e+00 1.573828960490925226e+02
1.003176753507013963e+00 1.569165866070907498e+02
1.005403607214428785e+00 1.564717932064230865e+02
1.007630460921843607e+00 1.560512358709557930e+02
1.009857314629258429e+00 1.556543546537174336e+02
1.012084168336673251e+00 1.552709426367615606e+02
1.014311022044088073e+00 1.548890282420907170e+02
1.016537875751502895e+00 1.544966398917075026e+02
1.018764729458917717e+00 1.540818060076145741e+02
1.020991583166332539e+00 1.536359274001379163e+02
1.023218436873747361e+00 1.531645509756189938e+02
1.025445290581162183e+00 1.526769322104761670e+02
1.027672144288577005e+00 1.521823265951848327e+02
1.029898997995991827e+00 1.516899896202207003e+02
1.032125851703406649e+00 1.512077924678042677e+02
1.034352705410821471e+00 1.507363377814710930e+02
1.036579559118236293e+00 1.502738508632047001e+02
1.038806412825651115e+00 1.498185556628817210e+02
1.041033266533065937e+00 1.493686761303786454e+02
1.043260120240480759e+00 1.489223514949870548e+02
1.045486973947895581e+00 1.484770751951140824e+02
1.047713827655310403e+00 1.480300433506368734e+02
1.049940681362725448e+00 1.475784505017541051e+02
1.052167535070140270e+00 1.471194911886644263e+02
1.054394388777555092e+00 1.466509396452339899e+02
1.056621242484969914e+00 1.461772023331011212e+02
1.058848096192384736e+00 1.457069144390158328e+02
1.061074949899799558e+00 1.452487794100404983e+02
1.063301803607214380e+00 1.448115006932372637e+02
1.065528657314629202e+00 1.444032196825050676e+02
1.067755511022044024e+00 1.440218227626730254e+02
1.069982364729458846e+00 1.436562371922789794e+02
1.072209218436873668e+00 1.432950888369221900e+02
1.074436072144288490e+00 1.429270035622016621e+02
1.076662925851703312e+00 1.425408210282086543e+02
1.078889779559118134e+00 1.421322971299887570e+02
1.081116633266532956e+00 1.417054393998486717e+02
1.083343486973947778e+00 1.412647388571263036e+02
1.085570340681362600e+00 1.408146865211594729e+02
1.087797194388777422e+00 1.403597753116538911e+02
1.090024048096192244e+00 1.399045942784321710e+02
1.092250901803607066e+00 1.394538720056944499e+02
1.094477755511021888e+00 1.390123480384498578e+02
1.096704609218436710e+00 1.385847619217077238e+02
1.098931462925851532e+00 1.381758443890507806e+02
1.101158316633266354e+00 1.377883006195116309e+02
1.103385170340681176e+00 1.374202365850543401e+02
1.105612024048095998e+00 1.370691233760342413e+02
1.107838877755510820e+00 1.367324320828068380e+02
1.110065731462925642e+00 1.364076337957274916e+02
1.112292585170340464e+00 1.360921996051516771e+02
1.114519438877755286e+00 1.357836006014347561e+02
1.116746292585170330e+00 1.354793078749321182e+02
1.118973146292585152e+00 1.351767925159993240e+02
1.121199999999999974e+00 1.348735256149916495e+02
