1.000000000000000021e-02 3.204924904348473501e+04
1.222685370741482917e-02 3.410951712704852253e+04
1.445370741482965987e-02 3.509494116525987192e+04
1.668056112224448884e-02 3.523165713735571626e+04
1.890741482965931780e-02 3.471449811748369393e+04
2.113426853707414677e-02 3.371082738212948607e+04
2.336112224448897573e-02 3.236676648463761012e+04
2.558797595190380469e-02 3.080763751524516192e+04
2.781482965931863366e-02 2.913859889981368178e+04
3.004168336673346262e-02 2.744481255707481250e+04
3.226853707414829159e-02 2.579277047938153191e+04
3.449539078156312055e-02 2.423108951423985127e+04
3.672224448897795646e-02 2.279226604524365393e+04
3.894909819639278542e-02 2.149528733148844549e+04
4.117595190380761438e-02 2.034742850686181555e+04
4.340280561122244335e-02 1.934711515492765102e+04
4.562965931863727231e-02 1.848573164285047096e+04
4.785651302605210128e-02 1.774945192864524506e+04
5.008336673346693024e-02 1.712113122489405578e+04
5.231022044088175921e-02 1.658159604229813340e+04
5.453707414829658817e-02 1.611064441660069315e+04
5.676392785571141714e-02 1.568864994826224029e+04
5.899078156312624610e-02 1.529785915392102652e+04
6.121763527054107507e-02 1.491954892789997757e+04
6.344448897795590403e-02 1.453471707356443767e+04
6.567134268537073993e-02 1.413065451462166675e+04
6.789819639278556196e-02 1.370869086775867072e+04
7.012505010020039786e-02 1.327205495301278643e+04
7.235190380761521989e-02 1.282397559042136163e+04
7.457875751503004191e-02 1.236768158075468091e+04
7.680561122244487782e-02 1.190637312398897120e+04
7.903246492985969984e-02 1.144316443293315024e+04
8.125931863727453575e-02 1.098115362711695343e+04
8.348617234468937165e-02 1.052343882607013802e+04
8.571302605210419367e-02 1.007311820152063956e+04
8.793987975951902958e-02 9.634124853496372452e+03
9.016673346693385160e-02 9.213342868509374966e+03
9.239358717434868751e-02 8.818307978787550383e+03
9.462044088176350953e-02 8.456555916558823810e+03
9.684729458917834544e-02 8.135622414051091255e+03
9.907414829659316746e-02 7.861007960837751853e+03
1.013010020040080034e-01 7.628696517011489050e+03
1.035278557114228254e-01 7.431892826863223490e+03
1.057547094188376613e-01 7.263801299625117281e+03
1.079815631262524833e-01 7.117626344529335256e+03
1.102084168336673192e-01 6.986961557483859906e+03
1.124352705410821412e-01 6.867705199229794744e+03
1.146621242484969772e-01 6.756600718705712097e+03
1.168889779559118131e-01 6.650392847088606686e+03
1.191158316633266351e-01 6.545826315555470501e+03
1.213426853707414710e-01 6.439829115664480014e+03
1.235695390781562930e-01 6.330871529893330262e+03
1.257963927855711428e-01 6.218196137160765829e+03
1.280232464929859648e-01 6.101051275746342071e+03
1.302501002004007868e-01 5.978685283929613433e+03
1.324769539078156089e-01 5.850400995598723057e+03
1.347038076152304586e-01 5.716260247653610350e+03
1.369306613226452807e-01 5.576881587392155780e+03
1.391575150300601027e-01 5.432896376754258199e+03
1.413843687374749525e-01 5.284935977679810094e+03
1.436112224448897745e-01 5.133704340556766510e+03
1.458380761523045965e-01 4.981329943463157178e+03
1.480649298597194186e-01 4.831241665730020941e+03
1.502917835671342683e-01 4.686916085149081482e+03
1.525186372745490904e-01 4.551829779512071582e+03
1.547454909819639124e-01 4.429386120467199362e+03
1.569723446893787622e-01 4.320745848786244096e+03
1.591991983967935842e-01 4.224464098079879477e+03
1.614260521042084062e-01 4.138949688031558253e+03
1.636529058116232282e-01 4.062611438324737719e+03
1.658797595190380780e-01 3.993862111361174811e+03
1.681066132264529001e-01 3.931377954547253012e+03
1.703334669338677221e-01 3.874259898772670113e+03
1.725603206412825441e-01 3.821647378382484476e+03
1.747871743486973939e-01 3.772679827721752190e+03
1.770140280561122159e-01 3.726496336257534949e+03
1.792408817635270379e-01 3.682173580403722553e+03
1.814677354709418600e-01 3.638653905550529089e+03
1.836945891783567097e-01 3.594862220178848929e+03
1.859214428857715318e-01 3.549723432769577812e+03
1.881482965931863538e-01 3.502162712227847351e+03
1.903751503006012036e-01 3.451428090541677193e+03
1.926020040080160256e-01 3.397719898421948528e+03
1.948288577154308476e-01 3.341413182627021797e+03
1.970557114228456697e-01 3.282882989915256530e+03
1.992825651302605194e-01 3.222504367045012259e+03
2.015094188376753415e-01 3.160779375582195371e+03
2.037362725450901635e-01 3.098730211365479590e+03
2.059631262525049855e-01 3.037512193964130347e+03
2.081899799599198353e-01 2.978280643009829873e+03
2.104168336673346573e-01 2.922190878134258128e+03
2.126436873747494793e-01 2.870172003918011342e+03
2.148705410821643014e-01 2.821911861611532004e+03
2.170973947895791512e-01 2.776674762117558203e+03
2.193242484969939732e-01 2.733724654472770453e+03
2.215511022044087952e-01 2.692325487713851544e+03
2.237779559118236450e-01 2.651848975322931892e+03
2.260048096192384670e-01 2.612490861333054454e+03
2.282316633266532890e-01 2.574827299473051426e+03
2.304585170340681111e-01 2.539436488437955177e+03
2.326853707414829608e-01 2.506896626922797168e+03
2.349122244488977829e-01 2.477709598659254880e+03
2.371390781563126049e-01 2.451472037890781394e+03
2.393659318637274269e-01 2.427187841696481883e+03
2.415927855711422767e-01 2.403850629630457661e+03
2.438196392785570987e-01 2.380454021246813227e+03
2.460464929859719208e-01 2.356028090935502860e+03
2.482733466933867428e-01 2.330270824034095313e+03
2.505002004008015648e-01 2.303465200415407708e+03
2.527270541082163868e-01 2.275913980113772141e+03
2.549539078156312089e-01 2.247919923163523890e+03
2.571807615230460309e-01 2.219781777630783836e+03
2.594076152304609084e-01 2.191673988934600857e+03
2.616344689378757304e-01 2.163625776342244080e+03
2.638613226452905525e-01 2.135658130676536985e+03
2.660881763527053745e-01 2.107792042760303957e+03
2.683150300601201965e-01 2.080049889327631718e+03
2.705418837675350741e-01 2.052536468384469572e+03
2.727687374749498961e-01 2.025483910975848175e+03
2.749955911823647181e-01 1.999135252592658389e+03
2.772224448897795401e-01 1.973733528725789029e+03
2.794492985971943622e-01 1.949520923375696839e+03
2.816761523046091842e-01 1.926604431019964522e+03
2.839030060120240062e-01 1.904809119579454773e+03
2.861298597194388282e-01 1.883924787867753821e+03
2.883567134268537058e-01 1.863741234698447670e+03
2.905835671342685278e-01 1.844048327055907976e+03
2.928104208416833498e-01 1.824699470238562753e+03
2.950372745490981718e-01 1.805729376673494926e+03
2.972641282565129939e-01 1.787204887246996122e+03
2.994909819639278159e-01 1.769192842845357745e+03
3.017178356713426379e-01 1.751760084353615412e+03
3.039446893787575155e-01 1.734944259607401591e+03
3.061715430861723375e-01 1.718667470408300233e+03
3.083983967935871595e-01 1.702823235378237086e+03
3.106252505010019815e-01 1.687305073139136312e+03
3.128521042084168036e-01 1.672006502312924567e+03
3.150789579158316256e-01 1.656827353362284612e+03
3.173058116232464476e-01 1.641702798669174172e+03
3.195326653306612696e-01 1.626580304539371127e+03
3.217595190380761472e-01 1.611407349685281133e+03
3.239863727454909692e-01 1.596131412819314619e+03
3.262132264529057912e-01 1.580709497826564075e+03
3.284400801603206133e-01 1.565171946148164125e+03
3.306669338677354353e-01 1.549583156320179569e+03
3.328937875751502573e-01 1.534007714667125128e+03
3.351206412825650793e-01 1.518510207513514160e+03
3.373474949899799569e-01 1.503157975767564267e+03
3.395743486973947789e-01 1.488050754373691234e+03
3.418012024048096009e-01 1.473309355661714335e+03
3.440280561122244229e-01 1.459054951335915575e+03
3.462549098196392450e-01 1.445408713100578098e+03
3.484817635270540670e-01 1.432482932730319362e+03
3.507086172344688890e-01 1.420225719430569143e+03
3.529354709418837110e-01 1.408440581298450979e+03
3.551623246492985886e-01 1.396926082605425108e+03
3.573891783567134106e-01 1.385480787622953358e+03
3.596160320641282326e-01 1.373908917506253147e+03
3.618428857715430547e-01 1.362179786878449477e+03
3.640697394789578767e-01 1.350449953170950266e+03
3.662965931863726987e-01 1.338886082588214094e+03
3.685234468937875207e-01 1.327654841334701359e+03
3.707503006012023983e-01 1.316920540854248202e+03
3.729771543086172203e-01 1.306718206234885429e+03
3.752040080160320423e-01 1.296889079680293889e+03
3.774308617234468644e-01 1.287258483322235634e+03
3.796577154308616864e-01 1.277651739292473394e+03
3.818845691382765084e-01 1.267894724912812308e+03
3.841114228456913304e-01 1.257895050194395935e+03
3.863382765531061525e-01 1.247727563661926297e+03
3.885651302605210300e-01 1.237487570667979980e+03
3.907919839679358520e-01 1.227270376565136075e+03
3.930188376753506740e-01 1.217171265534968143e+03
3.952456913827654961e-01 1.207270243663334668e+03
3.974725450901803181e-01 1.197605133741589270e+03
3.996993987975951401e-01 1.188206539767135382e+03
4.019262525050099621e-01 1.179105065737375980e+03
4.041531062124248397e-01 1.170331315627129925e+03
4.063799599198396617e-01 1.161895042778212428e+03
4.086068136272544837e-01 1.153725153877780258e+03
4.108336673346693058e-01 1.145730963454949915e+03
4.130605210420841278e-01 1.137821786038836308e+03
4.152873747494989498e-01 1.129906936158556391e+03
4.175142284569137718e-01 1.121911759179506362e+03
4.197410821643285939e-01 1.113849497871279482e+03
4.219679358717434714e-01 1.105763365117797548e+03
4.241947895791582934e-01 1.097696599247958829e+03
4.264216432865731155e-01 1.089692438590659776e+03
4.286484969939879375e-01 1.081790201405379548e+03
4.308753507014027595e-01 1.073998368689840163e+03
4.331022044088175815e-01 1.066310834797610596e+03
4.353290581162324036e-01 1.058721407189535739e+03
4.375559118236472811e-01 1.051223893326460484e+03
4.397827655310621031e-01 1.043814402008631532e+03
4.420096192384769251e-01 1.036514602137714974e+03
4.442364729458917472e-01 1.029362103660068215e+03
4.464633266533065692e-01 1.022394758581104611e+03
4.486901803607213912e-01 1.015650418906239338e+03
4.509170340681362132e-01 1.009163367357680499e+03
4.531438877755510353e-01 1.002908437204739471e+03
4.553707414829659128e-01 9.968113957019054396e+02
4.575975951903807348e-01 9.907965415257500581e+02
4.598244488977955569e-01 9.847881733528436143e+02
4.620513026052103789e-01 9.787123509418581762e+02
4.642781563126252009e-01 9.725459032750698043e+02
4.665050100200400229e-01 9.663228847796077616e+02
4.687318637274548450e-01 9.600804080122227333e+02
4.709587174348696670e-01 9.538555855296660866e+02
4.731855711422845445e-01 9.476851097426804245e+02
4.754124248496993665e-01 9.415822629137854847e+02
4.776392785571141886e-01 9.355250396420867673e+02
4.798661322645290106e-01 9.294885127556083262e+02
4.820929859719438326e-01 9.234477550823734191e+02
4.843198396793586546e-01 9.173781408712410439e+02
4.865466933867734767e-01 9.112962913787027901e+02
4.887735470941883542e-01 9.053016417919977812e+02
4.910004008016031762e-01 8.995035309676217139e+02
4.932272545090179983e-01 8.940112977620706260e+02
4.954541082164328203e-01 8.889341877541689882e+02
4.976809619238476423e-01 8.843109707887224431e+02
4.999078156312624643e-01 8.799846299023333813e+02
5.021346693386772309e-01 8.757644234029280597e+02
5.043615230460920529e-01 8.714596095984323938e+02
5.065883767535069859e-01 8.668794469229025026e+02
5.088152304609218080e-01 8.618965076714458746e+02
5.110420841683366300e-01 8.566271224341658126e+02
5.132689378757514520e-01 8.512462754757191306e+02
5.154957915831662740e-01 8.459289510607625289e+02
5.177226452905810961e-01 8.408501334539529353e+02
5.199494989979959181e-01 8.361475396485435567e+02
5.221763527054107401e-01 8.317560217141665362e+02
5.244032064128255621e-01 8.275417383133867588e+02
5.266300601202403842e-01 8.233707933219764072e+02
5.288569138276552062e-01 8.191092906157070956e+02
5.310837675350701392e-01 8.146401861062628313e+02
5.333106212424849613e-01 8.099799228327120773e+02
5.355374749498997833e-01 8.052084597405374780e+02
5.377643286573146053e-01 8.004061434327722964e+02
5.399911823647294273e-01 7.956533205124503638e+02
5.422180360721442494e-01 7.910263816285768144e+02
5.444448897795590714e-01 7.865574447135840046e+02
5.466717434869738934e-01 7.822508585768669036e+02
5.488985971943887154e-01 7.781105436053746871e+02
5.511254509018035375e-01 7.741404201860557350e+02
5.533523046092183595e-01 7.703426100469623634e+02
5.555791583166331815e-01 7.666884440092832165e+02
5.578060120240480035e-01 7.631233957135866603e+02
5.600328657314628256e-01 7.595921363294827415e+02
5.622597194388776476e-01 7.560393370265817339e+02
5.644865731462925806e-01 7.524103570505035350e+02
5.667134268537074027e-01 7.486706114644031231e+02
5.689402805611222247e-01 7.448082474436330358e+02
5.711671342685370467e-01 7.408126381325109833e+02
5.733939879759518687e-01 7.366731566753544485e+02
5.756208416833666908e-01 7.323800887663533103e+02
5.778476953907815128e-01 7.279769882487585164e+02
5.800745490981963348e-01 7.235891319443070415e+02
5.823014028056111568e-01 7.193487290357460324e+02
5.845282565130259789e-01 7.153879887058233180e+02
5.867551102204408009e-01 7.118384714348143234e+02
5.889819639278556229e-01 7.087364893995951434e+02
5.912088176352704449e-01 7.059235920839802247e+02
5.934356713426852670e-01 7.032175243599494934e+02
5.956625250501000890e-01 7.004360310994823067e+02
5.978893787575150220e-01 6.973969461946441015e+02
6.001162324649298441e-01 6.939961463611743966e+02
6.023430861723446661e-01 6.903505202007719390e+02
6.045699398797594881e-01 6.866158082298633190e+02
6.067967935871743101e-01 6.829477509648738760e+02
6.090236472945891322e-01 6.795020888676335744e+02
6.112505010020039542e-01 6.763875020067025616e+02
6.134773547094187762e-01 6.735303304670449052e+02
6.157042084168335982e-01 6.708127587635049167e+02
6.179310621242484203e-01 6.681169714109270217e+02
6.201579158316632423e-01 6.653251529241551907e+02
6.223847695390780643e-01 6.623431485666146727e+02
6.246116232464928864e-01 6.592064396613095596e+02
6.268384769539077084e-01 6.559946777837888021e+02
6.290653306613225304e-01 6.527875517733760944e+02
6.312921843687374635e-01 6.496647504693946757e+02
6.335190380761522855e-01 6.466954509886857068e+02
6.357458917835671075e-01 6.438685778395027910e+02
6.379727454909819295e-01 6.411360575185699417e+02
6.401995991983967516e-01 6.384496187927076107e+02
6.424264529058115736e-01 6.357609904287371592e+02
6.446533066132263956e-01 6.330259503132681402e+02
6.468801603206412176e-01 6.302459385005383865e+02
6.491070140280560397e-01 6.274511990426367447e+02
6.513338677354708617e-01 6.246724274506700567e+02
6.535607214428856837e-01 6.219403192357453918e+02
6.557875751503005057e-01 6.192835122109913755e+02
6.580144288577153278e-01 6.166957638828117751e+02
6.602412825651301498e-01 6.141417214510431677e+02
6.624681362725449718e-01 6.115851402596193793e+02
6.646949899799599049e-01 6.089897756524737815e+02
6.669218436873747269e-01 6.063207796437343404e+02
6.691486973947895489e-01 6.035825991580247774e+02
6.713755511022043709e-01 6.008234286204509544e+02
6.736024048096191930e-01 5.980937528619499517e+02
6.758292585170340150e-01 5.954440567134587354e+02
6.780561122244488370e-01 5.929241355138298104e+02
6.802829659318636590e-01 5.905442060279076486e+02
6.825098196392784811e-01 5.882541464497453489e+02
6.847366733466933031e-01 5.859987606337591615e+02
6.869635270541081251e-01 5.837228524343651088e+02
6.891903807615229471e-01 5.813714215264641325e+02
6.914172344689377692e-01 5.789188915561944668e+02
6.936440881763525912e-01 5.764002067337512472e+02
6.958709418837674132e-01 5.738577600660569260e+02
6.980977955911823463e-01 5.713339445600340696e+02
7.003246492985971683e-01 5.688711379685089469e+02
7.025515030060119903e-01 5.665002537112490018e+02
7.047783567134268123e-01 5.642203788654727532e+02
7.070052104208416344e-01 5.620251224471660407e+02
7.092320641282564564e-01 5.599080934723148175e+02
7.114589178356712784e-01 5.578629009518988369e+02
7.136857715430861004e-01 5.558747786915581628e+02
7.159126252505009225e-01 5.538963026150662472e+02
7.181394789579157445e-01 5.518720896344627818e+02
7.203663326653305665e-01 5.497467566617875718e+02
7.225931863727453885e-01 5.474649206090803091e+02
7.248200400801602106e-01 5.449906548364539276e+02
7.270468937875750326e-01 5.423938655957122137e+02
7.292737474949898546e-01 5.397802704458807739e+02
7.315006012024047877e-01 5.372556153222284365e+02
7.337274549098196097e-01 5.349256461600241437e+02
7.359543086172344317e-01 5.328798218139221490e+02
7.381811623246492537e-01 5.310823985706786061e+02
7.404080160320640758e-01 5.294395688587542281e+02
7.426348697394788978e-01 5.278572067931361289e+02
7.448617234468937198e-01 5.262411864888117634e+02
7.470885771543085419e-01 5.245035472101384357e+02
7.493154308617233639e-01 5.226263863405114307e+02
7.515422845691381859e-01 5.206362463188791025e+02
7.537691382765530079e-01 5.185603771963125155e+02
7.559959919839678300e-01 5.164260290238828475e+02
7.582228456913826520e-01 5.142608439657063855e+02
7.604496993987974740e-01 5.120994274265304966e+02
7.626765531062122960e-01 5.099823675989283629e+02
7.649034068136272291e-01 5.079504472811766504e+02
7.671302605210420511e-01 5.060444492715529350e+02
7.693571142284568731e-01 5.043032799754715256e+02
7.715839679358716952e-01 5.027124756314366891e+02
7.738108216432865172e-01 5.011978242005482684e+02
7.760376753507013392e-01 4.996819565307766879e+02
7.782645290581161612e-01 4.980875034700920878e+02
7.804913827655309833e-01 4.963381633671995701e+02
7.827182364729458053e-01 4.944179008501241128e+02
7.849450901803606273e-01 4.924019802336588327e+02
7.871719438877754493e-01 4.903732776908274786e+02
7.893987975951902714e-01 4.884146693946539699e+02
7.916256513026050934e-01 4.866087582958530788e+02
7.938525050100199154e-01 4.849939615849569918e+02
7.960793587174347374e-01 4.835161308207284492e+02
7.983062124248496705e-01 4.821094754722237781e+02
8.005330661322644925e-01 4.807082050084993625e+02
8.027599198396793145e-01 4.792465501045379028e+02
8.049867735470941366e-01 4.776792968143951157e+02
8.072136272545089586e-01 4.760201664754449098e+02
8.094404809619237806e-01 4.742933766102034383e+02
8.116673346693386026e-01 4.725231447411870249e+02
8.138941883767534247e-01 4.707336883908901086e+02
8.161210420841682467e-01 4.689491399654853581e+02
8.183478957915830687e-01 4.671932978515505397e+02
8.205747494989978907e-01 4.654898785117964053e+02
8.228016032064127128e-01 4.638625984089329677e+02
8.250284569138275348e-01 4.623351740056709787e+02
8.272553106212423568e-01 4.609219461827030386e+02
8.294821643286571788e-01 4.595852157433329808e+02
8.317090180360721119e-01 4.582693309068050667e+02
8.339358717434869339e-01 4.569186230075343929e+02
8.361627254509017559e-01 4.554774233799359422e+02
8.383895791583165780e-01 4.538997626762514983e+02
8.406164328657314000e-01 4.522147474353554912e+02
8.428432865731462220e-01 4.504865080761801437e+02
8.450701402805610440e-01 4.487793719174364924e+02
8.472969939879758661e-01 4.471576662778359150e+02
8.495238476953906881e-01 4.456795324611202886e+02
8.517507014028055101e-01 4.443322759563149020e+02
8.539775551102203321e-01 4.430580078021878307e+02
8.562044088176351542e-01 4.417981082104581674e+02
8.584312625250499762e-01 4.404939573928459708e+02
8.606581162324647982e-01 4.390899930576287034e+02
8.628849699398796202e-01 4.375864967874996410e+02
8.651118236472945533e-01 4.360325682873119035e+02
8.673386773547093753e-01 4.344789516396992894e+02
8.695655310621241973e-01 4.329763909272949149e+02
8.717923847695390194e-01 4.315743758538840780e+02
8.740192384769538414e-01 4.302836825960477540e+02
8.762460921843686634e-01 4.290699434549703142e+02
8.784729458917834855e-01 4.278962407561292594e+02
8.806997995991983075e-01 4.267256568250015789e+02
8.829266533066131295e-01 4.255216743523663467e+02
8.851535070140279515e-01 4.242707186512120074e+02
8.873803607214427736e-01 4.229941690086957919e+02
8.896072144288575956e-01 4.217163416530897848e+02
8.918340681362724176e-01 4.204615528126668096e+02
8.940609218436872396e-01 4.192539878708889205e+02
8.962877755511020617e-01 4.180972269044897871e+02
8.985146292585168837e-01 4.169519661461319515e+02
9.007414829659318167e-01 4.157735498109045693e+02
9.029683366733466388e-01 4.145173221138967961e+02
9.051951903807614608e-01 4.131386521908932536e+02
9.074220440881762828e-01 4.116183493548801380e+02
9.096488977955911048e-01 4.100106163486855166e+02
9.118757515030059269e-01 4.083828123885613763e+02
9.141026052104207489e-01 4.068022966907590217e+02
9.163294589178355709e-01 4.053364284700643907e+02
9.185563126252503929e-01 4.040331949318745046e+02
9.207831663326652150e-01 4.028640763861553182e+02
9.230100200400800370e-01 4.017816686066579450e+02
9.252368737474948590e-01 4.007385673671332142e+02
9.274637274549096810e-01 3.996873684413323531e+02
9.296905811623245031e-01 3.985877082955435071e+02
9.319174348697393251e-01 3.974385584313474169e+02
9.341442885771542581e-01 3.962525442768188668e+02
9.363711422845690802e-01 3.950423047958803977e+02
9.385979959919839022e-01 3.938204789524538683e+02
9.408248496993987242e-01 3.925992697949081958e+02
9.430517034068135462e-01 3.913875320231178421e+02
9.452785571142283683e-01 3.901925685610458459e+02
9.475054108216431903e-01 3.890216738502367093e+02
9.497322645290580123e-01 3.878821423322356168e+02
9.519591182364728343e-01 3.867801147215229207e+02
9.541859719438876564e-01 3.857086327420080352e+02
9.564128256513024784e-01 3.846524334845720432e+02
9.586396793587173004e-01 3.835961220576874666e+02
9.608665330661321224e-01 3.825243035698265430e+02
9.630933867735469445e-01 3.814226085808950302e+02
9.653202404809617665e-01 3.802948591820791080e+02
9.675470941883766995e-01 3.791604976204538389e+02
9.697739478957915216e-01 3.780394735725278110e+02
9.720008016032063436e-01 3.769517367148094422e+02
9.742276553106211656e-01 3.759166013925972720e+02
9.764545090180359876e-01 3.749349102163089356e+02
9.786813627254508097e-01 3.739865957278809105e+02
9.809082164328656317e-01 3.730504651199510704e+02
9.831350701402804537e-01 3.721053255851572317e+02
9.853619238476952757e-01 3.711301407675748578e+02
9.875887775551100978e-01 3.701129753551127806e+02
9.898156312625249198e-01 3.690558385922388993e+02
9.920424849699397418e-01 3.679619205118414698e+02
9.942693386773545638e-01 3.668344111468083497e+02
9.964961923847693859e-01 3.656765519105841236e+02
9.987230460921842079e-01 3.644994657950689430e+02
1.000949899799599141e+00 3.633305716708498494e+02
1.003176753507013963e+00 3.621993064875539403e+02
1.005403607214428785e+00 3.611351071948085405e+02
1.007630460921843607e+00 3.601673974339827282e+02
1.009857314629258429e+00 3.593095212097342142e+02
1.012084168336673251e+00 3.585275294877494616e+02
1.014311022044088073e+00 3.577788222139525942e+02
1.016537875751502895e+00 3.570207993342670534e+02
1.018764729458917717e+00 3.562108607946169627e+02
1.020991583166332539e+00 3.553182596852269626e+02
1.023218436873747361e+00 3.543619692653201128e+02
1.025445290581162183e+00 3.533739975374688811e+02
1.027672144288577005e+00 3.523863525536531824e+02
1.029898997995991827e+00 3.514310423658539548e+02
1.032125851703406649e+00 3.505326036439321911e+02
1.034352705410821471e+00 3.496763433343347174e+02
1.036579559118236293e+00 3.488347374066651128e+02
1.038806412825651115e+00 3.479802545329421832e+02
1.041033266533065937e+00 3.470853633851845643e+02
1.043260120240480759e+00 3.461276122145607133e+02
1.045486973947895581e+00 3.451232688574042413e+02
1.047713827655310403e+00 3.441064274316079832e+02
1.049940681362725448e+00 3.431112767676187900e+02
1.052167535070140270e+00 3.421720056958840814e+02
1.054394388777555092e+00 3.413188099329888132e+02
1.056621242484969914e+00 3.405362003068657373e+02
1.058848096192384736e+00 3.397795588455178972e+02
1.061074949899799558e+00 3.390037973782656877e+02
1.063301803607214380e+00 3.381638277344288213e+02
1.065528657314629202e+00 3.372174102120165458e+02
1.067755511022044024e+00 3.361742771895171131e+02
1.069982364729458846e+00 3.350895656305774537e+02
1.072209218436873668e+00 3.340199399492812518e+02
1.074436072144288490e+00 3.330220645597117368e+02
1.076662925851703312e+00 3.321509800436782598e+02
1.078889779559118134e+00 3.314091961370062904e+02
1.081116633266532956e+00 3.307365489548418509e+02
1.083343486973947778e+00 3.300692023856152559e+02
1.085570340681362600e+00 3.293433203177565360e+02
1.087797194388777422e+00 3.284960087772115571e+02
1.090024048096192244e+00 3.275120318242325652e+02
1.092250901803607066e+00 3.264453299055559228e+02
1.094477755511021888e+00 3.253552774634395632e+02
1.096704609218436710e+00 3.243012489401410789e+02
1.098931462925851532e+00 3.233425115159703296e+02
1.101158316633266354e+00 3.225136751916708704e+02
1.103385170340681176e+00 3.217933635841365572e+02
1.105612024048095998e+00 3.211524718638331706e+02
1.107838877755510820e+00 3.205618952012269460e+02
1.110065731462925642e+00 3.199925287667837210e+02
1.112292585170340464e+00 3.194152677309695605e+02
1.114519438877755286e+00 3.188010072642504724e+02
1.116746292585170330e+00 3.181206425370924080e+02
1.118973146292585152e+00 3.173450687199615459e+02
1.121199999999999974e+00 3.164451809833236666e+02
