1.000000000000000021e-02 2.384759091102073216e+04
1.222685370741482917e-02 2.537409244543542445e+04
1.445370741482965987e-02 2.610025041228589544e+04
1.668056112224448884e-02 2.619458938681561631e+04
1.890741482965931780e-02 2.580313955251671359e+04
2.113426853707414677e-02 2.505058838256943636e+04
2.336112224448897573e-02 2.404566813537882263e+04
2.558797595190380469e-02 2.288203031766791537e+04
2.781482965931863366e-02 2.163810503621873431e+04
3.004168336673346262e-02 2.037697463525777857e+04
3.226853707414829159e-02 1.914771188897138200e+04
3.449539078156312055e-02 1.798687894797388435e+04
3.672224448897795646e-02 1.691798995094799466e+04
3.894909819639278542e-02 1.595484307654923396e+04
4.117595190380761438e-02 1.510268072076367389e+04
4.340280561122244335e-02 1.436003241770578279e+04
4.562965931863727231e-02 1.372045309840647315e+04
4.785651302605210128e-02 1.317347300631424150e+04
5.008336673346693024e-02 1.270596502709875131e+04
5.231022044088175921e-02 1.230448018427474381e+04
5.453707414829658817e-02 1.195260182154873110e+04
5.676392785571141714e-02 1.163811391291686414e+04
5.899078156312624610e-02 1.136924472437971599e+04
6.121763527054107507e-02 1.111907340754043980e+04
6.344448897795590403e-02 1.085144761149178157e+04
6.567134268537073993e-02 1.054367563891665850e+04
6.789819639278556196e-02 1.020309381878581189e+04
7.012505010020039786e-02 9.841100776197657979e+03
7.235190380761521989e-02 9.469095136250623909e+03
7.457875751503004191e-02 9.098473646449778244e+03
7.680561122244487782e-02 8.737845877676476448e+03
7.903246492985969984e-02 8.387441863439571534e+03
8.125931863727453575e-02 8.045923330739527955e+03
8.348617234468937165e-02 7.711952006576813801e+03
8.571302605210419367e-02 7.384189699791832936e+03
8.793987975951902958e-02 7.062607277614777558e+03
9.016673346693385160e-02 6.751802368178935467e+03
9.239358717434868751e-02 6.457394294883583825e+03
9.462044088176350953e-02 6.185002381128021625e+03
9.684729458917834544e-02 5.940245950311523302e+03
9.907414829659316746e-02 5.727422502065771369e+03
1.013010020040080034e-01 5.544648860305539529e+03
1.035278557114228254e-01 5.388236838867842380e+03
1.057547094188376613e-01 5.254498033979951288e+03
1.079815631262524833e-01 5.139744041869143075e+03
1.102084168336673192e-01 5.040275682456689538e+03
1.124352705410821412e-01 4.952329961111615376e+03
1.146621242484969772e-01 4.872120480534745184e+03
1.168889779559118131e-01 4.795860807922623280e+03
1.191158316633266351e-01 4.719764510471793983e+03
1.213426853707414710e-01 4.640328329724573450e+03
1.235695390781562930e-01 4.556432158558593073e+03
1.257963927855711428e-01 4.468149244017964520e+03
1.280232464929859648e-01 4.375561732523852697e+03
1.302501002004007868e-01 4.278751770497417965e+03
1.324769539078156089e-01 4.177836262562691445e+03
1.347038076152304586e-01 4.073416218051371743e+03
1.369306613226452807e-01 3.966447725419032395e+03
1.391575150300601027e-01 3.857895046512433055e+03
1.413843687374749525e-01 3.748722443178332469e+03
1.436112224448897745e-01 3.639899987256968870e+03
1.458380761523045965e-01 3.532511770061381867e+03
1.480649298597194186e-01 3.427745967273315728e+03
1.502917835671342683e-01 3.326794572368559329e+03
1.525186372745490904e-01 3.230849578822908370e+03
1.547454909819639124e-01 3.141086268855428898e+03
1.569723446893787622e-01 3.058167984313637135e+03
1.591991983967935842e-01 2.982163267645736596e+03
1.614260521042084062e-01 2.913107261239736090e+03
1.636529058116232282e-01 2.851035107483647607e+03
1.658797595190380780e-01 2.795974830213539462e+03
1.681066132264529001e-01 2.747478732824134568e+03
1.703334669338677221e-01 2.704332355476679822e+03
1.725603206412825441e-01 2.665251720597240364e+03
1.747871743486973939e-01 2.628952850611876784e+03
1.770140280561122159e-01 2.594153106772069350e+03
1.792408817635270379e-01 2.559812139434602159e+03
1.814677354709418600e-01 2.525411075504733617e+03
1.836945891783567097e-01 2.490498732425885919e+03
1.859214428857715318e-01 2.454623927641485352e+03
1.881482965931863538e-01 2.417335618283324493e+03
1.903751503006012036e-01 2.378355941287902169e+03
1.926020040080160256e-01 2.337917834967229282e+03
1.948288577154308476e-01 2.296347953182055790e+03
1.970557114228456697e-01 2.253972949793130738e+03
1.992825651302605194e-01 2.211119478661204539e+03
2.015094188376753415e-01 2.168123990962600601e+03
2.037362725450901635e-01 2.125363058547044602e+03
2.059631262525049855e-01 2.083223521792978318e+03
2.081899799599198353e-01 2.042092221083660434e+03
2.104168336673346573e-01 2.002355996802349637e+03
2.126436873747494793e-01 1.964347747191841563e+03
2.148705410821643014e-01 1.928104384880435873e+03
2.170973947895791512e-01 1.893561829510350663e+03
2.193242484969939732e-01 1.860655914434986471e+03
2.215511022044087952e-01 1.829322473007743156e+03
2.237779559118236450e-01 1.799508222986367400e+03
2.260048096192384670e-01 1.771243110708066979e+03
2.282316633266532890e-01 1.744595504578938289e+03
2.304585170340681111e-01 1.719633979550369986e+03
2.326853707414829608e-01 1.696427110573750952e+03
2.349122244488977829e-01 1.675012703645322745e+03
2.371390781563126049e-01 1.655063582853769049e+03
2.393659318637274269e-01 1.636013590279235132e+03
2.415927855711422767e-01 1.617292424270518723e+03
2.438196392785570987e-01 1.598329783176419369e+03
2.460464929859719208e-01 1.578581246161149238e+03
2.482733466933867428e-01 1.557976570355786862e+03
2.505002004008015648e-01 1.536860825022983363e+03
2.527270541082163868e-01 1.515593122190829035e+03
2.549539078156312089e-01 1.494532573887415083e+03
2.571807615230460309e-01 1.474030389944968420e+03
2.594076152304609084e-01 1.454192946784292872e+03
2.616344689378757304e-01 1.434840575315450678e+03
2.638613226452905525e-01 1.415777399246392406e+03
2.660881763527053745e-01 1.396807542285071122e+03
2.683150300601201965e-01 1.377737495920189986e+03
2.705418837675350741e-01 1.358514565490576388e+03
2.727687374749498961e-01 1.339303600363157329e+03
2.749955911823647181e-01 1.320288079767880390e+03
2.772224448897795401e-01 1.301651482934692467e+03
2.794492985971943622e-01 1.283576977303554713e+03
2.816761523046091842e-01 1.266198228008960314e+03
2.839030060120240062e-01 1.249545667225975649e+03
2.861298597194388282e-01 1.233636812651644959e+03
2.883567134268537058e-01 1.218489181983011349e+03
2.905835671342685278e-01 1.204120248836020892e+03
2.928104208416833498e-01 1.190506401211412822e+03
2.950372745490981718e-01 1.177506788951619683e+03
2.972641282565129939e-01 1.164959786756832045e+03
2.994909819639278159e-01 1.152703769327240025e+03
3.017178356713426379e-01 1.140577111364457778e+03
3.039446893787575155e-01 1.128451173837818260e+03
3.061715430861723375e-01 1.116327877301618628e+03
3.083983967935871595e-01 1.104241439464303539e+03
3.106252505010019815e-01 1.092226078034317197e+03
3.128521042084168036e-01 1.080316010720105169e+03
3.150789579158316256e-01 1.068542102048875904e+03
3.173058116232464476e-01 1.056916441064574656e+03
3.195326653306612696e-01 1.045444585633278621e+03
3.217595190380761472e-01 1.034132087030011007e+03
3.239863727454909692e-01 1.022984496529796843e+03
3.262132264529057912e-01 1.012007878129799451e+03
3.284400801603206133e-01 1.001212243449967332e+03
3.306669338677354353e-01 9.906094373396483661e+02
3.328937875751502573e-01 9.802113147564897417e+02
3.351206412825650793e-01 9.700297306581387602e+02
3.373474949899799569e-01 9.600733376859247983e+02
3.395743486973947789e-01 9.503131290880212418e+02
3.418012024048096009e-01 9.406955947892517997e+02
3.440280561122244229e-01 9.311668069269117041e+02
3.462549098196392450e-01 9.216728376382978922e+02
3.484817635270540670e-01 9.121644098052547633e+02
3.507086172344688890e-01 9.026782347371681681e+02
3.529354709418837110e-01 8.933267566423872950e+02
3.551623246492985886e-01 8.842250089919147058e+02
3.573891783567134106e-01 8.754880252567535308e+02
3.596160320641282326e-01 8.672270228827431993e+02
3.618428857715430547e-01 8.594418504322615036e+02
3.640697394789578767e-01 8.520060460645025842e+02
3.662965931863726987e-01 8.447863287544602144e+02
3.685234468937875207e-01 8.376494174771283951e+02
3.707503006012023983e-01 8.304629606584765042e+02
3.729771543086172203e-01 8.231456375292630128e+02
3.752040080160320423e-01 8.156926156432441530e+02
3.774308617234468644e-01 8.081053463888263195e+02
3.796577154308616864e-01 8.003852811544160204e+02
3.818845691382765084e-01 7.925341201428030899e+02
3.841114228456913304e-01 7.845901929398393122e+02
3.863382765531061525e-01 7.766667788684433162e+02
3.885651302605210300e-01 7.688863251987837657e+02
3.907919839679358520e-01 7.613712792010305748e+02
3.930188376753506740e-01 7.542440191481049396e+02
3.952456913827654961e-01 7.475771313138646974e+02
3.974725450901803181e-01 7.413057247237327374e+02
3.996993987975951401e-01 7.353413820299307417e+02
4.019262525050099621e-01 7.295956858846805062e+02
4.041531062124248397e-01 7.239802189468548477e+02
4.063799599198396617e-01 7.184127052546828054e+02
4.086068136272544837e-01 7.128346815515308208e+02
4.108336673346693058e-01 7.071934552868590345e+02
4.130605210420841278e-01 7.014363339101259953e+02
4.152873747494989498e-01 6.955106248707912755e+02
4.175142284569137718e-01 6.893862402176146134e+02
4.197410821643285939e-01 6.831570334810438681e+02
4.219679358717434714e-01 6.769591181468747436e+02
4.241947895791582934e-01 6.709286435800943309e+02
4.264216432865731155e-01 6.652017591456897208e+02
4.286484969939879375e-01 6.598921965202239335e+02
4.308753507014027595e-01 6.549373384302150498e+02
4.331022044088175815e-01 6.501911510069821816e+02
4.353290581162324036e-01 6.455071034687019846e+02
4.375559118236472811e-01 6.407386650335515696e+02
4.397827655310621031e-01 6.357536257156059492e+02
4.420096192384769251e-01 6.305788311621021194e+02
4.442364729458917472e-01 6.253403250991347022e+02
4.464633266533065692e-01 6.201656575401193550e+02
4.486901803607213912e-01 6.151823784984728718e+02
4.509170340681362132e-01 6.105095572254261924e+02
4.531438877755510353e-01 6.061250086522164793e+02
4.553707414829659128e-01 6.018899648616177274e+02
4.575975951903807348e-01 5.976621685354904230e+02
4.598244488977955569e-01 5.932993623556940292e+02
4.620513026052103789e-01 5.886641342365792298e+02
4.642781563126252009e-01 5.837587525148477425e+02
4.665050100200400229e-01 5.787429288312152948e+02
4.687318637274548450e-01 5.737847886016513712e+02
4.709587174348696670e-01 5.690524572421261382e+02
4.731855711422845445e-01 5.647116805464039544e+02
4.754124248496993665e-01 5.607956139530548398e+02
4.776392785571141886e-01 5.571375506963868247e+02
4.798661322645290106e-01 5.535542356889321809e+02
4.820929859719438326e-01 5.498624138432223845e+02
4.843198396793586546e-01 5.458796907534411957e+02
4.865466933867734767e-01 5.415414493487287473e+02
4.887735470941883542e-01 5.370195407196819133e+02
4.910004008016031762e-01 5.325140950452074549e+02
4.932272545090179983e-01 5.282252425042125878e+02
4.954541082164328203e-01 5.243529938223960016e+02
4.976809619238476423e-01 5.210071071237516662e+02
4.999078156312624643e-01 5.180466121210598658e+02
5.021346693386772309e-01 5.152873499807564031e+02
5.043615230460920529e-01 5.125451618692771945e+02
5.065883767535069859e-01 5.096358890510994684e+02
5.088152304609218080e-01 5.064245872002575766e+02
5.110420841683366300e-01 5.029657874131252129e+02
5.132689378757514520e-01 4.993596127925269457e+02
5.154957915831662740e-01 4.957061864412871728e+02
5.177226452905810961e-01 4.921056314622305763e+02
5.199494989979959181e-01 4.886424266024545773e+02
5.221763527054107401e-01 4.853158903354415656e+02
5.244032064128255621e-01 4.820965044622865321e+02
5.266300601202403842e-01 4.789547277852423690e+02
5.288569138276552062e-01 4.758610191065620256e+02
5.310837675350701392e-01 4.727894421165763106e+02
5.333106212424849613e-01 4.697426152841954945e+02
5.355374749498997833e-01 4.667367440262206060e+02
5.377643286573146053e-01 4.637881166848684984e+02
5.399911823647294273e-01 4.609130216023561388e+02
5.422180360721442494e-01 4.581257354451545325e+02
5.444448897795590714e-01 4.554180213850143559e+02
5.466717434869738934e-01 4.527675214813336311e+02
5.488985971943887154e-01 4.501516599327771928e+02
5.511254509018035375e-01 4.475478609380098192e+02
5.533523046092183595e-01 4.449338793375879959e+02
5.555791583166331815e-01 4.422931301690616692e+02
5.578060120240480035e-01 4.396137817153683045e+02
5.600328657314628256e-01 4.368841497751950556e+02
5.622597194388776476e-01 4.340925501472291899e+02
5.644865731462925806e-01 4.312282746223792742e+02
5.667134268537074027e-01 4.283090628979127246e+02
5.689402805611222247e-01 4.253848987318572767e+02
5.711671342685370467e-01 4.225075048415343986e+02
5.733939879759518687e-01 4.197286039442658989e+02
5.756208416833666908e-01 4.170993134995916876e+02
5.778476953907815128e-01 4.146354203372615643e+02
5.800745490981963348e-01 4.122985077085411376e+02
5.823014028056111568e-01 4.100455609072907919e+02
5.845282565130259789e-01 4.078335652273712526e+02
5.867551102204408009e-01 4.056195892600610478e+02
5.889819639278556229e-01 4.033729320691692237e+02
5.912088176352704449e-01 4.010879014554838022e+02
5.934356713426852670e-01 3.987618618794995768e+02
5.956625250501000890e-01 3.963921778017111137e+02
5.978893787575150220e-01 3.939762256084065370e+02
6.001162324649298441e-01 3.915218368834515559e+02
6.023430861723446661e-01 3.890664516080748285e+02
6.045699398797594881e-01 3.866527146551991905e+02
6.067967935871743101e-01 3.843232708977474203e+02
6.090236472945891322e-01 3.821207651850878051e+02
6.112505010020039542e-01 3.800675389037294281e+02
6.134773547094187762e-01 3.781072657362494738e+02
6.157042084168335982e-01 3.761645691424013194e+02
6.179310621242484203e-01 3.741640725819386262e+02
6.201579158316632423e-01 3.720303995146150555e+02
6.223847695390780643e-01 3.697081531265413901e+02
6.246116232464928864e-01 3.672514045265193090e+02
6.268384769539077084e-01 3.647515232864979566e+02
6.290653306613225304e-01 3.622999104448874164e+02
6.312921843687374635e-01 3.599879670400977147e+02
6.335190380761522855e-01 3.578944245483933173e+02
6.357458917835671075e-01 3.560012876333277632e+02
6.379727454909819295e-01 3.542459680187997719e+02
6.401995991983967516e-01 3.525656391089368071e+02
6.424264529058115736e-01 3.508974743078668439e+02
6.446533066132263956e-01 3.491825642881788667e+02
6.468801603206412176e-01 3.474061749947324529e+02
6.491070140280560397e-01 3.455814384267966943e+02
6.513338677354708617e-01 3.437219233418160229e+02
6.535607214428856837e-01 3.418411984972354389e+02
6.557875751503005057e-01 3.399530679399091468e+02
6.580144288577153278e-01 3.380753241381530074e+02
6.602412825651301498e-01 3.362290882056523174e+02
6.624681362725449718e-01 3.344355832361938496e+02
6.646949899799599049e-01 3.327160323235643204e+02
6.669218436873747269e-01 3.310906054303198971e+02
6.691486973947895489e-01 3.295498429775167324e+02
6.713755511022043709e-01 3.280512984582682066e+02
6.736024048096191930e-01 3.265507983309718725e+02
6.758292585170340150e-01 3.250041690540248283e+02
6.780561122244488370e-01 3.233677782366644919e+02
6.802829659318636590e-01 3.216290569028624873e+02
6.825098196392784811e-01 3.198227930644565049e+02
6.847366733466933031e-01 3.179877573506618091e+02
6.869635270541081251e-01 3.161627203906936643e+02
6.891903807615229471e-01 3.143863491680688185e+02
6.914172344689377692e-01 3.126817368714315535e+02
6.936440881763525912e-01 3.110399437988791078e+02
6.958709418837674132e-01 3.094480876796640132e+02
6.980977955911823463e-01 3.078932862430382329e+02
7.003246492985971683e-01 3.063626607532276012e+02
7.025515030060119903e-01 3.048459892105865947e+02
7.047783567134268123e-01 3.033404250287346144e+02
7.070052104208416344e-01 3.018443911031806124e+02
7.092320641282564564e-01 3.003563103294333132e+02
7.114589178356712784e-01 2.988746056031302487e+02
7.136857715430861004e-01 2.973979153324889921e+02
7.159126252505009225e-01 2.959257182853460790e+02
7.181394789579157445e-01 2.944576980325344380e+02
7.203663326653305665e-01 2.929935381448875660e+02
7.225931863727453885e-01 2.915329221932382779e+02
7.248200400801602106e-01 2.900748368256894878e+02
7.270468937875750326e-01 2.886144777955433938e+02
7.292737474949898546e-01 2.871457581084023332e+02
7.315006012024047877e-01 2.856625897534424325e+02
7.337274549098196097e-01 2.841588847198397048e+02
7.359543086172344317e-01 2.826325922559803416e+02
7.381811623246492537e-01 2.811126969585926645e+02
7.404080160320640758e-01 2.796425763565839588e+02
7.426348697394788978e-01 2.782656868827501739e+02
7.448617234468937198e-01 2.770254849698876569e+02
7.470885771543085419e-01 2.759584302400792239e+02
7.493154308617233639e-01 2.750214735527811172e+02
7.515422845691381859e-01 2.741211251986702564e+02
7.537691382765530079e-01 2.731630924014118591e+02
7.559959919839678300e-01 2.720530823846709154e+02
7.582228456913826520e-01 2.707030016958896113e+02
7.604496993987974740e-01 2.691348460105799631e+02
7.626765531062122960e-01 2.674651991320946536e+02
7.649034068136272291e-01 2.658137215881807833e+02
7.671302605210420511e-01 2.643000739065862490e+02
7.693571142284568731e-01 2.630402658497573611e+02
7.715839679358716952e-01 2.620464686091527255e+02
7.738108216432865172e-01 2.612146053653333411e+02
7.760376753507013392e-01 2.604344567264304260e+02
7.782645290581161612e-01 2.595958033005748007e+02
7.804913827655309833e-01 2.585896838581501811e+02
7.827182364729458053e-01 2.573781673386696980e+02
7.849450901803606273e-01 2.560309289959205898e+02
7.871719438877754493e-01 2.546266154617743496e+02
7.893987975951902714e-01 2.532438733681026690e+02
7.916256513026050934e-01 2.519611212629499448e+02
7.938525050100199154e-01 2.508198917704804956e+02
7.960793587174347374e-01 2.497844444559996191e+02
7.983062124248496705e-01 2.488093201602063971e+02
8.005330661322644925e-01 2.478490597238001953e+02
8.027599198396793145e-01 2.468582184959727499e+02
8.049867735470941366e-01 2.458054152323681478e+02
8.072136272545089586e-01 2.446995905353230967e+02
8.094404809619237806e-01 2.435568661988873487e+02
8.116673346693386026e-01 2.423933640171107129e+02
8.138941883767534247e-01 2.412252057833160848e+02
8.161210420841682467e-01 2.400656496131302333e+02
8.183478957915830687e-01 2.389167157721610977e+02
8.205747494989978907e-01 2.377776682561652137e+02
8.228016032064127128e-01 2.366477710608984921e+02
8.250284569138275348e-01 2.355262881821174119e+02
8.272553106212423568e-01 2.344127861050262140e+02
8.294821643286571788e-01 2.333085103118509380e+02
8.317090180360721119e-01 2.322152854986980515e+02
8.339358717434869339e-01 2.311349369064388384e+02
8.361627254509017559e-01 2.300692897759439575e+02
8.383895791583165780e-01 2.290199667943562361e+02
8.406164328657314000e-01 2.279870228168313417e+02
8.428432865731462220e-01 2.269697812844598559e+02
8.450701402805610440e-01 2.259675615264155795e+02
8.472969939879758661e-01 2.249796828718725692e+02
8.495238476953906881e-01 2.240054136295974274e+02
8.517507014028055101e-01 2.230434378756739591e+02
8.539775551102203321e-01 2.220920669358335715e+02
8.562044088176351542e-01 2.211496061081635105e+02
8.584312625250499762e-01 2.202143606907515618e+02
8.606581162324647982e-01 2.192847010889533124e+02
8.628849699398796202e-01 2.183601868646879893e+02
8.651118236472945533e-01 2.174414171279183279e+02
8.673386773547093753e-01 2.165290260044912998e+02
8.695655310621241973e-01 2.156236476202536778e+02
8.717923847695390194e-01 2.147260197200307346e+02
8.740192384769538414e-01 2.138400780108437971e+02
8.762460921843686634e-01 2.129734873460189988e+02
8.784729458917834855e-01 2.121341232216861385e+02
8.806997995991983075e-01 2.113298611339750153e+02
8.829266533066131295e-01 2.105683000162906637e+02
8.851535070140279515e-01 2.098411905902012791e+02
8.873803607214427736e-01 2.091161382122819248e+02
8.896072144288575956e-01 2.083587194707945969e+02
8.918340681362724176e-01 2.075345109540017745e+02
8.940609218436872396e-01 2.066092842654085189e+02
8.962877755511020617e-01 2.055795218092707728e+02
8.985146292585168837e-01 2.045056214271641863e+02
9.007414829659318167e-01 2.034559577769034888e+02
9.029683366733466388e-01 2.024989055163034948e+02
9.051951903807614608e-01 2.017028042340786556e+02
9.074220440881762828e-01 2.011001933896475293e+02
9.096488977955911048e-01 2.006203311540552363e+02
9.118757515030059269e-01 2.001739615407646795e+02
9.141026052104207489e-01 1.996718285632384777e+02
9.163294589178355709e-01 1.990246762370481122e+02
9.185563126252503929e-01 1.981711146873129792e+02
9.207831663326652150e-01 1.971598071310417595e+02
9.230100200400800370e-01 1.960665816778656563e+02
9.252368737474948590e-01 1.949672664374157023e+02
9.274637274549096810e-01 1.939376895193231292e+02
9.296905811623245031e-01 1.930406412816463444e+02
9.319174348697393251e-01 1.922660725974681668e+02
9.341442885771542581e-01 1.915786503922069812e+02
9.363711422845690802e-01 1.909430165259894920e+02
9.385979959919839022e-01 1.903238128589421478e+02
9.408248496993987242e-01 1.896884377041229754e+02
9.430517034068135462e-01 1.890254622025520632e+02
9.452785571142283683e-01 1.883332699399490195e+02
9.475054108216431903e-01 1.876102981394507481e+02
9.497322645290580123e-01 1.868549840241946356e+02
9.519591182364728343e-01 1.860661440012482046e+02
9.541859719438876564e-01 1.852468995918416965e+02
9.564128256513024784e-01 1.844031017178471643e+02
9.586396793587173004e-01 1.835406446784742229e+02
9.608665330661321224e-01 1.826654227729325726e+02
9.630933867735469445e-01 1.817838499136983899e+02
9.653202404809617665e-01 1.809115579641777458e+02
9.675470941883766995e-01 1.800720937801035006e+02
9.697739478957915216e-01 1.792892613401273536e+02
9.720008016032063436e-01 1.785868646229008050e+02
9.742276553106211656e-01 1.779876790256057006e+02
9.764545090180359876e-01 1.774845747811354784e+02
9.786813627254508097e-01 1.770365693718295290e+02
9.809082164328656317e-01 1.766008583745119722e+02
9.831350701402804537e-01 1.761346373660069844e+02
9.853619238476952757e-01 1.755955245509400982e+02
9.875887775551100978e-01 1.749657231055048214e+02
9.898156312625249198e-01 1.742651051296811033e+02
9.920424849699397418e-01 1.735167324289670319e+02
9.942693386773545638e-01 1.727436668088605813e+02
9.964961923847693859e-01 1.719689372102463096e+02
9.987230460921842079e-01 1.712105312695459816e+02
1.000949899799599141e+00 1.704760132687207204e+02
1.003176753507013963e+00 1.697716566631633555e+02
1.005403607214428785e+00 1.691037349082666310e+02
1.007630460921843607e+00 1.684785164725976188e+02
1.009857314629258429e+00 1.678962445175083360e+02
1.012084168336673251e+00 1.673394407163560800e+02
1.014311022044088073e+00 1.667873850615614515e+02
1.016537875751502895e+00 1.662193575455450798e+02
1.018764729458917717e+00 1.656146381607276510e+02
1.020991583166332539e+00 1.649604805401237968e+02
1.023218436873747361e+00 1.642775852020465095e+02
1.025445290581162183e+00 1.635954211701155145e+02
1.027672144288577005e+00 1.629434575011871402e+02
1.029898997995991827e+00 1.623511632521180559e+02
1.032125851703406649e+00 1.618401371481496653e+02
1.034352705410821471e+00 1.613906534410169797e+02
1.036579559118236293e+00 1.609694702697613025e+02
1.038806412825651115e+00 1.605433380861696548e+02
1.041033266533065937e+00 1.600790073420291719e+02
1.043260120240480759e+00 1.595477102212240368e+02
1.045486973947895581e+00 1.589548413456105038e+02
1.047713827655310403e+00 1.583215235333936448e+02
1.049940681362725448e+00 1.576689631680273465e+02
1.052167535070140270e+00 1.570183666329654386e+02
1.054394388777555092e+00 1.563894233702521319e+02
1.056621242484969914e+00 1.557844676195032889e+02
1.058848096192384736e+00 1.551947678996081379e+02
1.061074949899799558e+00 1.546114141059861993e+02
1.063301803607214380e+00 1.540254961340567377e+02
1.065528657314629202e+00 1.534285669055718131e+02
1.067755511022044024e+00 1.528206275453192973e+02
1.069982364729458846e+00 1.522090598168961435e+02
1.072209218436873668e+00 1.516014937751222078e+02
1.074436072144288490e+00 1.510055594748171757e+02
1.076662925851703312e+00 1.504287083773951963e+02
1.078889779559118134e+00 1.498726144616806835e+02
1.081116633266532956e+00 1.493320586944873014e+02
1.083343486973947778e+00 1.488014181613375229e+02
1.085570340681362600e+00 1.482750699477535647e+02
1.087797194388777422e+00 1.477474530572718265e+02
1.090024048096192244e+00 1.472161386166960142e+02
1.092250901803607066e+00 1.466832440790229555e+02
1.094477755511021888e+00 1.461512440236826365e+02
1.096704609218436710e+00 1.456226130301050148e+02
1.098931462925851532e+00 1.450998279064559995e+02
1.101158316633266354e+00 1.445858777986127848e+02
1.103385170340681176e+00 1.440849151621362694e+02
1.105612024048095998e+00 1.436012530376429197e+02
1.107838877755510820e+00 1.431392044657494580e+02
1.110065731462925642e+00 1.427030824870723507e+02
1.112292585170340464e+00 1.422972001422282915e+02
1.114519438877755286e+00 1.419258704718338038e+02
1.116746292585170330e+00 1.415934065165054676e+02
1.118973146292585152e+00 1.413041213168600052e+02
1.121199999999999974e+00 1.410623279135138546e+02
