1.000000000000000021e-02 3.759940430866385577e+04
1.222685370741482917e-02 4.001405192444173736e+04
1.445370741482965987e-02 4.116729820852421108e+04
1.668056112224448884e-02 4.132467477009623690e+04
1.890741482965931780e-02 4.071498328341622255e+04
2.113426853707414677e-02 3.953474182078377635e+04
2.336112224448897573e-02 3.795549928948059096e+04
2.558797595190380469e-02 3.612439893762587599e+04
2.781482965931863366e-02 3.416488088903512107e+04
3.004168336673346262e-02 3.217682318379163917e+04
3.226853707414829159e-02 3.023816250290226526e+04
3.449539078156312055e-02 2.840586508362679888e+04
3.672224448897795646e-02 2.671792680458686300e+04
3.894909819639278542e-02 2.519651692182087572e+04
4.117595190380761438e-02 2.385006218977548269e+04
4.340280561122244335e-02 2.267661809702175378e+04
4.562965931863727231e-02 2.166598787957129389e+04
4.785651302605210128e-02 2.080187197819473295e+04
5.008336673346693024e-02 2.006419185971783736e+04
5.231022044088175921e-02 1.943029622092749560e+04
5.453707414829658817e-02 1.887687157762179777e+04
5.676392785571141714e-02 1.838033254810162907e+04
5.899078156312624610e-02 1.791431998295980520e+04
6.121763527054107507e-02 1.746070740321244011e+04
6.344448897795590403e-02 1.700348715946417360e+04
6.567134268537073993e-02 1.653139132421275644e+04
6.789819639278556196e-02 1.604372534164621902e+04
7.012505010020039786e-02 1.554122505855253803e+04
7.235190380761521989e-02 1.502462632171971381e+04
7.457875751503004191e-02 1.449466557066039604e+04
7.680561122244487782e-02 1.395295910969977012e+04
7.903246492985969984e-02 1.340376852226616211e+04
8.125931863727453575e-02 1.285185047979209230e+04
8.348617234468937165e-02 1.230196165371008829e+04
8.571302605210419367e-02 1.175885877805349264e+04
8.793987975951902958e-02 1.122829990878140779e+04
9.016673346693385160e-02 1.071958219313691006e+04
9.239358717434868751e-02 1.024278429115063773e+04
9.462044088176350953e-02 9.807984862853249069e+03
9.684729458917834544e-02 9.425262568275373269e+03
9.907414829659316746e-02 9.101966879172290646e+03
1.013010020040080034e-01 8.832685938509635889e+03
1.035278557114228254e-01 8.608281059351926160e+03
1.057547094188376613e-01 8.419613105461752639e+03
1.079815631262524833e-01 8.257542940601708324e+03
1.102084168336673192e-01 8.113439482948600926e+03
1.124352705410821412e-01 7.981680220125468622e+03
1.146621242484969772e-01 7.857745970422217397e+03
1.168889779559118131e-01 7.737119225996150817e+03
1.191158316633266351e-01 7.615282479004571542e+03
1.213426853707414710e-01 7.488085067417930986e+03
1.235695390781562930e-01 7.354463646622636588e+03
1.257963927855711428e-01 7.214900834717145699e+03
1.280232464929859648e-01 7.069890778736980792e+03
1.302501002004007868e-01 6.919927625717664341e+03
1.324769539078156089e-01 6.765500953750740337e+03
1.347038076152304586e-01 6.607036705667446768e+03
1.369306613226452807e-01 6.444914149370829364e+03
1.391575150300601027e-01 6.279511478376772175e+03
1.413843687374749525e-01 6.111206886201158341e+03
1.436112224448897745e-01 5.940451267477174952e+03
1.458380761523045965e-01 5.769122255629964457e+03
1.480649298597194186e-01 5.600399903774866289e+03
1.502917835671342683e-01 5.437512037523779327e+03
1.525186372745490904e-01 5.283686482488613365e+03
1.547454909819639124e-01 5.142091749257928313e+03
1.569723446893787622e-01 5.014079264547467574e+03
1.591991983967935842e-01 4.898889270927107646e+03
1.614260521042084062e-01 4.795643460615737240e+03
1.636529058116232282e-01 4.703463525832255073e+03
1.658797595190380780e-01 4.621466889175687356e+03
1.681066132264529001e-01 4.548485641977535124e+03
1.703334669338677221e-01 4.482891980416005026e+03
1.725603206412825441e-01 4.423016404787075771e+03
1.747871743486973939e-01 4.367189415386724249e+03
1.770140280561122159e-01 4.313742718286571289e+03
1.792408817635270379e-01 4.261226230460126317e+03
1.814677354709418600e-01 4.208659522140018453e+03
1.836945891783567097e-01 4.155123127147659034e+03
1.859214428857715318e-01 4.099697579304463034e+03
1.881482965931863538e-01 4.041463697234836673e+03
1.903751503006012036e-01 3.979855386413814813e+03
1.926020040080160256e-01 3.915347997358404427e+03
1.948288577154308476e-01 3.848607952102383933e+03
1.970557114228456697e-01 3.780301672679531748e+03
1.992825651302605194e-01 3.711095581123628563e+03
2.015094188376753415e-01 3.641630582252562817e+03
2.037362725450901635e-01 3.572443086150206909e+03
2.059631262525049855e-01 3.504042758404736105e+03
2.081899799599198353e-01 3.436939264591787378e+03
2.104168336673346573e-01 3.371642270286999974e+03
2.126436873747494793e-01 3.308641687677262780e+03
2.148705410821643014e-01 3.248319040241544826e+03
2.170973947895791512e-01 3.191018868244993428e+03
2.193242484969939732e-01 3.137085680354144188e+03
2.215511022044087952e-01 3.086863985235534983e+03
2.237779559118236450e-01 3.040621810817947335e+03
2.260048096192384670e-01 2.998042368171471480e+03
2.282316633266532890e-01 2.958538890507899850e+03
2.304585170340681111e-01 2.921523159720612512e+03
2.326853707414829608e-01 2.886406957702991804e+03
2.349122244488977829e-01 2.852621814494744740e+03
2.371390781563126049e-01 2.819833513007753027e+03
2.393659318637274269e-01 2.787861219707266628e+03
2.415927855711422767e-01 2.756526760590279991e+03
2.438196392785570987e-01 2.725651961653790750e+03
2.460464929859719208e-01 2.695057843427216994e+03
2.482733466933867428e-01 2.664550668984596996e+03
2.505002004008015648e-01 2.633923775978131744e+03
2.527270541082163868e-01 2.602970065018446348e+03
2.549539078156312089e-01 2.571482436716170469e+03
2.571807615230460309e-01 2.539261534674656559e+03
2.594076152304609084e-01 2.506347903324436629e+03
2.616344689378757304e-01 2.473062369734922868e+03
2.638613226452905525e-01 2.439741641656059983e+03
2.660881763527053745e-01 2.406722426837798594e+03
2.683150300601201965e-01 2.374339522598887015e+03
2.705418837675350741e-01 2.342814111358506580e+03
2.727687374749498961e-01 2.312191851303791282e+03
2.749955911823647181e-01 2.282503369216840383e+03
2.772224448897795401e-01 2.253779291879749508e+03
2.794492985971943622e-01 2.226049982076168817e+03
2.816761523046091842e-01 2.199303888056433607e+03
2.839030060120240062e-01 2.173442048782033908e+03
2.861298597194388282e-01 2.148354568282959463e+03
2.883567134268537058e-01 2.123931550589200924e+03
2.905835671342685278e-01 2.100063143924679935e+03
2.928104208416833498e-01 2.076680687292499442e+03
2.950372745490981718e-01 2.053833057940394156e+03
2.972641282565129939e-01 2.031589961435016903e+03
2.994909819639278159e-01 2.010021103343021423e+03
3.017178356713426379e-01 1.989196189229868423e+03
3.039446893787575155e-01 1.969157217241430999e+03
3.061715430861723375e-01 1.949836519609516017e+03
3.083983967935871595e-01 1.931139299979907719e+03
3.106252505010019815e-01 1.912970761998391026e+03
3.128521042084168036e-01 1.895236109310751090e+03
3.150789579158316256e-01 1.877823477729519709e+03
3.173058116232464476e-01 1.860525435069253945e+03
3.195326653306612696e-01 1.843101305174992376e+03
3.217595190380761472e-01 1.825310378343035836e+03
3.239863727454909692e-01 1.806911944869687659e+03
3.262132264529057912e-01 1.787721979716758369e+03
3.284400801603206133e-01 1.767992892435709564e+03
3.306669338677354353e-01 1.748179767647301560e+03
3.328937875751502573e-01 1.728738807508498439e+03
3.351206412825650793e-01 1.710126214176263602e+03
3.373474949899799569e-01 1.692760425108859863e+03
3.395743486973947789e-01 1.676615763100480081e+03
3.418012024048096009e-01 1.661377584918337334e+03
3.440280561122244229e-01 1.646726320389739385e+03
3.462549098196392450e-01 1.632342399341995133e+03
3.484817635270540670e-01 1.617917617882398190e+03
3.507086172344688890e-01 1.603353925252399222e+03
3.529354709418837110e-01 1.588738359623797578e+03
3.551623246492985886e-01 1.574164287248544724e+03
3.573891783567134106e-01 1.559725074378595082e+03
3.596160320641282326e-01 1.545512838515699968e+03
3.618428857715430547e-01 1.531583252979623012e+03
3.640697394789578767e-01 1.517950657468224790e+03
3.662965931863726987e-01 1.504627160180024475e+03
3.685234468937875207e-01 1.491624869313542831e+03
3.707503006012023983e-01 1.478955474061098130e+03
3.729771543086172203e-01 1.466607658395612361e+03
3.752040080160320423e-01 1.454535624555702043e+03
3.774308617234468644e-01 1.442690741961741878e+03
3.796577154308616864e-01 1.431024380034106571e+03
3.818845691382765084e-01 1.419487885610411467e+03
3.841114228456913304e-01 1.408029280991743008e+03
3.863382765531061525e-01 1.396589785931126471e+03
3.885651302605210300e-01 1.385109788085246009e+03
3.907919839679358520e-01 1.373529675110789867e+03
3.930188376753506740e-01 1.361789918432534932e+03
3.952456913827654961e-01 1.349891440884090116e+03
3.974725450901803181e-01 1.338002073507337400e+03
3.996993987975951401e-01 1.326318210214325063e+03
4.019262525050099621e-01 1.315036244917102294e+03
4.041531062124248397e-01 1.304352571446607044e+03
4.063799599198396617e-01 1.294388696221227747e+03
4.086068136272544837e-01 1.284975755732515609e+03
4.108336673346693058e-01 1.275874519014996167e+03
4.130605210420841278e-01 1.266845755103193824e+03
4.152873747494989498e-01 1.257650233031634343e+03
4.175142284569137718e-01 1.248097920678949322e+03
4.197410821643285939e-01 1.238268544195300819e+03
4.219679358717434714e-01 1.228333808399769623e+03
4.241947895791582934e-01 1.218465496202391932e+03
4.264216432865731155e-01 1.208835390513203720e+03
4.286484969939879375e-01 1.199590754774086008e+03
4.308753507014027595e-01 1.190685969807497713e+03
4.331022044088175815e-01 1.181984179083015988e+03
4.353290581162324036e-01 1.173347982568777979e+03
4.375559118236472811e-01 1.164639980232919697e+03
4.397827655310621031e-01 1.155739297308997948e+03
4.420096192384769251e-01 1.146708598868242461e+03
4.442364729458917472e-01 1.137725018101805972e+03
4.464633266533065692e-01 1.128967426358268995e+03
4.486901803607213912e-01 1.120614694986214317e+03
4.509170340681362132e-01 1.112833507966636944e+03
4.531438877755510353e-01 1.105587558289466187e+03
4.553707414829659128e-01 1.098673002348568389e+03
4.575975951903807348e-01 1.091880982057901747e+03
4.598244488977955569e-01 1.085002639331421960e+03
4.620513026052103789e-01 1.077834076247154371e+03
4.642781563126252009e-01 1.070314388601838573e+03
4.665050100200400229e-01 1.062543850137904883e+03
4.687318637274548450e-01 1.054631347952408987e+03
4.709587174348696670e-01 1.046685769142407935e+03
4.731855711422845445e-01 1.038815444452280872e+03
4.754124248496993665e-01 1.031097705168212769e+03
4.776392785571141886e-01 1.023563155044537325e+03
4.798661322645290106e-01 1.016238528858779887e+03
4.820929859719438326e-01 1.009150561388465917e+03
4.843198396793586546e-01 1.002325809240774333e+03
4.865466933867734767e-01 9.957664478492905573e+02
4.887735470941883542e-01 9.894257011978537548e+02
4.910004008016031762e-01 9.832509391952274882e+02
4.932272545090179983e-01 9.771895317501755471e+02
4.954541082164328203e-01 9.711888700852533702e+02
4.976809619238476423e-01 9.652124490111420982e+02
4.999078156312624643e-01 9.592685002988871474e+02
5.021346693386772309e-01 9.533729617640019569e+02
5.043615230460920529e-01 9.475417712219989426e+02
5.065883767535069859e-01 9.417908664762612716e+02
5.088152304609218080e-01 9.361300964547639296e+02
5.110420841683366300e-01 9.305458679218938869e+02
5.132689378757514520e-01 9.250189469353956611e+02
5.154957915831662740e-01 9.195300995530137698e+02
5.177226452905810961e-01 9.140600918324927306e+02
5.199494989979959181e-01 9.085907208883625117e+02
5.221763527054107401e-01 9.031093964074765381e+02
5.244032064128255621e-01 8.976054285861911239e+02
5.266300601202403842e-01 8.920681291366249752e+02
5.288569138276552062e-01 8.864868097708958885e+02
5.310837675350701392e-01 8.808554255421071275e+02
5.333106212424849613e-01 8.752047119999594997e+02
5.355374749498997833e-01 8.695829056069782155e+02
5.377643286573146053e-01 8.640383496392644247e+02
5.399911823647294273e-01 8.586193873729187089e+02
5.422180360721442494e-01 8.533708408509725132e+02
5.444448897795590714e-01 8.482981245418143317e+02
5.466717434869738934e-01 8.433819353479462961e+02
5.488985971943887154e-01 8.386025888288934311e+02
5.511254509018035375e-01 8.339404005441807612e+02
5.533523046092183595e-01 8.293752270034650564e+02
5.555791583166331815e-01 8.248790663271450967e+02
5.578060120240480035e-01 8.204173174214007531e+02
5.600328657314628256e-01 8.159551743874936847e+02
5.622597194388776476e-01 8.114578313266854366e+02
5.644865731462925806e-01 8.068910055310003600e+02
5.667134268537074027e-01 8.022356640880121859e+02
5.689402805611222247e-01 7.974900588488208086e+02
5.711671342685370467e-01 7.926533738517102847e+02
5.733939879759518687e-01 7.877247931349642158e+02
5.756208416833666908e-01 7.827041861062537009e+02
5.778476953907815128e-01 7.776314291468983129e+02
5.800745490981963348e-01 7.726077765742701331e+02
5.823014028056111568e-01 7.677396892464068969e+02
5.845282565130259789e-01 7.631336280213469081e+02
5.867551102204408009e-01 7.588955006174467144e+02
5.889819639278556229e-01 7.550499978339447580e+02
5.912088176352704449e-01 7.514557389987255647e+02
5.934356713426852670e-01 7.479510455743569537e+02
5.956625250501000890e-01 7.443742390234067443e+02
5.978893787575150220e-01 7.405637201587010168e+02
6.001162324649298441e-01 7.364274551970735274e+02
6.023430861723446661e-01 7.320704147743850854e+02
6.045699398797594881e-01 7.276322011430531802e+02
6.067967935871743101e-01 7.232524165554945057e+02
6.090236472945891322e-01 7.190706632191244125e+02
6.112505010020039542e-01 7.151877529989308186e+02
6.134773547094187762e-01 7.115542008773134057e+02
6.157042084168335982e-01 7.080841258449252109e+02
6.179310621242484203e-01 7.046916468924191577e+02
6.201579158316632423e-01 7.012908830104487379e+02
6.223847695390780643e-01 6.978063005398919358e+02
6.246116232464928864e-01 6.942190584366406938e+02
6.268384769539077084e-01 6.905296322505254238e+02
6.290653306613225304e-01 6.867385138276199541e+02
6.312921843687374635e-01 6.828461950139976580e+02
6.335190380761522855e-01 6.788593103420249690e+02
6.357458917835671075e-01 6.748313911870353650e+02
6.379727454909819295e-01 6.708375892799814437e+02
6.401995991983967516e-01 6.669531718983174642e+02
6.424264529058115736e-01 6.632534063194976852e+02
6.446533066132263956e-01 6.598071164689067700e+02
6.468801603206412176e-01 6.566104642027440832e+02
6.491070140280560397e-01 6.536137756625780639e+02
6.513338677354708617e-01 6.507666585846079670e+02
6.535607214428856837e-01 6.480187207050333882e+02
6.557875751503005057e-01 6.453194361634789402e+02
6.580144288577153278e-01 6.426160144866070141e+02
6.602412825651301498e-01 6.398537752068757527e+02
6.624681362725449718e-01 6.369779799527666455e+02
6.646949899799599049e-01 6.339338903527617504e+02
6.669218436873747269e-01 6.306692787051962341e+02
6.691486973947895489e-01 6.272025542759801056e+02
6.713755511022043709e-01 6.236307673238130747e+02
6.736024048096191930e-01 6.200550853663576163e+02
6.758292585170340150e-01 6.165766759212749548e+02
6.780561122244488370e-01 6.132959081522490123e+02
6.802829659318636590e-01 6.102673237033511668e+02
6.825098196392784811e-01 6.074755989669199607e+02
6.847366733466933031e-01 6.048995348229730098e+02
6.869635270541081251e-01 6.025179321515277024e+02
6.891903807615229471e-01 6.003093352695428848e+02
6.914172344689377692e-01 5.982137373481085660e+02
6.936440881763525912e-01 5.960918378058142935e+02
6.958709418837674132e-01 5.937945766835333643e+02
6.980977955911823463e-01 5.911728940221390758e+02
7.003246492985971683e-01 5.880778558945033865e+02
7.025515030060119903e-01 5.844552486853336859e+02
7.047783567134268123e-01 5.805138135518155877e+02
7.070052104208416344e-01 5.765075523449339698e+02
7.092320641282564564e-01 5.726904669156726868e+02
7.114589178356712784e-01 5.693165590675744170e+02
7.136857715430861004e-01 5.665604623832745119e+02
7.159126252505009225e-01 5.642873257370143847e+02
7.181394789579157445e-01 5.622868738700340145e+02
7.203663326653305665e-01 5.603488315235733808e+02
7.225931863727453885e-01 5.582629234388722352e+02
7.248200400801602106e-01 5.558570856711174883e+02
7.270468937875750326e-01 5.531671038190072522e+02
7.292737474949898546e-01 5.502990947718209327e+02
7.315006012024047877e-01 5.473592311481024808e+02
7.337274549098196097e-01 5.444536855663959614e+02
7.359543086172344317e-01 5.416804323365578284e+02
7.381811623246492537e-01 5.390744234672481525e+02
7.404080160320640758e-01 5.366413837873060402e+02
7.426348697394788978e-01 5.343868778984444816e+02
7.448617234468937198e-01 5.323164704023764671e+02
7.470885771543085419e-01 5.304302208238361800e+02
7.493154308617233639e-01 5.286656313486939780e+02
7.515422845691381859e-01 5.269205176219993518e+02
7.537691382765530079e-01 5.250920634372481572e+02
7.559959919839678300e-01 5.230774525879362500e+02
7.582228456913826520e-01 5.207801426883956992e+02
7.604496993987974740e-01 5.182150034182642457e+02
7.626765531062122960e-01 5.154926292472748628e+02
7.649034068136272291e-01 5.127267283424448578e+02
7.671302605210420511e-01 5.100310088707927321e+02
7.693571142284568731e-01 5.075167219050373433e+02
7.715839679358716952e-01 5.052252314833442028e+02
7.738108216432865172e-01 5.031196626169236197e+02
7.760376753507013392e-01 5.011590061482705210e+02
7.782645290581161612e-01 4.993022529198795496e+02
7.804913827655309833e-01 4.975082416869951203e+02
7.827182364729458053e-01 4.957272250443025428e+02
7.849450901803606273e-01 4.938964480841412978e+02
7.871719438877754493e-01 4.919520714344099588e+02
7.893987975951902714e-01 4.898302557230070420e+02
7.916256513026050934e-01 4.874675557948231699e+02
7.938525050100199154e-01 4.848642796251502318e+02
7.960793587174347374e-01 4.821542928958426728e+02
7.983062124248496705e-01 4.794882590005102543e+02
8.005330661322644925e-01 4.770168413327623966e+02
8.027599198396793145e-01 4.748906288629116261e+02
8.049867735470941366e-01 4.731880703955563376e+02
8.072136272545089586e-01 4.717807783111130107e+02
8.094404809619237806e-01 4.705035280855137216e+02
8.116673346693386026e-01 4.691910951946908312e+02
8.138941883767534247e-01 4.676782551263685832e+02
8.161210420841682467e-01 4.658462517953601605e+02
8.183478957915830687e-01 4.637586838608247035e+02
8.205747494989978907e-01 4.615238755195791782e+02
8.228016032064127128e-01 4.592501509684391294e+02
8.250284569138275348e-01 4.570458344042214094e+02
8.272553106212423568e-01 4.549996454309524552e+02
8.294821643286571788e-01 4.530914864587994089e+02
8.317090180360721119e-01 4.512637205644402911e+02
8.339358717434869339e-01 4.494586755179243482e+02
8.361627254509017559e-01 4.476186790892999170e+02
8.383895791583165780e-01 4.456941551758164906e+02
8.406164328657314000e-01 4.436981943424947303e+02
8.428432865731462220e-01 4.416731219720066406e+02
8.450701402805610440e-01 4.396614278014332626e+02
8.472969939879758661e-01 4.377056015678562630e+02
8.495238476953906881e-01 4.358454665835718060e+02
8.517507014028055101e-01 4.340903130352746757e+02
8.539775551102203321e-01 4.324299504580753819e+02
8.562044088176351542e-01 4.308538733708148243e+02
8.584312625250499762e-01 4.293515762923346415e+02
8.606581162324647982e-01 4.279119930801934970e+02
8.628849699398796202e-01 4.265138173520464875e+02
8.651118236472945533e-01 4.251267908165381186e+02
8.673386773547093753e-01 4.237203536483827406e+02
8.695655310621241973e-01 4.222639460222940784e+02
8.717923847695390194e-01 4.207276413859365221e+02
8.740192384769538414e-01 4.191010577046631056e+02
8.762460921843686634e-01 4.173966038217174059e+02
8.784729458917834855e-01 4.156279759351497205e+02
8.806997995991983075e-01 4.138088702430100625e+02
8.829266533066131295e-01 4.119532781171213287e+02
8.851535070140279515e-01 4.100921056327626957e+02
8.873803607214427736e-01 4.082820290715259262e+02
8.896072144288575956e-01 4.065818900075123565e+02
8.918340681362724176e-01 4.050505300148239485e+02
8.940609218436872396e-01 4.037464193773710690e+02
8.962877755511020617e-01 4.026695579799623488e+02
8.985146292585168837e-01 4.016982568866164911e+02
9.007414829659318167e-01 4.006956400734987938e+02
9.029683366733466388e-01 3.995248315167744408e+02
9.051951903807614608e-01 3.980490202298908002e+02
9.074220440881762828e-01 3.961977882361379102e+02
9.096488977955911048e-01 3.940922575261282645e+02
9.118757515030059269e-01 3.918878854593905317e+02
9.141026052104207489e-01 3.897401293954523567e+02
9.163294589178355709e-01 3.878044466904975707e+02
9.185563126252503929e-01 3.861920965800986210e+02
9.207831663326652150e-01 3.848397843377649110e+02
9.230100200400800370e-01 3.836411293086150067e+02
9.252368737474948590e-01 3.824897508377671898e+02
9.274637274549096810e-01 3.812792682703400828e+02
9.296905811623245031e-01 3.799221605487545048e+02
9.319174348697393251e-01 3.784362716660417618e+02
9.341442885771542581e-01 3.768760197951059467e+02
9.363711422845690802e-01 3.752958593667376590e+02
9.385979959919839022e-01 3.737502448117265885e+02
9.408248496993987242e-01 3.722876628543367588e+02
9.430517034068135462e-01 3.709107611543667531e+02
9.452785571142283683e-01 3.696009434789287980e+02
9.475054108216431903e-01 3.683394974703982712e+02
9.497322645290580123e-01 3.671077107711510052e+02
9.519591182364728343e-01 3.658866933446611824e+02
9.541859719438876564e-01 3.646555378538391210e+02
9.564128256513024784e-01 3.633920580125956690e+02
9.586396793587173004e-01 3.620740472089863147e+02
9.608665330661321224e-01 3.606792988310665464e+02
9.630933867735469445e-01 3.591879068370401455e+02
9.653202404809617665e-01 3.576207773508208447e+02
9.675470941883766995e-01 3.560338598569233568e+02
9.697739478957915216e-01 3.544842422428811801e+02
9.720008016032063436e-01 3.530290123962271878e+02
9.742276553106211656e-01 3.517233930537996116e+02
9.764545090180359876e-01 3.505683792226961941e+02
9.786813627254508097e-01 3.495035799303117301e+02
9.809082164328656317e-01 3.484653005004084889e+02
9.831350701402804537e-01 3.473898462567486831e+02
9.853619238476952757e-01 3.462142494434690434e+02
9.875887775551100978e-01 3.449178284881360810e+02
9.898156312625249198e-01 3.435446924167697489e+02
9.920424849699397418e-01 3.421444365530762184e+02
9.942693386773545638e-01 3.407666562207615470e+02
9.964961923847693859e-01 3.394607991212611182e+02
9.987230460921842079e-01 3.382536682712088236e+02
1.000949899799599141e+00 3.371252467464739766e+02
1.003176753507013963e+00 3.360497194488633568e+02
1.005403607214428785e+00 3.350012712801839143e+02
1.007630460921843607e+00 3.339540913658456702e+02
1.009857314629258429e+00 3.328874719788662446e+02
1.012084168336673251e+00 3.317957146467010148e+02
1.014311022044088073e+00 3.306758664458249086e+02
1.016537875751502895e+00 3.295249744527127405e+02
1.018764729458917717e+00 3.283400857438396088e+02
1.020991583166332539e+00 3.271207953957674022e+02
1.023218436873747361e+00 3.258773865347201308e+02
1.025445290581162183e+00 3.246229442883441720e+02
1.027672144288577005e+00 3.233705537949063569e+02
1.029898997995991827e+00 3.221333001926744828e+02
1.032125851703406649e+00 3.209216200061989070e+02
1.034352705410821471e+00 3.197320427771101663e+02
1.036579559118236293e+00 3.185565494507117705e+02
1.038806412825651115e+00 3.173871183853052003e+02
1.041033266533065937e+00 3.162157279391915949e+02
1.043260120240480759e+00 3.150356523044973756e+02
1.045486973947895581e+00 3.138500432924726624e+02
1.047713827655310403e+00 3.126666003152489566e+02
1.049940681362725448e+00 3.114930469467489615e+02
1.052167535070140270e+00 3.103371067608960630e+02
1.054394388777555092e+00 3.092065352473875919e+02
1.056621242484969914e+00 3.081094530416835937e+02
1.058848096192384736e+00 3.070542135971008406e+02
1.061074949899799558e+00 3.060491741251152007e+02
1.063301803607214380e+00 3.051026918372019736e+02
1.065528657314629202e+00 3.042221249829473209e+02
1.067755511022044024e+00 3.033966051317912616e+02
1.069982364729458846e+00 3.025993404026734197e+02
1.072209218436873668e+00 3.018030032355640628e+02
1.074436072144288490e+00 3.009802660704328900e+02
1.076662925851703312e+00 3.001041463924440222e+02
1.078889779559118134e+00 2.991588238715756347e+02
1.081116633266532956e+00 2.981417955825398849e+02
1.083343486973947778e+00 2.970513389048872455e+02
1.085570340681362600e+00 2.958857312181682460e+02
1.087797194388777422e+00 2.946435970747474471e+02
1.090024048096192244e+00 2.933411227667680805e+02
1.092250901803607066e+00 2.920199857279183107e+02
1.094477755511021888e+00 2.907238657912024564e+02
1.096704609218436710e+00 2.894964427896246661e+02
1.098931462925851532e+00 2.883813051503151428e+02
1.101158316633266354e+00 2.874010290859894781e+02
1.103385170340681176e+00 2.865304806526274888e+02
1.105612024048095998e+00 2.857379399228852890e+02
1.107838877755510820e+00 2.849916869694191064e+02
1.110065731462925642e+00 2.842600018648851119e+02
1.112292585170340464e+00 2.835111646819394764e+02
1.114519438877755286e+00 2.827134554932382571e+02
1.116746292585170330e+00 2.818351543714376248e+02
1.118973146292585152e+00 2.808445413891940916e+02
1.121199999999999974e+00 2.797098966191633735e+02
