1.000000000000000021e-02 2.969307989793640445e+04
1.222685370741482917e-02 3.159761498969278182e+04
1.445370741482965987e-02 3.250583513259175015e+04
1.668056112224448884e-02 3.262751897223821652e+04
1.890741482965931780e-02 3.214378088521881000e+04
2.113426853707414677e-02 3.120984277325503717e+04
2.336112224448897573e-02 2.996118883160639598e+04
2.558797595190380469e-02 2.851415109881997341e+04
2.781482965931863366e-02 2.696621289430012621e+04
3.004168336673346262e-02 2.539617697465618767e+04
3.226853707414829159e-02 2.386550012351830810e+04
3.449539078156312055e-02 2.241928303529056575e+04
3.672224448897795646e-02 2.108720963639303227e+04
3.894909819639278542e-02 1.988673079483205584e+04
4.117595190380761438e-02 1.882441647785176610e+04
4.340280561122244335e-02 1.789858287384461073e+04
4.562965931863727231e-02 1.710125953660190498e+04
4.785651302605210128e-02 1.641950331560720588e+04
5.008336673346693024e-02 1.583717108798681511e+04
5.231022044088175921e-02 1.533697731750735875e+04
5.453707414829658817e-02 1.489939488919210817e+04
5.676392785571141714e-02 1.450766928149329942e+04
5.899078156312624610e-02 1.415782852266076043e+04
6.121763527054107507e-02 1.382502165130779395e+04
6.344448897795590403e-02 1.347890261042093516e+04
6.567134268537073993e-02 1.310004135633703663e+04
6.789819639278556196e-02 1.269335928818480716e+04
7.012505010020039786e-02 1.226707215320656178e+04
7.235190380761521989e-02 1.182939569864463010e+04
7.457875751503004191e-02 1.138854446853161244e+04
7.680561122244487782e-02 1.095094691301248167e+04
7.903246492985969984e-02 1.051766166090308980e+04
8.125931863727453575e-02 1.008874233019767416e+04
8.348617234468937165e-02 9.664242538890486685e+03
8.571302605210419367e-02 9.244216009086059785e+03
8.793987975951902958e-02 8.830381743366084265e+03
9.016673346693385160e-02 8.430344543344957856e+03
9.239358717434868751e-02 8.053008930491692809e+03
9.462044088176350953e-02 7.707279426275319565e+03
9.684729458917834544e-02 7.402060552164849469e+03
9.907414829659316746e-02 7.143904168848478548e+03
1.013010020040080034e-01 6.928361401731490332e+03
1.035278557114228254e-01 6.747770711624237265e+03
1.057547094188376613e-01 6.594470172022268343e+03
1.079815631262524833e-01 6.460797856421138931e+03
1.102084168336673192e-01 6.339659866406397668e+03
1.124352705410821412e-01 6.227326021914126613e+03
1.146621242484969772e-01 6.121299717068128302e+03
1.168889779559118131e-01 6.019086217452578239e+03
1.191158316633266351e-01 5.918190788651650109e+03
1.213426853707414710e-01 5.816248304609264778e+03
1.235695390781562930e-01 5.711984403105135243e+03
1.257963927855711428e-01 5.604670917852407911e+03
1.280232464929859648e-01 5.493583755792186821e+03
1.302501002004007868e-01 5.377998823865575105e+03
1.324769539078156089e-01 5.257251274871682654e+03
1.347038076152304586e-01 5.131501425064595423e+03
1.369306613226452807e-01 5.001514828185272563e+03
1.391575150300601027e-01 4.868070969637808957e+03
1.413843687374749525e-01 4.731949334826298582e+03
1.436112224448897745e-01 4.593973061008145123e+03
1.458380761523045965e-01 4.455821940672019991e+03
1.480649298597194186e-01 4.319957776753922190e+03
1.502917835671342683e-01 4.188871056178340041e+03
1.525186372745490904e-01 4.065052265869768689e+03
1.547454909819639124e-01 3.950946629713319908e+03
1.569723446893787622e-01 3.847612762700447092e+03
1.591991983967935842e-01 3.754498244274602257e+03
1.614260521042084062e-01 3.670960188615926199e+03
1.636529058116232282e-01 3.596355709904559262e+03
1.658797595190380780e-01 3.530038293767063806e+03
1.681066132264529001e-01 3.471118935907308696e+03
1.703334669338677221e-01 3.418317788287649819e+03
1.725603206412825441e-01 3.370319567457611811e+03
1.747871743486973939e-01 3.325808989966719309e+03
1.770140280561122159e-01 3.283471569442230248e+03
1.792408817635270379e-01 3.242137067781609858e+03
1.814677354709418600e-01 3.200945711069214667e+03
1.836945891783567097e-01 3.159078025356779108e+03
1.859214428857715318e-01 3.115714536696041250e+03
1.881482965931863538e-01 3.070036024324065693e+03
1.903751503006012036e-01 3.021537156068018248e+03
1.926020040080160256e-01 2.970638427820636934e+03
1.948288577154308476e-01 2.917930195011769683e+03
1.970557114228456697e-01 2.864002813071267610e+03
1.992825651302605194e-01 2.809446637428980921e+03
2.015094188376753415e-01 2.754830530141298823e+03
2.037362725450901635e-01 2.700635336438933336e+03
2.059631262525049855e-01 2.647319374430647713e+03
2.081899799599198353e-01 2.595340962214648243e+03
2.104168336673346573e-01 2.545158417889141674e+03
2.126436873747494793e-01 2.497176603324631287e+03
2.148705410821643014e-01 2.451507061026288739e+03
2.170973947895791512e-01 2.408161250261690384e+03
2.193242484969939732e-01 2.367150544786888531e+03
2.215511022044087952e-01 2.328486318357933669e+03
2.237779559118236450e-01 2.292167909132140721e+03
2.260048096192384670e-01 2.258102623975660663e+03
2.282316633266532890e-01 2.226155283956712537e+03
2.304585170340681111e-01 2.196190481752857067e+03
2.326853707414829608e-01 2.168072810041655430e+03
2.349122244488977829e-01 2.141652258079758667e+03
2.371390781563126049e-01 2.116605589078466437e+03
2.393659318637274269e-01 2.092496141700096814e+03
2.415927855711422767e-01 2.068885287928129401e+03
2.438196392785570987e-01 2.045334399746045392e+03
2.460464929859719208e-01 2.021419496172884237e+03
2.482733466933867428e-01 1.996984953365244337e+03
2.505002004008015648e-01 1.972110189979821598e+03
2.527270541082163868e-01 1.946882572061422707e+03
2.549539078156312089e-01 1.921389465654856167e+03
2.571807615230460309e-01 1.895718404697987808e+03
2.594076152304609084e-01 1.869962124952501426e+03
2.616344689378757304e-01 1.844219439611844791e+03
2.638613226452905525e-01 1.818589506213844970e+03
2.660881763527053745e-01 1.793171482296330169e+03
2.683150300601201965e-01 1.768064577191287526e+03
2.705418837675350741e-01 1.743371080471531513e+03
2.727687374749498961e-01 1.719198040389482685e+03
2.749955911823647181e-01 1.695652912717596791e+03
2.772224448897795401e-01 1.672843153228325036e+03
2.794492985971943622e-01 1.650875870807506999e+03
2.816761523046091842e-01 1.629803099810299500e+03
2.839030060120240062e-01 1.609562021218109976e+03
2.861298597194388282e-01 1.590075447816575661e+03
2.883567134268537058e-01 1.571266192391332424e+03
2.905835671342685278e-01 1.553057083333359060e+03
2.928104208416833498e-01 1.535385493931264818e+03
2.950372745490981718e-01 1.518230301464832792e+03
2.972641282565129939e-01 1.501577737912461316e+03
2.994909819639278159e-01 1.485414035252546455e+03
3.017178356713426379e-01 1.469725425463210286e+03
3.039446893787575155e-01 1.454491736261500591e+03
3.061715430861723375e-01 1.439667447311315300e+03
3.083983967935871595e-01 1.425200767806403746e+03
3.106252505010019815e-01 1.411039906940513220e+03
3.128521042084168036e-01 1.397133073907394191e+03
3.150789579158316256e-01 1.383421848761277261e+03
3.173058116232464476e-01 1.369810692984716070e+03
3.195326653306612696e-01 1.356191156115977719e+03
3.217595190380761472e-01 1.342454774663011904e+03
3.239863727454909692e-01 1.328493085133771956e+03
3.262132264529057912e-01 1.314220456193273321e+03
3.284400801603206133e-01 1.299727049077777338e+03
3.306669338677354353e-01 1.285184661017582812e+03
3.328937875751502573e-01 1.270765539378169933e+03
3.351206412825650793e-01 1.256641931525017526e+03
3.373474949899799569e-01 1.242977103482103530e+03
3.395743486973947789e-01 1.229828700267516524e+03
3.418012024048096009e-01 1.217185643921010296e+03
3.440280561122244229e-01 1.205035684739112185e+03
3.462549098196392450e-01 1.193366573018351119e+03
3.484817635270540670e-01 1.182162565401052234e+03
3.507086172344688890e-01 1.171343323747322529e+03
3.529354709418837110e-01 1.160771619120969945e+03
3.551623246492985886e-01 1.150308277523402467e+03
3.573891783567134106e-01 1.139814124956028536e+03
3.596160320641282326e-01 1.129155152028977000e+03
3.618428857715430547e-01 1.118348076006984684e+03
3.640697394789578767e-01 1.107580562663224327e+03
3.662965931863726987e-01 1.097049506855239315e+03
3.685234468937875207e-01 1.086951803440574395e+03
3.707503006012023983e-01 1.077481274567217270e+03
3.729771543086172203e-01 1.068663037582743300e+03
3.752040080160320423e-01 1.060269343995764757e+03
3.774308617234468644e-01 1.052051671331908665e+03
3.796577154308616864e-01 1.043761497116803184e+03
3.818845691382765084e-01 1.035151093809243775e+03
3.841114228456913304e-01 1.026089760508745940e+03
3.863382765531061525e-01 1.016686252052780219e+03
3.885651302605210300e-01 1.007078613809514309e+03
3.907919839679358520e-01 9.974048911471177234e+02
3.930188376753506740e-01 9.878031092875335162e+02
3.952456913827654961e-01 9.783967548897570623e+02
3.974725450901803181e-01 9.692691731911146462e+02
3.996993987975951401e-01 9.604968400590705642e+02
4.019262525050099621e-01 9.521562313610889987e+02
4.041531062124248397e-01 9.443238229199528178e+02
4.063799599198396617e-01 9.370348371563949286e+02
4.086068136272544837e-01 9.301645397383745149e+02
4.108336673346693058e-01 9.235494328501481505e+02
4.130605210420841278e-01 9.170260186759721819e+02
4.152873747494989498e-01 9.104307994001030693e+02
4.175142284569137718e-01 9.036240195504389021e+02
4.197410821643285939e-01 8.965961034121312423e+02
4.219679358717434714e-01 8.893818622717909648e+02
4.241947895791582934e-01 8.820161451011081226e+02
4.264216432865731155e-01 8.745338008717717457e+02
4.286484969939879375e-01 8.669731744234292137e+02
4.308753507014027595e-01 8.594001108728418785e+02
4.331022044088175815e-01 8.518934635201654828e+02
4.353290581162324036e-01 8.445321631553805446e+02
4.375559118236472811e-01 8.373951405684674683e+02
4.397827655310621031e-01 8.305562203843945781e+02
4.420096192384769251e-01 8.240325149954552444e+02
4.442364729458917472e-01 8.178057671285185961e+02
4.464633266533065692e-01 8.118571824347422989e+02
4.486901803607213912e-01 8.061679665652859512e+02
4.509170340681362132e-01 8.007164828601411273e+02
4.531438877755510353e-01 7.954337535451065833e+02
4.553707414829659128e-01 7.902117283281113487e+02
4.575975951903807348e-01 7.849411874510670941e+02
4.598244488977955569e-01 7.795129111558844670e+02
4.620513026052103789e-01 7.738214197026123884e+02
4.642781563126252009e-01 7.678690521843665238e+02
4.665050100200400229e-01 7.617796776340163660e+02
4.687318637274548450e-01 7.556836596483373114e+02
4.709587174348696670e-01 7.497113618241063477e+02
4.731855711422845445e-01 7.439915607583229757e+02
4.754124248496993665e-01 7.385646068837122584e+02
4.776392785571141886e-01 7.333375600321819547e+02
4.798661322645290106e-01 7.282064437531161047e+02
4.820929859719438326e-01 7.230672815958982937e+02
4.843198396793586546e-01 7.178166473502043345e+02
4.865466933867734767e-01 7.124264107470363570e+02
4.887735470941883542e-01 7.070196174021037905e+02
4.910004008016031762e-01 7.017373919662300068e+02
4.932272545090179983e-01 6.967208590902373544e+02
4.954541082164328203e-01 6.921110416138189976e+02
4.976809619238476423e-01 6.879720392075300879e+02
4.999078156312624643e-01 6.841542532814976312e+02
5.021346693386772309e-01 6.804712752282700876e+02
5.043615230460920529e-01 6.767366964403953489e+02
5.065883767535069859e-01 6.727641084221961592e+02
5.088152304609218080e-01 6.684232105326068449e+02
5.110420841683366300e-01 6.637997173087351257e+02
5.132689378757514520e-01 6.590313213504649639e+02
5.154957915831662740e-01 6.542557152576791850e+02
5.177226452905810961e-01 6.496105916302614105e+02
5.199494989979959181e-01 6.452081593113643976e+02
5.221763527054107401e-01 6.410219059507713837e+02
5.244032064128255621e-01 6.369783459155764831e+02
5.266300601202403842e-01 6.330039561090825373e+02
5.288569138276552062e-01 6.290252134345911372e+02
5.310837675350701392e-01 6.249804157897452797e+02
5.333106212424849613e-01 6.209014966771437685e+02
5.355374749498997833e-01 6.168649433360486682e+02
5.377643286573146053e-01 6.129475149311876976e+02
5.399911823647294273e-01 6.092259706272886888e+02
5.422180360721442494e-01 6.057677633262793506e+02
5.444448897795590714e-01 6.025361956967014976e+02
5.466717434869738934e-01 5.994292443808408279e+02
5.488985971943887154e-01 5.963438781700714344e+02
5.511254509018035375e-01 5.931770658557674096e+02
5.533523046092183595e-01 5.898298720995561553e+02
5.555791583166331815e-01 5.862734780035611948e+02
5.578060120240480035e-01 5.825379461271625132e+02
5.600328657314628256e-01 5.786551664006412921e+02
5.622597194388776476e-01 5.746570287542779170e+02
5.644865731462925806e-01 5.705764390522248277e+02
5.667134268537074027e-01 5.664759152713209005e+02
5.689402805611222247e-01 5.624515390098779335e+02
5.711671342685370467e-01 5.586012019909285300e+02
5.733939879759518687e-01 5.550227959375057480e+02
5.756208416833666908e-01 5.518127115807768632e+02
5.778476953907815128e-01 5.489797224588116933e+02
5.800745490981963348e-01 5.463981814828516690e+02
5.823014028056111568e-01 5.439310389901055487e+02
5.845282565130259789e-01 5.414412453177825455e+02
5.867551102204408009e-01 5.387921413716807137e+02
5.889819639278556229e-01 5.359044148338814466e+02
5.912088176352704449e-01 5.328160154498164047e+02
5.934356713426852670e-01 5.295792251650797198e+02
5.956625250501000890e-01 5.262463259252643866e+02
5.978893787575150220e-01 5.228696008674451150e+02
6.001162324649298441e-01 5.195023776854235393e+02
6.023430861723446661e-01 5.162009421854990023e+02
6.045699398797594881e-01 5.130221001837172707e+02
6.067967935871743101e-01 5.100226574961234292e+02
6.090236472945891322e-01 5.072594199029160791e+02
6.112505010020039542e-01 5.047582940171808445e+02
6.134773547094187762e-01 5.024254646810406371e+02
6.157042084168335982e-01 5.001381248339739614e+02
6.179310621242484203e-01 4.977734674154592653e+02
6.201579158316632423e-01 4.952086853649748832e+02
6.223847695390780643e-01 4.923521902382420308e+02
6.246116232464928864e-01 4.892834388299524448e+02
6.268384769539077084e-01 4.861401673319538190e+02
6.290653306613225304e-01 4.830601611029019864e+02
6.312921843687374635e-01 4.801812055014523821e+02
6.335190380761522855e-01 4.776177876848827850e+02
6.357458917835671075e-01 4.753065227786511855e+02
6.379727454909819295e-01 4.731020234462389453e+02
6.401995991983967516e-01 4.708584641022010260e+02
6.424264529058115736e-01 4.684300191610926731e+02
6.446533066132263956e-01 4.656866038033601853e+02
6.468801603206412176e-01 4.626756427740352819e+02
6.491070140280560397e-01 4.595565350274940783e+02
6.513338677354708617e-01 4.564904345441620990e+02
6.535607214428856837e-01 4.536384953044652093e+02
6.557875751503005057e-01 4.511528051659325911e+02
6.580144288577153278e-01 4.490317709547588834e+02
6.602412825651301498e-01 4.471455408218104708e+02
6.624681362725449718e-01 4.453603334417582005e+02
6.646949899799599049e-01 4.435423674892733175e+02
6.669218436873747269e-01 4.415613220719172887e+02
6.691486973947895489e-01 4.393842345721994889e+02
6.713755511022043709e-01 4.370865325210336323e+02
6.736024048096191930e-01 4.347493182290392042e+02
6.758292585170340150e-01 4.324536940068344393e+02
6.780561122244488370e-01 4.302798550315941952e+02
6.802829659318636590e-01 4.282559247468435615e+02
6.825098196392784811e-01 4.263306418768299295e+02
6.847366733466933031e-01 4.244460690674266630e+02
6.869635270541081251e-01 4.225442689645069549e+02
6.891903807615229471e-01 4.205674856328206488e+02
6.914172344689377692e-01 4.184852231237349542e+02
6.936440881763525912e-01 4.163230550705576434e+02
6.958709418837674132e-01 4.141134560819096464e+02
6.980977955911823463e-01 4.118889007664112683e+02
7.003246492985971683e-01 4.096818582481955673e+02
7.025515030060119903e-01 4.075206757422414512e+02
7.047783567134268123e-01 4.054222575569067999e+02
7.070052104208416344e-01 4.034015384074977533e+02
7.092320641282564564e-01 4.014734530093201101e+02
7.114589178356712784e-01 3.996529360698229425e+02
7.136857715430861004e-01 3.979417780554389310e+02
7.159126252505009225e-01 3.962905153972747030e+02
7.181394789579157445e-01 3.946371934692948003e+02
7.203663326653305665e-01 3.929198576454635941e+02
7.225931863727453885e-01 3.910765532997452851e+02
7.248200400801602106e-01 3.890606421522587084e+02
7.270468937875750326e-01 3.869087988277992167e+02
7.292737474949898546e-01 3.846858890359679890e+02
7.315006012024047877e-01 3.824568008244807515e+02
7.337274549098196097e-01 3.802864222410535149e+02
7.359543086172344317e-01 3.782335217834660739e+02
7.381811623246492537e-01 3.763098255491782425e+02
7.404080160320640758e-01 3.745052432838613754e+02
7.426348697394788978e-01 3.728095651331649947e+02
7.448617234468937198e-01 3.712125812427389064e+02
7.470885771543085419e-01 3.697022865920247909e+02
7.493154308617233639e-01 3.682462766599294923e+02
7.515422845691381859e-01 3.667992054284006258e+02
7.537691382765530079e-01 3.653155208371155709e+02
7.559959919839678300e-01 3.637496708257516502e+02
7.582228456913826520e-01 3.620596943592702246e+02
7.604496993987974740e-01 3.602674007196195589e+02
7.626765531062122960e-01 3.584493903838591677e+02
7.649034068136272291e-01 3.566840460548986016e+02
7.671302605210420511e-01 3.550497504356483205e+02
7.693571142284568731e-01 3.536219986232928818e+02
7.715839679358716952e-01 3.523941536612209120e+02
7.738108216432865172e-01 3.512676311806614535e+02
7.760376753507013392e-01 3.501389882898066617e+02
7.782645290581161612e-01 3.489047820968485212e+02
7.804913827655309833e-01 3.474627719764383187e+02
7.827182364729458053e-01 3.457785918478431313e+02
7.849450901803606273e-01 3.439207013685846732e+02
7.871719438877754493e-01 3.419661330069989731e+02
7.893987975951902714e-01 3.399919192314220027e+02
7.916256513026050934e-01 3.380749652679281212e+02
7.938525050100199154e-01 3.362715986083658208e+02
7.960793587174347374e-01 3.345950380380431284e+02
7.983062124248496705e-01 3.330530805089255182e+02
8.005330661322644925e-01 3.316535229729786920e+02
8.027599198396793145e-01 3.304041395113532076e+02
8.049867735470941366e-01 3.292905350129871067e+02
8.072136272545089586e-01 3.282347520447903548e+02
8.094404809619237806e-01 3.271475129277605447e+02
8.116673346693386026e-01 3.259395399828955533e+02
8.138941883767534247e-01 3.245215555403881922e+02
8.161210420841682467e-01 3.228405167593170404e+02
8.183478957915830687e-01 3.209855761208713147e+02
8.205747494989978907e-01 3.190807618768519092e+02
8.228016032064127128e-01 3.172501022790592060e+02
8.250284569138275348e-01 3.156176255792938719e+02
8.272553106212423568e-01 3.142801387639231621e+02
8.294821643286571788e-01 3.131833545451519285e+02
8.317090180360721119e-01 3.122208617185057733e+02
8.339358717434869339e-01 3.112862000557365150e+02
8.361627254509017559e-01 3.102729093285952331e+02
8.383895791583165780e-01 3.090882918118256839e+02
8.406164328657314000e-01 3.077461760465405405e+02
8.428432865731462220e-01 3.063100864661515175e+02
8.450701402805610440e-01 3.048438268880272517e+02
8.472969939879758661e-01 3.034112011295366642e+02
8.495238476953906881e-01 3.020711365225517397e+02
8.517507014028055101e-01 3.008267199548383246e+02
8.539775551102203321e-01 2.996454111644839600e+02
8.562044088176351542e-01 2.984940937727188270e+02
8.584312625250499762e-01 2.973396514007735050e+02
8.606581162324647982e-01 2.961505746173943407e+02
8.628849699398796202e-01 2.949247042043427882e+02
8.651118236472945533e-01 2.936855385880077733e+02
8.673386773547093753e-01 2.924574404406542953e+02
8.695655310621241973e-01 2.912647724345465008e+02
8.717923847695390194e-01 2.901310174056957294e+02
8.740192384769538414e-01 2.890525040613836723e+02
8.762460921843686634e-01 2.879938966574093797e+02
8.784729458917834855e-01 2.869180708662623260e+02
8.806997995991983075e-01 2.857879023604317013e+02
8.829266533066131295e-01 2.845668945729851771e+02
8.851535070140279515e-01 2.832545242686479128e+02
8.873803607214427736e-01 2.819050749772142126e+02
8.896072144288575956e-01 2.805774352625424513e+02
8.918340681362724176e-01 2.793304936884917424e+02
8.940609218436872396e-01 2.782228965223372370e+02
8.962877755511020617e-01 2.772751334135247134e+02
8.985146292585168837e-01 2.764282823108729303e+02
9.007414829659318167e-01 2.756135103721667292e+02
9.029683366733466388e-01 2.747619847551908947e+02
9.051951903807614608e-01 2.738048984945281745e+02
9.074220440881762828e-01 2.726998608346747801e+02
9.096488977955911048e-01 2.714806902475073684e+02
9.118757515030059269e-01 2.701948664369350581e+02
9.141026052104207489e-01 2.688898691068658877e+02
9.163294589178355709e-01 2.676131779604013445e+02
9.185563126252503929e-01 2.664016062872144062e+02
9.207831663326652150e-01 2.652498419494895074e+02
9.230100200400800370e-01 2.641421748033691301e+02
9.252368737474948590e-01 2.630628947049955286e+02
9.274637274549096810e-01 2.619962915105111279e+02
9.296905811623245031e-01 2.609299848416080181e+02
9.319174348697393251e-01 2.598701970987136747e+02
9.341442885771542581e-01 2.588296080547115707e+02
9.363711422845690802e-01 2.578209038840142284e+02
9.385979959919839022e-01 2.568567707610340562e+02
9.408248496993987242e-01 2.559474175446730158e+02
9.430517034068135462e-01 2.550840243723510241e+02
9.452785571142283683e-01 2.542489526125659154e+02
9.475054108216431903e-01 2.534245154280915813e+02
9.497322645290580123e-01 2.525930259817021692e+02
9.519591182364728343e-01 2.517371723299292796e+02
9.541859719438876564e-01 2.508438989344280401e+02
9.564128256513024784e-01 2.499028487764373097e+02
9.586396793587173004e-01 2.489037077237523761e+02
9.608665330661321224e-01 2.478361616441685840e+02
9.630933867735469445e-01 2.466913302175789795e+02
9.653202404809617665e-01 2.454857689824477234e+02
9.675470941883766995e-01 2.442578739737823810e+02
9.697739478957915216e-01 2.430467507272424825e+02
9.720008016032063436e-01 2.418915047784871888e+02
9.742276553106211656e-01 2.408305629482763948e+02
9.764545090180359876e-01 2.398826189772298108e+02
9.786813627254508097e-01 2.390440286902412197e+02
9.809082164328656317e-01 2.383099457182557046e+02
9.831350701402804537e-01 2.376755236922183485e+02
9.853619238476952757e-01 2.371355122418745793e+02
9.875887775551100978e-01 2.366611595662361935e+02
9.898156312625249198e-01 2.361877051343172127e+02
9.920424849699397418e-01 2.356473392904627815e+02
9.942693386773545638e-01 2.349722523790180446e+02
9.964961923847693859e-01 2.340949566871064746e+02
9.987230460921842079e-01 2.329973492777307911e+02
1.000949899799599141e+00 2.317634347195434543e+02
1.003176753507013963e+00 2.304898625585542504e+02
1.005403607214428785e+00 2.292732823407728802e+02
1.007630460921843607e+00 2.282103133364284986e+02
1.009857314629258429e+00 2.273609942542791487e+02
1.012084168336673251e+00 2.266777739395649576e+02
1.014311022044088073e+00 2.260934204968534118e+02
1.016537875751502895e+00 2.255407020307119410e+02
1.018764729458917717e+00 2.249523866457081738e+02
1.020991583166332539e+00 2.242766936705209559e+02
1.023218436873747361e+00 2.235266554028209782e+02
1.025445290581162183e+00 2.227322956435976380e+02
1.027672144288577005e+00 2.219236382582460578e+02
1.029898997995991827e+00 2.211307071121617014e+02
1.032125851703406649e+00 2.203766133422799953e+02
1.034352705410821471e+00 2.196481716652505440e+02
1.036579559118236293e+00 2.189203252246491900e+02
1.038806412825651115e+00 2.181680104121251702e+02
1.041033266533065937e+00 2.173661636193278071e+02
1.043260120240480759e+00 2.164945511433336662e+02
1.045486973947895581e+00 2.155697557041985419e+02
1.047713827655310403e+00 2.146253100982566480e+02
1.049940681362725448e+00 2.136948371790431054e+02
1.052167535070140270e+00 2.128119598000934047e+02
1.054394388777555092e+00 2.120068345523717142e+02
1.056621242484969914e+00 2.112699608006603853e+02
1.058848096192384736e+00 2.105665523625669380e+02
1.061074949899799558e+00 2.098614148950121603e+02
1.063301803607214380e+00 2.091193540549164425e+02
1.065528657314629202e+00 2.083076874068240159e+02
1.067755511022044024e+00 2.074395638300704832e+02
1.069982364729458846e+00 2.065681720064437172e+02
1.072209218436873668e+00 2.057480475921287564e+02
1.074436072144288490e+00 2.050337262433104115e+02
1.076662925851703312e+00 2.044777129043139325e+02
1.078889779559118134e+00 2.040668191509785174e+02
1.081116633266532956e+00 2.037094789663107974e+02
1.083343486973947778e+00 2.033095339659516867e+02
1.085570340681362600e+00 2.027708257655416162e+02
1.087797194388777422e+00 2.019987419135162838e+02
1.090024048096192244e+00 2.009768709820078243e+02
1.092250901803607066e+00 1.998023115591901444e+02
1.094477755511021888e+00 1.985810787573599612e+02
1.096704609218436710e+00 1.974191876888139063e+02
1.098931462925851532e+00 1.964224628127346932e+02
1.101158316633266354e+00 1.956529016007397388e+02
1.103385170340681176e+00 1.950729883363199519e+02
1.105612024048095998e+00 1.946314703496141760e+02
1.107838877755510820e+00 1.942770949707616523e+02
1.110065731462925642e+00 1.939586095299012527e+02
1.112292585170340464e+00 1.936247613571719910e+02
1.114519438877755286e+00 1.932242977827129380e+02
1.116746292585170330e+00 1.927059661366630223e+02
1.118973146292585152e+00 1.920185137491614284e+02
1.121199999999999974e+00 1.911106879503470282e+02
