1.000000000000000021e-02 1.827825970493319255e+04
1.222685370741482917e-02 1.944420394774998204e+04
1.445370741482965987e-02 1.999631250414075475e+04
1.668056112224448884e-02 2.006432654115254991e+04
1.890741482965931780e-02 1.976018720795782428e+04
2.113426853707414677e-02 1.917998976982864406e+04
2.336112224448897573e-02 1.840700555175996487e+04
2.558797595190380469e-02 1.751290282988232866e+04
2.781482965931863366e-02 1.655809060707043318e+04
3.004168336673346262e-02 1.559074978118345643e+04
3.226853707414829159e-02 1.464844604135727059e+04
3.449539078156312055e-02 1.375890007869399778e+04
3.672224448897795646e-02 1.294010748959896955e+04
3.894909819639278542e-02 1.220259356344855041e+04
4.117595190380761438e-02 1.155020581283205865e+04
4.340280561122244335e-02 1.098170218787297199e+04
4.562965931863727231e-02 1.049206004145620682e+04
4.785651302605210128e-02 1.007323230360469097e+04
5.008336673346693024e-02 9.715150768748761038e+03
5.231022044088175921e-02 9.407432084555695837e+03
5.453707414829658817e-02 9.137675203125683765e+03
5.676392785571141714e-02 8.896290758454642855e+03
5.899078156312624610e-02 8.687817031410721029e+03
6.121763527054107507e-02 8.493159574112580231e+03
6.344448897795590403e-02 8.287001602623951840e+03
6.567134268537073993e-02 8.053221562280593389e+03
6.789819639278556196e-02 7.796210616055123864e+03
7.012505010020039786e-02 7.523134958906140128e+03
7.235190380761521989e-02 7.241160785792253591e+03
7.457875751503004191e-02 6.957453289002548445e+03
7.680561122244487782e-02 6.677689257052490575e+03
7.903246492985969984e-02 6.403070650798525094e+03
8.125931863727453575e-02 6.133961926467701232e+03
8.348617234468937165e-02 5.870727540287076408e+03
8.571302605210419367e-02 5.613731989022327070e+03
8.793987975951902958e-02 5.363988198863639809e+03
9.016673346693385160e-02 5.124800917308130010e+03
9.239358717434868751e-02 4.899980978730719471e+03
9.462044088176350953e-02 4.693339217506338173e+03
9.684729458917834544e-02 4.508686468009904274e+03
9.907414829659316746e-02 4.348840425783039791e+03
1.013010020040080034e-01 4.211974998578909435e+03
1.035278557114228254e-01 4.094907918201472512e+03
1.057547094188376613e-01 3.994456752955814409e+03
1.079815631262524833e-01 3.907439071147027789e+03
1.102084168336673192e-01 3.830735564593210256e+03
1.124352705410821412e-01 3.761600726554313951e+03
1.146621242484969772e-01 3.697426134243807610e+03
1.168889779559118131e-01 3.635603572845778217e+03
1.191158316633266351e-01 3.573524827544313666e+03
1.213426853707414710e-01 3.508792860835125794e+03
1.235695390781562930e-01 3.440787870686357564e+03
1.257963927855711428e-01 3.369779999118135038e+03
1.280232464929859648e-01 3.296046024862380364e+03
1.302501002004007868e-01 3.219862726651014327e+03
1.324769539078156089e-01 3.141519258155191437e+03
1.347038076152304586e-01 3.061477128514589367e+03
1.369306613226452807e-01 2.980324265446917252e+03
1.391575150300601027e-01 2.898651506636763770e+03
1.413843687374749525e-01 2.817049689768714870e+03
1.436112224448897745e-01 2.736113514984283483e+03
1.458380761523045965e-01 2.656513482045720139e+03
1.480649298597194186e-01 2.578989285524531169e+03
1.502917835671342683e-01 2.504283158044136144e+03
1.525186372745490904e-01 2.433137332227955994e+03
1.547454909819639124e-01 2.366286185115822263e+03
1.569723446893787622e-01 2.304223442164732205e+03
1.591991983967935842e-01 2.247163227095108596e+03
1.614260521042084062e-01 2.195303963014958754e+03
1.636529058116232282e-01 2.148844073032289543e+03
1.658797595190380780e-01 2.107973952371679388e+03
1.681066132264529001e-01 2.072347506775056900e+03
1.703334669338677221e-01 2.040753931589987815e+03
1.725603206412825441e-01 2.011904024158525772e+03
1.747871743486973939e-01 1.984508581822721908e+03
1.770140280561122159e-01 1.957280666568773540e+03
1.792408817635270379e-01 1.929343176197388630e+03
1.814677354709418600e-01 1.900701094254378631e+03
1.836945891783567097e-01 1.871473903890516794e+03
1.859214428857715318e-01 1.841781088256578641e+03
1.881482965931863538e-01 1.811742100208776037e+03
1.903751503006012036e-01 1.781438834671437235e+03
1.926020040080160256e-01 1.750842407813246837e+03
1.948288577154308476e-01 1.719903611480418022e+03
1.970557114228456697e-01 1.688573237519164422e+03
1.992825651302605194e-01 1.656802077775700127e+03
2.015094188376753415e-01 1.624617343252308046e+03
2.037362725450901635e-01 1.592359186591191929e+03
2.059631262525049855e-01 1.560447855057703237e+03
2.081899799599198353e-01 1.529303595954746015e+03
2.104168336673346573e-01 1.499346656585224082e+03
2.126436873747494793e-01 1.470936311595349025e+03
2.148705410821643014e-01 1.444097272910898255e+03
2.170973947895791512e-01 1.418740096611849140e+03
2.193242484969939732e-01 1.394775241242959510e+03
2.215511022044087952e-01 1.372113165348986740e+03
2.237779559118236450e-01 1.350665749426992761e+03
2.260048096192384670e-01 1.330355747060579461e+03
2.282316633266532890e-01 1.311110931340861725e+03
2.304585170340681111e-01 1.292859102342293909e+03
2.326853707414829608e-01 1.275528060139328318e+03
2.349122244488977829e-01 1.259037890602431844e+03
2.371390781563126049e-01 1.243217173573581931e+03
2.393659318637274269e-01 1.227834572789246295e+03
2.415927855711422767e-01 1.212657713094948349e+03
2.438196392785570987e-01 1.197454219336213555e+03
2.460464929859719208e-01 1.182002613809276454e+03
2.482733466933867428e-01 1.166281077551410363e+03
2.505002004008015648e-01 1.150442664122698943e+03
2.527270541082163868e-01 1.134646339970504641e+03
2.549539078156312089e-01 1.119051071542191266e+03
2.571807615230460309e-01 1.103812113487716715e+03
2.594076152304609084e-01 1.088969717989781884e+03
2.616344689378757304e-01 1.074429776731466745e+03
2.638613226452905525e-01 1.060090568594070191e+03
2.660881763527053745e-01 1.045850372458892934e+03
2.683150300601201965e-01 1.031608994771709604e+03
2.705418837675350741e-01 1.017357087481966232e+03
2.727687374749498961e-01 1.003225650216458916e+03
2.749955911823647181e-01 9.893577015851160468e+02
2.772224448897795401e-01 9.758962601978653311e+02
2.794492985971943622e-01 9.629838938369119887e+02
2.816761523046091842e-01 9.506915932210207529e+02
2.839030060120240062e-01 9.389410810294900784e+02
2.861298597194388282e-01 9.276354064595662976e+02
2.883567134268537058e-01 9.166776187084954017e+02
2.905835671342685278e-01 9.059707930954440371e+02
2.928104208416833498e-01 8.954423517734442157e+02
2.950372745490981718e-01 8.850891907965202563e+02
2.972641282565129939e-01 8.749205173142981948e+02
2.994909819639278159e-01 8.649455384764037262e+02
3.017178356713426379e-01 8.551734614325032453e+02
3.039446893787575155e-01 8.456144135919187192e+02
3.061715430861723375e-01 8.362821647499447408e+02
3.083983967935871595e-01 8.271913857364601199e+02
3.106252505010019815e-01 8.183567473813418474e+02
3.128521042084168036e-01 8.097929205144685056e+02
3.150789579158316256e-01 8.015032349680666357e+02
3.173058116232464476e-01 7.934275188735558686e+02
3.195326653306612696e-01 7.854835108695274357e+02
3.217595190380761472e-01 7.775889273025715056e+02
3.239863727454909692e-01 7.696614845192801795e+02
3.262132264529057912e-01 7.616313285976445968e+02
3.284400801603206133e-01 7.535243063607339309e+02
3.306669338677354353e-01 7.454107069274391506e+02
3.328937875751502573e-01 7.373610644683720921e+02
3.351206412825650793e-01 7.294459131541449324e+02
3.373474949899799569e-01 7.217316413789631042e+02
3.395743486973947789e-01 7.142358830080863754e+02
3.418012024048096009e-01 7.069445494628494089e+02
3.440280561122244229e-01 6.998430112893277055e+02
3.462549098196392450e-01 6.929166390335968799e+02
3.484817635270540670e-01 6.861508465338249607e+02
3.507086172344688890e-01 6.795318480632337241e+02
3.529354709418837110e-01 6.730465628651069210e+02
3.551623246492985886e-01 6.666819342852339787e+02
3.573891783567134106e-01 6.604249056694050068e+02
3.596160320641282326e-01 6.542626496128428926e+02
3.618428857715430547e-01 6.481890292466977144e+02
3.640697394789578767e-01 6.422054958565851166e+02
3.662965931863726987e-01 6.363139103936889569e+02
3.685234468937875207e-01 6.305161338091932066e+02
3.707503006012023983e-01 6.248139733668884901e+02
3.729771543086172203e-01 6.192062886647670439e+02
3.752040080160320423e-01 6.136875211456547277e+02
3.774308617234468644e-01 6.082517492825097634e+02
3.796577154308616864e-01 6.028930515482906003e+02
3.818845691382765084e-01 5.976055028829611047e+02
3.841114228456913304e-01 5.923826581143215435e+02
3.863382765531061525e-01 5.872170078352138489e+02
3.885651302605210300e-01 5.821009124599053166e+02
3.907919839679358520e-01 5.770267324026632423e+02
3.930188376753506740e-01 5.719868425728357124e+02
3.952456913827654961e-01 5.669840782836630524e+02
3.974725450901803181e-01 5.620501563468505992e+02
3.996993987975951401e-01 5.572217360421790318e+02
4.019262525050099621e-01 5.525354766494291425e+02
4.041531062124248397e-01 5.480280374283429410e+02
4.063799599198396617e-01 5.437175765079359735e+02
4.086068136272544837e-01 5.395505153689301778e+02
4.108336673346693058e-01 5.354558910281303952e+02
4.130605210420841278e-01 5.313627405023405572e+02
4.152873747494989498e-01 5.272001008083655051e+02
4.175142284569137718e-01 5.229154653867717570e+02
4.197410821643285939e-01 5.185575246282401167e+02
4.219679358717434714e-01 5.142094737440711469e+02
4.241947895791582934e-01 5.099545372405591479e+02
4.264216432865731155e-01 5.058759396239970556e+02
4.286484969939879375e-01 5.020421439286649274e+02
4.308753507014027595e-01 4.984054919348809563e+02
4.331022044088175815e-01 4.948633977376367739e+02
4.353290581162324036e-01 4.913129482273836857e+02
4.375559118236472811e-01 4.876512302945727129e+02
4.397827655310621031e-01 4.837865851222230731e+02
4.420096192384769251e-01 4.797523510403648856e+02
4.442364729458917472e-01 4.756598232334921477e+02
4.464633266533065692e-01 4.716214806330309557e+02
4.486901803607213912e-01 4.677498021704078042e+02
4.509170340681362132e-01 4.641508274714423123e+02
4.531438877755510353e-01 4.608233440406360160e+02
4.553707414829659128e-01 4.576776199106084277e+02
4.575975951903807348e-01 4.546212736682836066e+02
4.598244488977955569e-01 4.515619239005846453e+02
4.620513026052103789e-01 4.484098646024714299e+02
4.642781563126252009e-01 4.451525175693145115e+02
4.665050100200400229e-01 4.418642405859632163e+02
4.687318637274548450e-01 4.386240372993540291e+02
4.709587174348696670e-01 4.355109113564233212e+02
4.731855711422845445e-01 4.326025666275182289e+02
4.754124248496993665e-01 4.299042846298700056e+02
4.776392785571141886e-01 4.273121798820212689e+02
4.798661322645290106e-01 4.247133280218099003e+02
4.820929859719438326e-01 4.219948046870738381e+02
4.843198396793586546e-01 4.190442205067816985e+02
4.865466933867734767e-01 4.158223953266038393e+02
4.887735470941883542e-01 4.124371352428474893e+02
4.910004008016031762e-01 4.090138243510588154e+02
4.932272545090179983e-01 4.056778467467839846e+02
4.954541082164328203e-01 4.025545269374572399e+02
4.976809619238476423e-01 3.997241677671252660e+02
4.999078156312624643e-01 3.971419985648538500e+02
5.021346693386772309e-01 3.947417044586663906e+02
5.043615230460920529e-01 3.924569705765861727e+02
5.065883767535069859e-01 3.902214820680213734e+02
5.088152304609218080e-01 3.879796586281028112e+02
5.110420841683366300e-01 3.857172479411158292e+02
5.132689378757514520e-01 3.834299421259582914e+02
5.154957915831662740e-01 3.811134333015283460e+02
5.177226452905810961e-01 3.787634135867239138e+02
5.199494989979959181e-01 3.763789148105260551e+02
5.221763527054107401e-01 3.739771485614039648e+02
5.244032064128255621e-01 3.715814823940559677e+02
5.266300601202403842e-01 3.692152887729044437e+02
5.288569138276552062e-01 3.669019401623713748e+02
5.310837675350701392e-01 3.646610704453610765e+02
5.333106212424849613e-01 3.624826997233973316e+02
5.355374749498997833e-01 3.603427572549120441e+02
5.377643286573146053e-01 3.582170862974905958e+02
5.399911823647294273e-01 3.560815301087185389e+02
5.422180360721442494e-01 3.539144299379869381e+02
5.444448897795590714e-01 3.517220830934343780e+02
5.466717434869738934e-01 3.495283217284747366e+02
5.488985971943887154e-01 3.473572485243772121e+02
5.511254509018035375e-01 3.452329661624110599e+02
5.533523046092183595e-01 3.431782412380857181e+02
5.555791583166331815e-01 3.411929681434782538e+02
5.578060120240480035e-01 3.392578339541039441e+02
5.600328657314628256e-01 3.373529296513428903e+02
5.622597194388776476e-01 3.354583462165751371e+02
5.644865731462925806e-01 3.335546953789383906e+02
5.667134268537074027e-01 3.316377674551901578e+02
5.689402805611222247e-01 3.297205568155354740e+02
5.711671342685370467e-01 3.278169856645751565e+02
5.733939879759518687e-01 3.259409762069102499e+02
5.756208416833666908e-01 3.241062574153684750e+02
5.778476953907815128e-01 3.223152787708933715e+02
5.800745490981963348e-01 3.205531849730739964e+02
5.823014028056111568e-01 3.188036527990892068e+02
5.845282565130259789e-01 3.170503590261182012e+02
5.867551102204408009e-01 3.152770566953149114e+02
5.889819639278556229e-01 3.134786966072799146e+02
5.912088176352704449e-01 3.116731266191309828e+02
5.934356713426852670e-01 3.098809931503490134e+02
5.956625250501000890e-01 3.081229426204147899e+02
5.978893787575150220e-01 3.064196114659681598e+02
6.001162324649298441e-01 3.047828842887058727e+02
6.023430861723446661e-01 3.031998610982830655e+02
6.045699398797594881e-01 3.016532849945342605e+02
6.067967935871743101e-01 3.001258990772938091e+02
6.090236472945891322e-01 2.986004464509954346e+02
6.112505010020039542e-01 2.970636346658964726e+02
6.134773547094187762e-01 2.955175318958334856e+02
6.157042084168335982e-01 2.939679260533318939e+02
6.179310621242484203e-01 2.924206050509170609e+02
6.201579158316632423e-01 2.908813568011143502e+02
6.223847695390780643e-01 2.893557316580329939e+02
6.246116232464928864e-01 2.878479784050859962e+02
6.268384769539077084e-01 2.863619023479495809e+02
6.290653306613225304e-01 2.849013084181643762e+02
6.312921843687374635e-01 2.834700015472708401e+02
6.335190380761522855e-01 2.820708846326362504e+02
6.357458917835671075e-01 2.806999739176482649e+02
6.379727454909819295e-01 2.793501107644315766e+02
6.401995991983967516e-01 2.780141195674700612e+02
6.424264529058115736e-01 2.766848247212476508e+02
6.446533066132263956e-01 2.753554928379145963e+02
6.468801603206412176e-01 2.740243774448667295e+02
6.491070140280560397e-01 2.726928778486746978e+02
6.513338677354708617e-01 2.713624426612308866e+02
6.535607214428856837e-01 2.700345204944276247e+02
6.557875751503005057e-01 2.687106149304659084e+02
6.580144288577153278e-01 2.673931613604116819e+02
6.602412825651301498e-01 2.660853728417075104e+02
6.624681362725449718e-01 2.647904862572523825e+02
6.646949899799599049e-01 2.635117384899454578e+02
6.669218436873747269e-01 2.622521861553037752e+02
6.691486973947895489e-01 2.610098140983732833e+02
6.713755511022043709e-01 2.597769607006164279e+02
6.736024048096191930e-01 2.585456687221925449e+02
6.758292585170340150e-01 2.573079809232605157e+02
6.780561122244488370e-01 2.560560592846634336e+02
6.802829659318636590e-01 2.547889093533353559e+02
6.825098196392784811e-01 2.535159698716313699e+02
6.847366733466933031e-01 2.522475569904423480e+02
6.869635270541081251e-01 2.509939868606590494e+02
6.891903807615229471e-01 2.497655594753707078e+02
6.914172344689377692e-01 2.485701469575703868e+02
6.936440881763525912e-01 2.474106276764703125e+02
6.958709418837674132e-01 2.462892653761973918e+02
6.980977955911823463e-01 2.452083238008784463e+02
7.003246492985971683e-01 2.441700573762834097e+02
7.025515030060119903e-01 2.431697172455910163e+02
7.047783567134268123e-01 2.421831126123940692e+02
7.070052104208416344e-01 2.411827062657436045e+02
7.092320641282564564e-01 2.401409609946904311e+02
7.114589178356712784e-01 2.390303395955197630e+02
7.136857715430861004e-01 2.378354072579058425e+02
7.159126252505009225e-01 2.365879206752007917e+02
7.181394789579157445e-01 2.353311375233690228e+02
7.203663326653305665e-01 2.341083154783749478e+02
7.225931863727453885e-01 2.329627122161828368e+02
7.248200400801602106e-01 2.319278970443054106e+02
7.270468937875750326e-01 2.309847396179258681e+02
7.292737474949898546e-01 2.300962772963319480e+02
7.315006012024047877e-01 2.292255333088174041e+02
7.337274549098196097e-01 2.283355308846759897e+02
7.359543086172344317e-01 2.273943936440392122e+02
7.381811623246492537e-01 2.264094530948894430e+02
7.404080160320640758e-01 2.254062237687887205e+02
7.426348697394788978e-01 2.244103198789520377e+02
7.448617234468937198e-01 2.234473556385947290e+02
7.470885771543085419e-01 2.225400656697894703e+02
7.493154308617233639e-01 2.216784621532014512e+02
7.515422845691381859e-01 2.208317980663351534e+02
7.537691382765530079e-01 2.199689958783035024e+02
7.559959919839678300e-01 2.190589780582194805e+02
7.582228456913826520e-01 2.180727551717031929e+02
7.604496993987974740e-01 2.170184187196616676e+02
7.626765531062122960e-01 2.159359199906929234e+02
7.649034068136272291e-01 2.148662465956926440e+02
7.671302605210420511e-01 2.138503861455569108e+02
7.693571142284568731e-01 2.129281144269298807e+02
7.715839679358716952e-01 2.121047393578852223e+02
7.738108216432865172e-01 2.113469818350930893e+02
7.760376753507013392e-01 2.106195238078731506e+02
7.782645290581161612e-01 2.098870472255448760e+02
7.804913827655309833e-01 2.091146016180363176e+02
7.827182364729458053e-01 2.082879884594150894e+02
7.849450901803606273e-01 2.074244471359799604e+02
7.871719438877754493e-01 2.065438380827917513e+02
7.893987975951902714e-01 2.056660217349113964e+02
7.916256513026050934e-01 2.048107999079817318e+02
7.938525050100199154e-01 2.039884944320759814e+02
7.960793587174347374e-01 2.031895673261024058e+02
7.983062124248496705e-01 2.024019828168760000e+02
8.005330661322644925e-01 2.016137051312118160e+02
8.027599198396793145e-01 2.008127041653123399e+02
8.049867735470941366e-01 1.999924452795623608e+02
8.072136272545089586e-01 1.991621501352834684e+02
8.094404809619237806e-01 1.983338465405142870e+02
8.116673346693386026e-01 1.975195623032932986e+02
8.138941883767534247e-01 1.967313252303992499e+02
8.161210420841682467e-01 1.959761993559748134e+02
8.183478957915830687e-01 1.952417695205070913e+02
8.205747494989978907e-01 1.945108429678683422e+02
8.228016032064127128e-01 1.937662269419305119e+02
8.250284569138275348e-01 1.929907286865658023e+02
8.272553106212423568e-01 1.921725137092197997e+02
8.294821643286571788e-01 1.913294890790368186e+02
8.317090180360721119e-01 1.904898219937626038e+02
8.339358717434869339e-01 1.896816893010365845e+02
8.361627254509017559e-01 1.889332678484977635e+02
8.383895791583165780e-01 1.882675386578952441e+02
8.406164328657314000e-01 1.876672653622433700e+02
8.428432865731462220e-01 1.870964496583021059e+02
8.450701402805610440e-01 1.865189877656225406e+02
8.472969939879758661e-01 1.858987759037559329e+02
8.495238476953906881e-01 1.852030238298270035e+02
8.517507014028055101e-01 1.844368844897144015e+02
8.539775551102203321e-01 1.836297192267523712e+02
8.562044088176351542e-01 1.828112808516245877e+02
8.584312625250499762e-01 1.820113221750149251e+02
8.606581162324647982e-01 1.812584121992367159e+02
8.628849699398796202e-01 1.805594981701373740e+02
8.651118236472945533e-01 1.799026258236045805e+02
8.673386773547093753e-01 1.792752042216515065e+02
8.695655310621241973e-01 1.786646424262912376e+02
8.717923847695390194e-01 1.780585753677475509e+02
8.740192384769538414e-01 1.774516088807109782e+02
8.762460921843686634e-01 1.768464775772113740e+02
8.784729458917834855e-01 1.762463752275710931e+02
8.806997995991983075e-01 1.756544956021124335e+02
8.829266533066131295e-01 1.750739391737343169e+02
8.851535070140279515e-01 1.745024600790534919e+02
8.873803607214427736e-01 1.739296671041422542e+02
8.896072144288575956e-01 1.733444846375047064e+02
8.918340681362724176e-01 1.727358370676453205e+02
8.940609218436872396e-01 1.720927053483729594e+02
8.962877755511020617e-01 1.714129782797480175e+02
8.985146292585168837e-01 1.707130837059071098e+02
9.007414829659318167e-01 1.700117631928990534e+02
9.029683366733466388e-01 1.693277583067725232e+02
9.051951903807614608e-01 1.686798034105169108e+02
9.074220440881762828e-01 1.680792796571567465e+02
9.096488977955911048e-01 1.675163546171461633e+02
9.118757515030059269e-01 1.669773931236114493e+02
9.141026052104207489e-01 1.664487600096786082e+02
9.163294589178355709e-01 1.659168201087468333e+02
9.185563126252503929e-01 1.653715467583496377e+02
9.207831663326652150e-01 1.648171645511659449e+02
9.230100200400800370e-01 1.642614157803692763e+02
9.252368737474948590e-01 1.637120427391330679e+02
9.274637274549096810e-01 1.631767877206307276e+02
9.296905811623245031e-01 1.626615452318075370e+02
9.319174348697393251e-01 1.621618865427789160e+02
9.341442885771542581e-01 1.616697995350654082e+02
9.363711422845690802e-01 1.611772685377881373e+02
9.385979959919839022e-01 1.606762778800680849e+02
9.408248496993987242e-01 1.601595769265494766e+02
9.430517034068135462e-01 1.596257914221078238e+02
9.452785571142283683e-01 1.590762704916111829e+02
9.475054108216431903e-01 1.585123781466427033e+02
9.497322645290580123e-01 1.579354783987855910e+02
9.519591182364728343e-01 1.573472732717569897e+02
9.541859719438876564e-01 1.567533024540807389e+02
9.564128256513024784e-01 1.561615386765628841e+02
9.586396793587173004e-01 1.555799933374350701e+02
9.608665330661321224e-01 1.550166778349289132e+02
9.630933867735469445e-01 1.544791757866703392e+02
9.653202404809617665e-01 1.539674819728055297e+02
9.675470941883766995e-01 1.534750750191981865e+02
9.697739478957915216e-01 1.529952218708239684e+02
9.720008016032063436e-01 1.525211894726583637e+02
9.742276553106211656e-01 1.520463202235154370e+02
9.764545090180359876e-01 1.515661502807973591e+02
9.786813627254508097e-01 1.510786991443000886e+02
9.809082164328656317e-01 1.505821199636745860e+02
9.831350701402804537e-01 1.500745658885718399e+02
9.853619238476952757e-01 1.495542618192531279e+02
9.875887775551100978e-01 1.490236065099216489e+02
9.898156312625249198e-01 1.484913938649886234e+02
9.920424849699397418e-01 1.479669593133862406e+02
9.942693386773545638e-01 1.474596382840465765e+02
9.964961923847693859e-01 1.469787256516221419e+02
9.987230460921842079e-01 1.465272954212822469e+02
1.000949899799599141e+00 1.460955593860141164e+02
1.003176753507013963e+00 1.456721364844817401e+02
1.005403607214428785e+00 1.452456456553491932e+02
1.007630460921843607e+00 1.448047100430367493e+02
1.009857314629258429e+00 1.443430343760889514e+02
1.012084168336673251e+00 1.438692692154921247e+02
1.014311022044088073e+00 1.433947990698632111e+02
1.016537875751502895e+00 1.429310084478190106e+02
1.018764729458917717e+00 1.424892818579764366e+02
1.020991583166332539e+00 1.420774853390481951e+02
1.023218436873747361e+00 1.416887260679800136e+02
1.025445290581162183e+00 1.413122420076915091e+02
1.027672144288577005e+00 1.409372711064360999e+02
1.029898997995991827e+00 1.405530513124673746e+02
1.032125851703406649e+00 1.401509439497367282e+02
1.034352705410821471e+00 1.397334594763199789e+02
1.036579559118236293e+00 1.393067549291958755e+02
1.038806412825651115e+00 1.388769894193254402e+02
1.041033266533065937e+00 1.384503220576697231e+02
1.043260120240480759e+00 1.380319986827597631e+02
1.045486973947895581e+00 1.376203036253738787e+02
1.047713827655310403e+00 1.372103161768574751e+02
1.049940681362725448e+00 1.367970985999081392e+02
1.052167535070140270e+00 1.363757131572235721e+02
1.054394388777555092e+00 1.359417176769956654e+02
1.056621242484969914e+00 1.354963397116497106e+02
1.058848096192384736e+00 1.350444218440447628e+02
1.061074949899799558e+00 1.345908650110592930e+02
1.063301803607214380e+00 1.341405701495715448e+02
1.065528657314629202e+00 1.336983288834989310e+02
1.067755511022044024e+00 1.332669383538905663e+02
1.069982364729458846e+00 1.328474532534191326e+02
1.072209218436873668e+00 1.324408696572516533e+02
1.074436072144288490e+00 1.320481836405550951e+02
1.076662925851703312e+00 1.316702629498919350e+02
1.078889779559118134e+00 1.313038239115919623e+02
1.081116633266532956e+00 1.309406298661330652e+02
1.083343486973947778e+00 1.305721539443840129e+02
1.085570340681362600e+00 1.301898692772133472e+02
1.087797194388777422e+00 1.297854095841166213e+02
1.090024048096192244e+00 1.293585319616549612e+02
1.092250901803607066e+00 1.289207847159858318e+02
1.094477755511021888e+00 1.284846423852281134e+02
1.096704609218436710e+00 1.280625795075006295e+02
1.098931462925851532e+00 1.276670441813810584e+02
1.101158316633266354e+00 1.273044066322891439e+02
1.103385170340681176e+00 1.269672367181413222e+02
1.105612024048095998e+00 1.266461992729248607e+02
1.107838877755510820e+00 1.263319591306271548e+02
1.110065731462925642e+00 1.260151811252355571e+02
1.112292585170340464e+00 1.256865300907374206e+02
1.114519438877755286e+00 1.253366708611200977e+02
1.116746292585170330e+00 1.249562682703708703e+02
1.118973146292585152e+00 1.245359871524772757e+02
1.121199999999999974e+00 1.240664923414265388e+02
