1.000000000000000021e-02 2.636343222396874626e+04
1.222685370741482917e-02 2.805650156732149480e+04
1.445370741482965987e-02 2.886511890599990147e+04
1.668056112224448884e-02 2.897546603492075155e+04
1.890741482965931780e-02 2.854797095934805111e+04
2.113426853707414677e-02 2.772042551332660878e+04
2.336112224448897573e-02 2.661311399596860065e+04
2.558797595190380469e-02 2.532920828212754714e+04
2.781482965931863366e-02 2.395526041793225522e+04
3.004168336673346262e-02 2.256130150869530917e+04
3.226853707414829159e-02 2.120197812770246310e+04
3.449539078156312055e-02 1.991723307177045717e+04
3.672224448897795646e-02 1.873370774037671799e+04
3.894909819639278542e-02 1.766694668224541238e+04
4.117595190380761438e-02 1.672285739505177116e+04
4.340280561122244335e-02 1.590008080576580505e+04
4.562965931863727231e-02 1.519145121055898744e+04
4.785651302605210128e-02 1.458559436927300521e+04
5.008336673346693024e-02 1.406826267152008586e+04
5.231022044088175921e-02 1.362404721316217001e+04
5.453707414829658817e-02 1.323547106583232198e+04
5.676392785571141714e-02 1.288792697533432511e+04
5.899078156312624610e-02 1.258040332683427914e+04
6.121763527054107507e-02 1.228906919511120032e+04
6.344448897795590403e-02 1.198409773782858065e+04
6.567134268537073993e-02 1.164654698072410247e+04
6.789819639278556196e-02 1.128175691344468578e+04
7.012505010020039786e-02 1.089835247440529020e+04
7.235190380761521989e-02 1.050495860202088443e+04
7.457875751503004191e-02 1.011019890511580343e+04
7.680561122244487782e-02 9.720723293612505586e+03
7.903246492985969984e-02 9.337247828975694574e+03
8.125931863727453575e-02 8.959377999049771461e+03
8.348617234468937165e-02 8.586719291679148228e+03
8.571302605210419367e-02 8.218877286878538143e+03
8.793987975951902958e-02 7.856931860908477574e+03
9.016673346693385160e-02 7.507173670757810214e+03
9.239358717434868751e-02 7.177044033696683982e+03
9.462044088176350953e-02 6.873984266995260441e+03
9.684729458917834544e-02 6.605435687923680234e+03
9.907414829659316746e-02 6.376887212488634759e+03
1.013010020040080034e-01 6.184698582767250628e+03
1.035278557114228254e-01 6.022563448697342210e+03
1.057547094188376613e-01 5.884175138796006649e+03
1.079815631262524833e-01 5.763226981580350184e+03
1.102084168336673192e-01 5.653867278662824901e+03
1.124352705410821412e-01 5.552938566988227649e+03
1.146621242484969772e-01 5.458271438628238684e+03
1.168889779559118131e-01 5.367697984636954061e+03
1.191158316633266351e-01 5.279050296068464377e+03
1.213426853707414710e-01 5.190245545400453011e+03
1.235695390781562930e-01 5.099916937163840885e+03
1.257963927855711428e-01 5.007056226276765301e+03
1.280232464929859648e-01 4.910657841528358404e+03
1.302501002004007868e-01 4.809716211707747789e+03
1.324769539078156089e-01 4.703302611745943068e+03
1.347038076152304586e-01 4.591558612963771338e+03
1.369306613226452807e-01 4.475410823262705890e+03
1.391575150300601027e-01 4.355803920914005175e+03
1.413843687374749525e-01 4.233682584188927649e+03
1.436112224448897745e-01 4.110023909106952487e+03
1.458380761523045965e-01 3.986441180795125547e+03
1.480649298597194186e-01 3.865128439053356942e+03
1.502917835671342683e-01 3.748301025648054747e+03
1.525186372745490904e-01 3.638174282345634310e+03
1.547454909819639124e-01 3.536922612806929010e+03
1.569723446893787622e-01 3.445466303822546706e+03
1.591991983967935842e-01 3.363268542875196999e+03
1.614260521042084062e-01 3.289710696240891139e+03
1.636529058116232282e-01 3.224174130195646740e+03
1.658797595190380780e-01 3.166037334307111905e+03
1.681066132264529001e-01 3.114486552727702929e+03
1.703334669338677221e-01 3.068398169651346052e+03
1.725603206412825441e-01 3.026620476163700005e+03
1.747871743486973939e-01 2.988001763350418514e+03
1.770140280561122159e-01 2.951390818194050098e+03
1.792408817635270379e-01 2.915726170830228511e+03
1.814677354709418600e-01 2.880139504733699596e+03
1.836945891783567097e-01 2.843787575750174256e+03
1.859214428857715318e-01 2.805827139725366578e+03
1.881482965931863538e-01 2.765415223516947208e+03
1.903751503006012036e-01 2.722044843286591913e+03
1.926020040080160256e-01 2.676200030279613657e+03
1.948288577154308476e-01 2.628546634990107123e+03
1.970557114228456697e-01 2.579750507912164267e+03
1.992825651302605194e-01 2.530477499539879773e+03
2.015094188376753415e-01 2.481344785065102769e+03
2.037362725450901635e-01 2.432770211007499711e+03
2.059631262525049855e-01 2.385120607489924623e+03
2.081899799599198353e-01 2.338762804611315914e+03
2.104168336673346573e-01 2.294063632470611537e+03
2.126436873747494793e-01 2.251338148960811395e+03
2.148705410821643014e-01 2.210617332995906054e+03
2.170973947895791512e-01 2.171835233156220511e+03
2.193242484969939732e-01 2.134925815204409901e+03
2.215511022044087952e-01 2.099823044903127084e+03
2.237779559118236450e-01 2.066472283786276876e+03
2.260048096192384670e-01 2.034906032180378133e+03
2.282316633266532890e-01 2.005197017611718366e+03
2.304585170340681111e-01 1.977418183855710367e+03
2.326853707414829608e-01 1.951642474687767390e+03
2.349122244488977829e-01 1.927913716311446706e+03
2.371390781563126049e-01 1.905930341761504224e+03
2.393659318637274269e-01 1.885164628333172914e+03
2.415927855711422767e-01 1.865084931986214542e+03
2.438196392785570987e-01 1.845159608680391557e+03
2.460464929859719208e-01 1.824874301421156588e+03
2.482733466933867428e-01 1.804031379563083192e+03
2.505002004008015648e-01 1.782710619477459659e+03
2.527270541082163868e-01 1.761001177376349688e+03
2.549539078156312089e-01 1.738992209471818569e+03
2.571807615230460309e-01 1.716772281357997826e+03
2.594076152304609084e-01 1.694411659537733613e+03
2.616344689378757304e-01 1.671959231189536695e+03
2.638613226452905525e-01 1.649462672149600621e+03
2.660881763527053745e-01 1.626969658254120986e+03
2.683150300601201965e-01 1.604528697493755999e+03
2.705418837675350741e-01 1.582237786762998439e+03
2.727687374749498961e-01 1.560271378613768547e+03
2.749955911823647181e-01 1.538810473046967218e+03
2.772224448897795401e-01 1.518036070063495345e+03
2.794492985971943622e-01 1.498128675302104739e+03
2.816761523046091842e-01 1.479190305459767842e+03
2.839030060120240062e-01 1.461159295043991960e+03
2.861298597194388282e-01 1.443953501865210910e+03
2.883567134268537058e-01 1.427490783733856688e+03
2.905835671342685278e-01 1.411688994153967315e+03
2.928104208416833498e-01 1.396461972871294620e+03
2.950372745490981718e-01 1.381712106337610294e+03
2.972641282565129939e-01 1.367339751428181899e+03
2.994909819639278159e-01 1.353245265018273585e+03
3.017178356713426379e-01 1.339329003984661540e+03
3.039446893787575155e-01 1.325526279794466291e+03
3.061715430861723375e-01 1.311910754116991939e+03
3.083983967935871595e-01 1.298590312978243219e+03
3.106252505010019815e-01 1.285672842404223275e+03
3.128521042084168036e-01 1.273266228420936841e+03
3.150789579158316256e-01 1.261432732006880087e+03
3.173058116232464476e-01 1.249979145600186939e+03
3.195326653306612696e-01 1.238623395192606949e+03
3.217595190380761472e-01 1.227083317094751237e+03
3.239863727454909692e-01 1.215076747617232286e+03
3.262132264529057912e-01 1.202370534260392333e+03
3.284400801603206133e-01 1.189108878404790175e+03
3.306669338677354353e-01 1.175611220116545610e+03
3.328937875751502573e-01 1.162197965715674172e+03
3.351206412825650793e-01 1.149189521522190262e+03
3.373474949899799569e-01 1.136884522207171358e+03
3.395743486973947789e-01 1.125325566808228359e+03
3.418012024048096009e-01 1.114388663151845094e+03
3.440280561122244229e-01 1.103946978644490628e+03
3.462549098196392450e-01 1.093873680692635617e+03
3.484817635270540670e-01 1.084044751048518719e+03
3.507086172344688890e-01 1.074388206394420422e+03
3.529354709418837110e-01 1.064877892324859431e+03
3.551623246492985886e-01 1.055489221297534868e+03
3.573891783567134106e-01 1.046197605770146765e+03
3.596160320641282326e-01 1.036979611339835856e+03
3.618428857715430547e-01 1.027845457431112891e+03
3.640697394789578767e-01 1.018843532375023869e+03
3.662965931863726987e-01 1.010024285146851980e+03
3.685234468937875207e-01 1.001438164721880980e+03
3.707503006012023983e-01 9.931344254056449472e+02
3.729771543086172203e-01 9.850967290622586461e+02
3.752040080160320423e-01 9.772104232951338645e+02
3.774308617234468644e-01 9.693527787812492988e+02
3.796577154308616864e-01 9.614010661975836456e+02
3.818845691382765084e-01 9.532331219008876815e+02
3.841114228456913304e-01 9.448100591901181815e+02
3.863382765531061525e-01 9.362633896729228127e+02
3.885651302605210300e-01 9.277454682949883136e+02
3.907919839679358520e-01 9.194086500020026733e+02
3.930188376753506740e-01 9.114052141181043680e+02
3.952456913827654961e-01 9.038328675285938516e+02
3.974725450901803181e-01 8.966386409283617240e+02
3.996993987975951401e-01 8.897437799145566260e+02
4.019262525050099621e-01 8.830695300843273117e+02
4.041531062124248397e-01 8.765371370488186358e+02
4.063799599198396617e-01 8.700807689760985113e+02
4.086068136272544837e-01 8.636847002106909486e+02
4.108336673346693058e-01 8.573453476914224893e+02
4.130605210420841278e-01 8.510591283571178565e+02
4.152873747494989498e-01 8.448224591466037054e+02
4.175142284569137718e-01 8.386308378164370652e+02
4.197410821643285939e-01 8.324747222279440848e+02
4.219679358717434714e-01 8.263428518044851216e+02
4.241947895791582934e-01 8.202239645104477859e+02
4.264216432865731155e-01 8.141067983102198014e+02
4.286484969939879375e-01 8.079812214746949621e+02
4.308753507014027595e-01 8.018459938411891699e+02
4.331022044088175815e-01 7.957040811365159243e+02
4.353290581162324036e-01 7.895584741419968395e+02
4.375559118236472811e-01 7.834121636389537571e+02
4.397827655310621031e-01 7.772715481864748881e+02
4.420096192384769251e-01 7.711808752351599878e+02
4.442364729458917472e-01 7.652079974185897981e+02
4.464633266533065692e-01 7.594211258065988659e+02
4.486901803607213912e-01 7.538884714690226474e+02
4.509170340681362132e-01 7.486729188123458698e+02
4.531438877755510353e-01 7.437486321265173501e+02
4.553707414829659128e-01 7.390165514354802099e+02
4.575975951903807348e-01 7.343754251129981867e+02
4.598244488977955569e-01 7.297240015328349045e+02
4.620513026052103789e-01 7.249636529908807461e+02
4.642781563126252009e-01 7.200713953257391040e+02
4.665050100200400229e-01 7.151095073576948380e+02
4.687318637274548450e-01 7.101448243635281870e+02
4.709587174348696670e-01 7.052441816200200719e+02
4.731855711422845445e-01 7.004735271297278132e+02
4.754124248496993665e-01 6.958493707935716657e+02
4.776392785571141886e-01 6.913137011948908821e+02
4.798661322645290106e-01 6.868023366521305206e+02
4.820929859719438326e-01 6.822510954837357531e+02
4.843198396793586546e-01 6.775961942681414030e+02
4.865466933867734767e-01 6.728283482477746702e+02
4.887735470941883542e-01 6.680476926895605629e+02
4.910004008016031762e-01 6.633674483367806261e+02
4.932272545090179983e-01 6.589008359327158360e+02
4.954541082164328203e-01 6.547609972686968831e+02
4.976809619238476423e-01 6.510014221681267372e+02
4.999078156312624643e-01 6.475098828699633486e+02
5.021346693386772309e-01 6.441456063775403891e+02
5.043615230460920529e-01 6.407678196941910755e+02
5.065883767535069859e-01 6.372357499036354511e+02
5.088152304609218080e-01 6.334489760284403701e+02
5.110420841683366300e-01 6.294624320110845019e+02
5.132689378757514520e-01 6.253684336477106172e+02
5.154957915831662740e-01 6.212592967344611452e+02
5.177226452905810961e-01 6.172273370674790840e+02
5.199494989979959181e-01 6.133501776475866336e+02
5.221763527054107401e-01 6.096254610346404661e+02
5.244032064128255621e-01 6.060237470928274206e+02
5.266300601202403842e-01 6.025155740863856408e+02
5.288569138276552062e-01 5.990714802795533842e+02
5.310837675350701392e-01 5.956652381003078744e+02
5.333106212424849613e-01 5.922962382004045594e+02
5.355374749498997833e-01 5.889760609066307779e+02
5.377643286573146053e-01 5.857163609431943314e+02
5.399911823647294273e-01 5.825287930343033622e+02
5.422180360721442494e-01 5.794234589477031250e+02
5.444448897795590714e-01 5.763930806735097576e+02
5.466717434869738934e-01 5.734194791047156059e+02
5.488985971943887154e-01 5.704843069520231893e+02
5.511254509018035375e-01 5.675692169261343452e+02
5.533523046092183595e-01 5.646557948353510028e+02
5.555791583166331815e-01 5.617244811982317287e+02
5.578060120240480035e-01 5.587547547570586630e+02
5.600328657314628256e-01 5.557260644056342471e+02
5.622597194388776476e-01 5.526178590377613773e+02
5.644865731462925806e-01 5.494107433760390222e+02
5.667134268537074027e-01 5.461190118678786121e+02
5.689402805611222247e-01 5.427951443202806558e+02
5.711671342685370467e-01 5.394936799206209344e+02
5.733939879759518687e-01 5.362691578562756831e+02
5.756208416833666908e-01 5.331756758621467043e+02
5.778476953907815128e-01 5.302415628282067246e+02
5.800745490981963348e-01 5.274556135739367164e+02
5.823014028056111568e-01 5.248032693400098196e+02
5.845282565130259789e-01 5.222699713670990604e+02
5.867551102204408009e-01 5.198410693628378567e+02
5.889819639278556229e-01 5.174884733347248584e+02
5.912088176352704449e-01 5.151566119378492203e+02
5.934356713426852670e-01 5.127865549554516065e+02
5.956625250501000890e-01 5.103193721707722261e+02
5.978893787575150220e-01 5.076961745873390441e+02
6.001162324649298441e-01 5.048942105317007076e+02
6.023430861723446661e-01 5.019930667330717142e+02
6.045699398797594881e-01 4.990903200974236142e+02
6.067967935871743101e-01 4.962835475307272191e+02
6.090236472945891322e-01 4.936703258991341272e+02
6.112505010020039542e-01 4.913139085206890968e+02
6.134773547094187762e-01 4.891445588516058365e+02
6.157042084168335982e-01 4.870603354358584056e+02
6.179310621242484203e-01 4.849592968174214889e+02
6.201579158316632423e-01 4.827395015402692593e+02
6.223847695390780643e-01 4.803223191386027224e+02
6.246116232464928864e-01 4.777568388976484357e+02
6.268384769539077084e-01 4.751356674208556683e+02
6.290653306613225304e-01 4.725514480246068274e+02
6.312921843687374635e-01 4.700968240252842065e+02
6.335190380761522855e-01 4.678507870523169458e+02
6.357458917835671075e-01 4.657881038099192779e+02
6.379727454909819295e-01 4.638354912871290026e+02
6.401995991983967516e-01 4.619194096790344020e+02
6.424264529058115736e-01 4.599663191807233034e+02
6.446533066132263956e-01 4.579090069881034424e+02
6.468801603206412176e-01 4.557516102662239064e+02
6.491070140280560397e-01 4.535432742133625652e+02
6.513338677354708617e-01 4.513338494605146138e+02
6.535607214428856837e-01 4.491731866386754177e+02
6.557875751503005057e-01 4.471086453934625524e+02
6.580144288577153278e-01 4.451453603525595213e+02
6.602412825651301498e-01 4.432532261090221937e+02
6.624681362725449718e-01 4.414010576028003356e+02
6.646949899799599049e-01 4.395576697738432586e+02
6.669218436873747269e-01 4.376925506788256826e+02
6.691486973947895489e-01 4.357941263180884448e+02
6.713755511022043709e-01 4.338719065343639727e+02
6.736024048096191930e-01 4.319365050175766783e+02
6.758292585170340150e-01 4.299985354576502914e+02
6.780561122244488370e-01 4.280684836610460025e+02
6.802829659318636590e-01 4.261494946028627169e+02
6.825098196392784811e-01 4.242335219688750954e+02
6.847366733466933031e-01 4.223115782823102791e+02
6.869635270541081251e-01 4.203746760663948976e+02
6.891903807615229471e-01 4.184139088257399521e+02
6.914172344689377692e-01 4.164325383215664260e+02
6.936440881763525912e-01 4.144588545394544212e+02
6.958709418837674132e-01 4.125242279081125503e+02
6.980977955911823463e-01 4.106600288562494256e+02
7.003246492985971683e-01 4.088976055109128538e+02
7.025515030060119903e-01 4.072515450151207119e+02
7.047783567134268123e-01 4.056899040406916583e+02
7.070052104208416344e-01 4.041727302722351851e+02
7.092320641282564564e-01 4.026600713943607843e+02
7.114589178356712784e-01 4.011119750983218637e+02
7.136857715430861004e-01 3.994996042728736256e+02
7.159126252505009225e-01 3.978374638852259295e+02
7.181394789579157445e-01 3.961506217465720283e+02
7.203663326653305665e-01 3.944641456681054592e+02
7.225931863727453885e-01 3.928031034610191909e+02
7.248200400801602106e-01 3.911872253758949682e+02
7.270468937875750326e-01 3.896072081279028794e+02
7.292737474949898546e-01 3.880439241815491300e+02
7.315006012024047877e-01 3.864782382167791184e+02
7.337274549098196097e-01 3.848910149135379584e+02
7.359543086172344317e-01 3.832670425659873672e+02
7.381811623246492537e-01 3.816212712011965777e+02
7.404080160320640758e-01 3.799826386311095234e+02
7.426348697394788978e-01 3.783801593504904304e+02
7.448617234468937198e-01 3.768428478541031268e+02
7.470885771543085419e-01 3.753960950755186445e+02
7.493154308617233639e-01 3.740241153496300512e+02
7.515422845691381859e-01 3.726850004684928308e+02
7.537691382765530079e-01 3.713364263257512903e+02
7.559959919839678300e-01 3.699360688150495093e+02
7.582228456913826520e-01 3.684444876812557936e+02
7.604496993987974740e-01 3.668734548140089942e+02
7.626765531062122960e-01 3.652787433679368405e+02
7.649034068136272291e-01 3.637175577530309738e+02
7.671302605210420511e-01 3.622471023792837173e+02
7.693571142284568731e-01 3.609226883818400324e+02
7.715839679358716952e-01 3.597457765553307354e+02
7.738108216432865172e-01 3.586575418592544793e+02
7.760376753507013392e-01 3.575959737353023797e+02
7.782645290581161612e-01 3.564990616251654956e+02
7.804913827655309833e-01 3.553054494150512141e+02
7.827182364729458053e-01 3.539907279783882927e+02
7.849450901803606273e-01 3.525864605897300521e+02
7.871719438877754493e-01 3.511288770673741055e+02
7.893987975951902714e-01 3.496542072296186348e+02
7.916256513026050934e-01 3.481986091596351685e+02
7.938525050100199154e-01 3.467866398707887470e+02
7.960793587174347374e-01 3.454185530635342616e+02
7.983062124248496705e-01 3.440915457817286551e+02
8.005330661322644925e-01 3.428028150692293821e+02
8.027599198396793145e-01 3.415495553129793507e+02
8.049867735470941366e-01 3.403263854936636790e+02
8.072136272545089586e-01 3.391205405249095293e+02
8.094404809619237806e-01 3.379179402416579023e+02
8.116673346693386026e-01 3.367045044788501968e+02
8.138941883767534247e-01 3.354661530730575123e+02
8.161210420841682467e-01 3.341952300277573613e+02
8.183478957915830687e-01 3.329092895243294379e+02
8.205747494989978907e-01 3.316320689600892138e+02
8.228016032064127128e-01 3.303873057323515923e+02
8.250284569138275348e-01 3.291987372384319883e+02
8.272553106212423568e-01 3.280836000043910872e+02
8.294821643286571788e-01 3.270230468398282824e+02
8.317090180360721119e-01 3.259857825337888926e+02
8.339358717434869339e-01 3.249405001676616962e+02
8.361627254509017559e-01 3.238558928228348464e+02
8.383895791583165780e-01 3.227058874354001432e+02
8.406164328657314000e-01 3.215049226856123710e+02
8.428432865731462220e-01 3.202863365106272795e+02
8.450701402805610440e-01 3.190835730968078678e+02
8.472969939879758661e-01 3.179300766305174761e+02
8.495238476953906881e-01 3.168560041118129220e+02
8.517507014028055101e-01 3.158538710993249197e+02
8.539775551102203321e-01 3.148921772741371683e+02
8.562044088176351542e-01 3.139390339631702886e+02
8.584312625250499762e-01 3.129625524933452425e+02
8.606581162324647982e-01 3.119323628747222301e+02
8.628849699398796202e-01 3.108458332190750184e+02
8.651118236472945533e-01 3.097245799922201854e+02
8.673386773547093753e-01 3.085910364356477658e+02
8.695655310621241973e-01 3.074676357908473392e+02
8.717923847695390194e-01 3.063763428478038122e+02
8.740192384769538414e-01 3.053246647148306465e+02
8.762460921843686634e-01 3.043032493859470264e+02
8.784729458917834855e-01 3.033017925591732933e+02
8.806997995991983075e-01 3.023099899325301863e+02
8.829266533066131295e-01 3.013176548672606145e+02
8.851535070140279515e-01 3.003213433240653671e+02
8.873803607214427736e-01 2.993278838752549404e+02
8.896072144288575956e-01 2.983449682297672894e+02
8.918340681362724176e-01 2.973802880965411077e+02
8.940609218436872396e-01 2.964414912111113836e+02
8.962877755511020617e-01 2.955293004224975562e+02
8.985146292585168837e-01 2.946300264791152017e+02
9.007414829659318167e-01 2.937281814609683579e+02
9.029683366733466388e-01 2.928082774480608919e+02
9.051951903807614608e-01 2.918548350920974030e+02
9.074220440881762828e-01 2.908611254259499219e+02
9.096488977955911048e-01 2.898456638226220434e+02
9.118757515030059269e-01 2.888314909442445355e+02
9.141026052104207489e-01 2.878416474529475977e+02
9.163294589178355709e-01 2.868991740102595145e+02
9.185563126252503929e-01 2.860191506510697081e+02
9.207831663326652150e-01 2.851852180888434418e+02
9.230100200400800370e-01 2.843732567299434777e+02
9.252368737474948590e-01 2.835591469807324074e+02
9.274637274549096810e-01 2.827187692475729932e+02
9.296905811623245031e-01 2.818327864320204412e+02
9.319174348697393251e-01 2.809085803437765776e+02
9.341442885771542581e-01 2.799628074253261616e+02
9.363711422845690802e-01 2.790121333135795112e+02
9.385979959919839022e-01 2.780732236454470012e+02
9.408248496993987242e-01 2.771610961957722452e+02
9.430517034068135462e-01 2.762781112041836877e+02
9.452785571142283683e-01 2.754207628368437781e+02
9.475054108216431903e-01 2.745855131944053937e+02
9.497322645290580123e-01 2.737688243775215824e+02
9.519591182364728343e-01 2.729668710547306318e+02
9.541859719438876564e-01 2.721725644965977153e+02
9.564128256513024784e-01 2.713767470110117870e+02
9.586396793587173004e-01 2.705702280246162559e+02
9.608665330661321224e-01 2.697438169640543606e+02
9.630933867735469445e-01 2.688891975875542926e+02
9.653202404809617665e-01 2.680135643151423324e+02
9.675470941883766995e-01 2.671374297945131389e+02
9.697739478957915216e-01 2.662817393233791563e+02
9.720008016032063436e-01 2.654674381994524879e+02
9.742276553106211656e-01 2.647148003566162515e+02
9.764545090180359876e-01 2.640245803749642732e+02
9.786813627254508097e-01 2.633754368578412937e+02
9.809082164328656317e-01 2.627448392354451698e+02
9.831350701402804537e-01 2.621102569379736451e+02
9.853619238476952757e-01 2.614493055762746963e+02
9.875887775551100978e-01 2.607481043360054400e+02
9.898156312625249198e-01 2.600058015214664238e+02
9.920424849699397418e-01 2.592226487085004010e+02
9.942693386773545638e-01 2.583988974729500114e+02
9.964961923847693859e-01 2.575348449053893773e+02
9.987230460921842079e-01 2.566377698800436633e+02
1.000949899799599141e+00 2.557293867424114637e+02
1.003176753507013963e+00 2.548331975244717853e+02
1.005403607214428785e+00 2.539727042582035210e+02
1.007630460921843607e+00 2.531714020098637832e+02
1.009857314629258429e+00 2.524443695467578550e+02
1.012084168336673251e+00 2.517819318210736412e+02
1.014311022044088073e+00 2.511698857244546446e+02
1.016537875751502895e+00 2.505940281485441687e+02
1.018764729458917717e+00 2.500401559849859154e+02
1.020991583166332539e+00 2.494943809813628945e+02
1.023218436873747361e+00 2.489441356057468511e+02
1.025445290581162183e+00 2.483771985690513304e+02
1.027672144288577005e+00 2.477813485835021368e+02
1.029898997995991827e+00 2.471443643613254437e+02
1.032125851703406649e+00 2.464580187215940441e+02
1.034352705410821471e+00 2.457350561997789669e+02
1.036579559118236293e+00 2.449950806100827094e+02
1.038806412825651115e+00 2.442576996679048307e+02
1.041033266533065937e+00 2.435425210886448610e+02
1.043260120240480759e+00 2.428661504318183120e+02
1.045486973947895581e+00 2.422223090322825954e+02
1.047713827655310403e+00 2.415941824551989328e+02
1.049940681362725448e+00 2.409649002882858895e+02
1.052167535070140270e+00 2.403175921192620308e+02
1.054394388777555092e+00 2.396366523526751280e+02
1.056621242484969914e+00 2.389209460588276954e+02
1.058848096192384736e+00 2.381785648409094733e+02
1.061074949899799558e+00 2.374177492373094367e+02
1.063301803607214380e+00 2.366467397864163331e+02
1.065528657314629202e+00 2.358739526598456848e+02
1.067755511022044024e+00 2.351110085665205247e+02
1.069982364729458846e+00 2.343723278086404207e+02
1.072209218436873668e+00 2.336724248692011088e+02
1.074436072144288490e+00 2.330258142311981828e+02
1.076662925851703312e+00 2.324464190722915191e+02
1.078889779559118134e+00 2.319290338891651686e+02
1.081116633266532956e+00 2.314456310884891934e+02
1.083343486973947778e+00 2.309668458653962659e+02
1.085570340681362600e+00 2.304633134150189164e+02
1.087797194388777422e+00 2.299060830029737019e+02
1.090024048096192244e+00 2.292871496538489566e+02
1.092250901803607066e+00 2.286289114908702231e+02
1.094477755511021888e+00 2.279561548843257981e+02
1.096704609218436710e+00 2.272936662045036087e+02
1.098931462925851532e+00 2.266661864922117218e+02
1.101158316633266354e+00 2.260880365306307169e+02
1.103385170340681176e+00 2.255498769539054251e+02
1.105612024048095998e+00 2.250391023128626955e+02
1.107838877755510820e+00 2.245431071583299172e+02
1.110065731462925642e+00 2.240492860411342235e+02
1.112292585170340464e+00 2.235450335121027194e+02
1.114519438877755286e+00 2.230177441220626520e+02
1.116746292585170330e+00 2.224548124218410692e+02
1.118973146292585152e+00 2.218436329622654171e+02
1.121199999999999974e+00 2.211716002941626016e+02
