1.000000000000000021e-02 2.204277368213109366e+04
1.222685370741482917e-02 2.345661273626636830e+04
1.445370741482965987e-02 2.413083350192260696e+04
1.668056112224448884e-02 2.422116597491986977e+04
1.890741482965931780e-02 2.386206111916921145e+04
2.113426853707414677e-02 2.316874851885642056e+04
2.336112224448897573e-02 2.224180539483565735e+04
2.558797595190380469e-02 2.116759128956198401e+04
2.781482965931863366e-02 2.001847332578981877e+04
3.004168336673346262e-02 1.885295103635925261e+04
3.226853707414829159e-02 1.771664710612734416e+04
3.449539078156312055e-02 1.664304220994308707e+04
3.672224448897795646e-02 1.565417231690892731e+04
3.894909819639278542e-02 1.476299222197697054e+04
4.117595190380761438e-02 1.397437879725768289e+04
4.340280561122244335e-02 1.328708357565034930e+04
4.562965931863727231e-02 1.269518406200117715e+04
4.785651302605210128e-02 1.218909083864073909e+04
5.008336673346693024e-02 1.175676101794938586e+04
5.231022044088175921e-02 1.138552761379470758e+04
5.453707414829658817e-02 1.106050066093271380e+04
5.676392785571141714e-02 1.076991503092149469e+04
5.899078156312624610e-02 1.051695380617719638e+04
6.121763527054107507e-02 1.027949254732639383e+04
6.344448897795590403e-02 1.002875474362432760e+04
6.567134268537073993e-02 9.746442932183308585e+03
6.789819639278556196e-02 9.437636310276715449e+03
7.012505010020039786e-02 9.110576551297412152e+03
7.235190380761521989e-02 8.773505328638266292e+03
7.457875751503004191e-02 8.434663128959720780e+03
7.680561122244487782e-02 8.100528804611079067e+03
7.903246492985969984e-02 7.772284923371388686e+03
8.125931863727453575e-02 7.450122805270248136e+03
8.348617234468937165e-02 7.134233770337258647e+03
8.571302605210419367e-02 6.824809194974727689e+03
8.793987975951902958e-02 6.522942156729256567e+03
9.016673346693385160e-02 6.232912722844175732e+03
9.239358717434868751e-02 5.959704721218295163e+03
9.462044088176350953e-02 5.708301979750445753e+03
9.684729458917834544e-02 5.483688326339432933e+03
9.907414829659316746e-02 5.289581503890284694e+03
1.013010020040080034e-01 5.123779206835286459e+03
1.035278557114228254e-01 4.982350233343018772e+03
1.057547094188376613e-01 4.861363173148502938e+03
1.079815631262524833e-01 4.756886615986764809e+03
1.102084168336673192e-01 4.665101694101984322e+03
1.124352705410821412e-01 4.582855987947407812e+03
1.146621242484969772e-01 4.507241484083589967e+03
1.168889779559118131e-01 4.435350539860578465e+03
1.191158316633266351e-01 4.364275512628419165e+03
1.213426853707414710e-01 4.291302261287611145e+03
1.235695390781562930e-01 4.215345123748941660e+03
1.257963927855711428e-01 4.136133892730103980e+03
1.280232464929859648e-01 4.053404442160885992e+03
1.302501002004007868e-01 3.966892645971074217e+03
1.324769539078156089e-01 3.876367648323659523e+03
1.347038076152304586e-01 3.782061973970610779e+03
1.369306613226452807e-01 3.684548026146695975e+03
1.391575150300601027e-01 3.584406031581809657e+03
1.413843687374749525e-01 3.482216217005847739e+03
1.436112224448897745e-01 3.378594544993623458e+03
1.458380761523045965e-01 3.274858283933436269e+03
1.480649298597194186e-01 3.172964899638285260e+03
1.502917835671342683e-01 3.074895340236048924e+03
1.525186372745490904e-01 2.982630553854608934e+03
1.547454909819639124e-01 2.898113870583582411e+03
1.569723446893787622e-01 2.822136212120829896e+03
1.591991983967935842e-01 2.754149571145783284e+03
1.614260521042084062e-01 2.693530754804964999e+03
1.636529058116232282e-01 2.639656570244900649e+03
1.658797595190380780e-01 2.591901339406344050e+03
1.681066132264529001e-01 2.549473302252251415e+03
1.703334669338677221e-01 2.511313008851988343e+03
1.725603206412825441e-01 2.476336739468651558e+03
1.747871743486973939e-01 2.443460774365334146e+03
1.770140280561122159e-01 2.411602592108770295e+03
1.792408817635270379e-01 2.379896529949062369e+03
1.814677354709418600e-01 2.347943668028306092e+03
1.836945891783567097e-01 2.315405672295637942e+03
1.859214428857715318e-01 2.281944208700198942e+03
1.881482965931863538e-01 2.247221046321896210e+03
1.903751503006012036e-01 2.211025811456939209e+03
1.926020040080160256e-01 2.173525250828881326e+03
1.948288577154308476e-01 2.134955300575173169e+03
1.970557114228456697e-01 2.095551896833263072e+03
1.992825651302605194e-01 2.055550975740601643e+03
2.015094188376753415e-01 2.015227107432023558e+03
2.037362725450901635e-01 1.975013070888418270e+03
2.059631262525049855e-01 1.935382137234534412e+03
2.081899799599198353e-01 1.896807577614107004e+03
2.104168336673346573e-01 1.859762663170871065e+03
2.126436873747494793e-01 1.824639912952220811e+03
2.148705410821643014e-01 1.791388751633462334e+03
2.170973947895791512e-01 1.759807416056569082e+03
2.193242484969939732e-01 1.729694013888014524e+03
2.215511022044087952e-01 1.700846652794273268e+03
2.237779559118236450e-01 1.673097786596204969e+03
2.260048096192384670e-01 1.646542500081723574e+03
2.282316633266532890e-01 1.621397120347260170e+03
2.304585170340681111e-01 1.597878626250820389e+03
2.326853707414829608e-01 1.576203996650410090e+03
2.349122244488977829e-01 1.556548238637098393e+03
2.371390781563126049e-01 1.538588489436465352e+03
2.393659318637274269e-01 1.521675892196079531e+03
2.415927855711422767e-01 1.505155937621771955e+03
2.438196392785570987e-01 1.488374116419372967e+03
2.460464929859719208e-01 1.470705451284130504e+03
2.482733466933867428e-01 1.452066038230505001e+03
2.505002004008015648e-01 1.432845876172797261e+03
2.527270541082163868e-01 1.413450987894483660e+03
2.549539078156312089e-01 1.394287396179041252e+03
2.571807615230460309e-01 1.375751496497514154e+03
2.594076152304609084e-01 1.357941401693365378e+03
2.616344689378757304e-01 1.340606732931344823e+03
2.638613226452905525e-01 1.323477366004019586e+03
2.660881763527053745e-01 1.306283176703958816e+03
2.683150300601201965e-01 1.288757633447892886e+03
2.705418837675350741e-01 1.270847860938052690e+03
2.727687374749498961e-01 1.252831062551003697e+03
2.749955911823647181e-01 1.235012708679154684e+03
2.772224448897795401e-01 1.217698269714913522e+03
2.794492985971943622e-01 1.201192311426698780e+03
2.816761523046091842e-01 1.185655774145997611e+03
2.839030060120240062e-01 1.170950079247275653e+03
2.861298597194388282e-01 1.156899178182513879e+03
2.883567134268537058e-01 1.143327022403692354e+03
2.905835671342685278e-01 1.130057622318490985e+03
2.928104208416833498e-01 1.116969937761578876e+03
2.950372745490981718e-01 1.104099727232767464e+03
2.972641282565129939e-01 1.091510534678334352e+03
2.994909819639278159e-01 1.079265904044555327e+03
3.017178356713426379e-01 1.067429379276938789e+03
3.039446893787575155e-01 1.056046651585671043e+03
3.061715430861723375e-01 1.045092751088467139e+03
3.083983967935871595e-01 1.034525228127836726e+03
3.106252505010019815e-01 1.024301633046289453e+03
3.128521042084168036e-01 1.014379516186335650e+03
3.150789579158316256e-01 1.004704474307963892e+03
3.173058116232464476e-01 9.951551724210519296e+02
3.195326653306612696e-01 9.855869928769770922e+02
3.217595190380761472e-01 9.758552945310115092e+02
3.239863727454909692e-01 9.658154362384291289e+02
3.262132264529057912e-01 9.553520873370147228e+02
3.284400801603206133e-01 9.445755885748579885e+02
3.306669338677354353e-01 9.337010798378954632e+02
3.328937875751502573e-01 9.229442788672033657e+02
3.351206412825650793e-01 9.125209034038587106e+02
3.373474949899799569e-01 9.026312237936549536e+02
3.395743486973947789e-01 8.932938482745751116e+02
3.418012024048096009e-01 8.844091854803244814e+02
3.440280561122244229e-01 8.758756287130722740e+02
3.462549098196392450e-01 8.675915712749873592e+02
3.484817635270540670e-01 8.594579516948407445e+02
3.507086172344688890e-01 8.514227676402066436e+02
3.529354709418837110e-01 8.434754633442742033e+02
3.551623246492985886e-01 8.356069000735950567e+02
3.573891783567134106e-01 8.278079390947215188e+02
3.596160320641282326e-01 8.200700683014846391e+02
3.618428857715430547e-01 8.124030634074956652e+02
3.640697394789578767e-01 8.048374414844365674e+02
3.662965931863726987e-01 7.974048393782728681e+02
3.685234468937875207e-01 7.901368939349706579e+02
3.707503006012023983e-01 7.830647841057805181e+02
3.729771543086172203e-01 7.761945484780407014e+02
3.752040080160320423e-01 7.694945436099044400e+02
3.774308617234468644e-01 7.629300303237134813e+02
3.796577154308616864e-01 7.564662694418103683e+02
3.818845691382765084e-01 7.500685867024660638e+02
3.841114228456913304e-01 7.437118644877605220e+02
3.863382765531061525e-01 7.373905396434537352e+02
3.885651302605210300e-01 7.311014409421959499e+02
3.907919839679358520e-01 7.248413971566380951e+02
3.930188376753506740e-01 7.186072522306305927e+02
3.952456913827654961e-01 7.124067984346398816e+02
3.974725450901803181e-01 7.062780567073193652e+02
3.996993987975951401e-01 7.002642209954904047e+02
4.019262525050099621e-01 6.944084852459748163e+02
4.041531062124248397e-01 6.887540433890386566e+02
4.063799599198396617e-01 6.833288044794213647e+02
4.086068136272544837e-01 6.781014116947584398e+02
4.108336673346693058e-01 6.730261458814848083e+02
4.130605210420841278e-01 6.680572878860347146e+02
4.152873747494989498e-01 6.631491185548429712e+02
4.175142284569137718e-01 6.582607976647915393e+02
4.197410821643285939e-01 6.533782362684966074e+02
4.219679358717434714e-01 6.484964667208416813e+02
4.241947895791582934e-01 6.436105291208020844e+02
4.264216432865731155e-01 6.387154635673521170e+02
4.286484969939879375e-01 6.338075589276899109e+02
4.308753507014027595e-01 6.288929275156058338e+02
4.331022044088175815e-01 6.239823283324238901e+02
4.353290581162324036e-01 6.190865480598132535e+02
4.375559118236472811e-01 6.142163733794429845e+02
4.397827655310621031e-01 6.093832466873381009e+02
4.420096192384769251e-01 6.046058931494737863e+02
4.442364729458917472e-01 5.999075799701902270e+02
4.464633266533065692e-01 5.953116433230533175e+02
4.486901803607213912e-01 5.908414193816300894e+02
4.509170340681362132e-01 5.865180378909512910e+02
4.531438877755510353e-01 5.823258786488587475e+02
4.553707414829659128e-01 5.782189902496999139e+02
4.575975951903807348e-01 5.741505134550618550e+02
4.598244488977955569e-01 5.700735890265311809e+02
4.620513026052103789e-01 5.659431868986933978e+02
4.642781563126252009e-01 5.617670091830788124e+02
4.665050100200400229e-01 5.576121960142874059e+02
4.687318637274548450e-01 5.535490638967918358e+02
4.709587174348696670e-01 5.496479293350655553e+02
4.731855711422845445e-01 5.459778591980549436e+02
4.754124248496993665e-01 5.425382918153653691e+02
4.776392785571141886e-01 5.392237098180389694e+02
4.798661322645290106e-01 5.359199056464009345e+02
4.820929859719438326e-01 5.325126717407764545e+02
4.843198396793586546e-01 5.288883582283407350e+02
4.865466933867734767e-01 5.250096301789124027e+02
4.887735470941883542e-01 5.209923744531186003e+02
4.910004008016031762e-01 5.169708016154061170e+02
4.932272545090179983e-01 5.130791222302218557e+02
4.954541082164328203e-01 5.094514763169181606e+02
4.976809619238476423e-01 5.061687037080358778e+02
4.999078156312624643e-01 5.031635723699948812e+02
5.021346693386772309e-01 5.003433445492165674e+02
5.043615230460920529e-01 4.976152824921213096e+02
5.065883767535069859e-01 4.948866484781013355e+02
5.088152304609218080e-01 4.920812554228515978e+02
5.110420841683366300e-01 4.891866361735204691e+02
5.132689378757514520e-01 4.862056560118801940e+02
5.154957915831662740e-01 4.831411802197033012e+02
5.177226452905810961e-01 4.799960740787621489e+02
5.199494989979959181e-01 4.767805360497376341e+02
5.221763527054107401e-01 4.735446828573307130e+02
5.244032064128255621e-01 4.703521482084329932e+02
5.266300601202403842e-01 4.672665765904772570e+02
5.288569138276552062e-01 4.643516124908966844e+02
5.310837675350701392e-01 4.616595515873275986e+02
5.333106212424849613e-01 4.591527941864965214e+02
5.355374749498997833e-01 4.567509665383514630e+02
5.377643286573146053e-01 4.543734338293212431e+02
5.399911823647294273e-01 4.519395612458343976e+02
5.422180360721442494e-01 4.493764117577473485e+02
5.444448897795590714e-01 4.466971974108379868e+02
5.466717434869738934e-01 4.439691654326866797e+02
5.488985971943887154e-01 4.412603967064674748e+02
5.511254509018035375e-01 4.386389721153547612e+02
5.533523046092183595e-01 4.361692915425777528e+02
5.555791583166331815e-01 4.338527405184660779e+02
5.578060120240480035e-01 4.316377872133037954e+02
5.600328657314628256e-01 4.294712575206993392e+02
5.622597194388776476e-01 4.272999773342613139e+02
5.644865731462925806e-01 4.250717576035023058e+02
5.667134268537074027e-01 4.227631213695885890e+02
5.689402805611222247e-01 4.203831351732384860e+02
5.711671342685370467e-01 4.179426206635426979e+02
5.733939879759518687e-01 4.154523994895920396e+02
5.756208416833666908e-01 4.129235256205190581e+02
5.778476953907815128e-01 4.103806142115321904e+02
5.800745490981963348e-01 4.078690857309101148e+02
5.823014028056111568e-01 4.054361255109126319e+02
5.845282565130259789e-01 4.031289188837996562e+02
5.867551102204408009e-01 4.009943923651797490e+02
5.889819639278556229e-01 3.990414706932808144e+02
5.912088176352704449e-01 3.972013729859733076e+02
5.934356713426852670e-01 3.953958208947445883e+02
5.956625250501000890e-01 3.935465360710816185e+02
5.978893787575150220e-01 3.915752804016079835e+02
6.001162324649298441e-01 3.894390894261682092e+02
6.023430861723446661e-01 3.871948912340574793e+02
6.045699398797594881e-01 3.849171741321868581e+02
6.067967935871743101e-01 3.826804264274668981e+02
6.090236472945891322e-01 3.805591363996164205e+02
6.112505010020039542e-01 3.786043534226193970e+02
6.134773547094187762e-01 3.767763105939628190e+02
6.157042084168335982e-01 3.750132488820036656e+02
6.179310621242484203e-01 3.732534092550989726e+02
6.201579158316632423e-01 3.714350326816053780e+02
6.223847695390780643e-01 3.695097754571196447e+02
6.246116232464928864e-01 3.675027957850655866e+02
6.268384769539077084e-01 3.654642958098957592e+02
6.290653306613225304e-01 3.634444988041233273e+02
6.312921843687374635e-01 3.614936280402610578e+02
6.335190380761522855e-01 3.596554590115957240e+02
6.357458917835671075e-01 3.579245411113719797e+02
6.379727454909819295e-01 3.562727295444595370e+02
6.401995991983967516e-01 3.546717582302999858e+02
6.424264529058115736e-01 3.530933610883347455e+02
6.446533066132263956e-01 3.515106463346338614e+02
6.468801603206412176e-01 3.499122202110818876e+02
6.491070140280560397e-01 3.482964652169216606e+02
6.513338677354708617e-01 3.466619170794155593e+02
6.535607214428856837e-01 3.450071115258260761e+02
6.557875751503005057e-01 3.433311424428769669e+02
6.580144288577153278e-01 3.416425651511011665e+02
6.602412825651301498e-01 3.399578312673833693e+02
6.624681362725449718e-01 3.382936343283726615e+02
6.646949899799599049e-01 3.366666678707182996e+02
6.669218436873747269e-01 3.350931093433714523e+02
6.691486973947895489e-01 3.335746162176994289e+02
6.713755511022043709e-01 3.320966806979048442e+02
6.736024048096191930e-01 3.306439486536173717e+02
6.758292585170340150e-01 3.292010659544661166e+02
6.780561122244488370e-01 3.277527503779681979e+02
6.802829659318636590e-01 3.262878473946348095e+02
6.825098196392784811e-01 3.248014952508590909e+02
6.847366733466933031e-01 3.232893614014934087e+02
6.869635270541081251e-01 3.217471133013901294e+02
6.891903807615229471e-01 3.201704972907467663e+02
6.914172344689377692e-01 3.185671130157338666e+02
6.936440881763525912e-01 3.169689405420666048e+02
6.958709418837674132e-01 3.154109606475681176e+02
6.980977955911823463e-01 3.139281541100608024e+02
7.003246492985971683e-01 3.125554742908327626e+02
7.025515030060119903e-01 3.113072694443505952e+02
7.047783567134268123e-01 3.101406856150080671e+02
7.070052104208416344e-01 3.090030230030244525e+02
7.092320641282564564e-01 3.078415818086190257e+02
7.114589178356712784e-01 3.066036622424262532e+02
7.136857715430861004e-01 3.052539888831443022e+02
7.159126252505009225e-01 3.038252300709348788e+02
7.181394789579157445e-01 3.023666126354816015e+02
7.203663326653305665e-01 3.009273634064685439e+02
7.225931863727453885e-01 2.995567092135793814e+02
7.248200400801602106e-01 2.982935543615292886e+02
7.270468937875750326e-01 2.971206540232444127e+02
7.292737474949898546e-01 2.960017638548025047e+02
7.315006012024047877e-01 2.949006244574020457e+02
7.337274549098196097e-01 2.937809764322420278e+02
7.359543086172344317e-01 2.926112483877163299e+02
7.381811623246492537e-01 2.913959067313231230e+02
7.404080160320640758e-01 2.901561307359245916e+02
7.426348697394788978e-01 2.889131912964414255e+02
7.448617234468937198e-01 2.876883593077943715e+02
7.470885771543085419e-01 2.865010203401984086e+02
7.493154308617233639e-01 2.853491359407460664e+02
7.515422845691381859e-01 2.842170761997380737e+02
7.537691382765530079e-01 2.830889948171596302e+02
7.559959919839678300e-01 2.819490454929959355e+02
7.582228456913826520e-01 2.807822326296677602e+02
7.604496993987974740e-01 2.795886676142852139e+02
7.626765531062122960e-01 2.783814416933158213e+02
7.649034068136272291e-01 2.771740683168461032e+02
7.671302605210420511e-01 2.759800609349629212e+02
7.693571142284568731e-01 2.748127637802349454e+02
7.715839679358716952e-01 2.736807080381562400e+02
7.738108216432865172e-01 2.725870366541523140e+02
7.760376753507013392e-01 2.715346078577676963e+02
7.782645290581161612e-01 2.705262798785468021e+02
7.804913827655309833e-01 2.695647757737805250e+02
7.827182364729458053e-01 2.686451873846809804e+02
7.849450901803606273e-01 2.677510457319552870e+02
7.871719438877754493e-01 2.668649179849567759e+02
7.893987975951902714e-01 2.659693713130388346e+02
7.916256513026050934e-01 2.650470094569652701e+02
7.938525050100199154e-01 2.640863505192741059e+02
7.960793587174347374e-01 2.630883027171433355e+02
7.983062124248496705e-01 2.620553325872195387e+02
8.005330661322644925e-01 2.609899066661494658e+02
8.027599198396793145e-01 2.598944952811600615e+02
8.049867735470941366e-01 2.587752430537825603e+02
8.072136272545089586e-01 2.576488293456297356e+02
8.094404809619237806e-01 2.565338097217721156e+02
8.116673346693386026e-01 2.554487397472799728e+02
8.138941883767534247e-01 2.544121749860161685e+02
8.161210420841682467e-01 2.534379135827481377e+02
8.183478957915830687e-01 2.525210842759954915e+02
8.205747494989978907e-01 2.516522368215097742e+02
8.228016032064127128e-01 2.508219209750420475e+02
8.250284569138275348e-01 2.500206864923436285e+02
8.272553106212423568e-01 2.492374900417025287e+02
8.294821643286571788e-01 2.484524457049174089e+02
8.317090180360721119e-01 2.476426170825957911e+02
8.339358717434869339e-01 2.467850649062960429e+02
8.361627254509017559e-01 2.458568499075759348e+02
8.383895791583165780e-01 2.448404166475685031e+02
8.406164328657314000e-01 2.437598822860393284e+02
8.428432865731462220e-01 2.426588047934015151e+02
8.450701402805610440e-01 2.415808514338216639e+02
8.472969939879758661e-01 2.405696894714665746e+02
8.495238476953906881e-01 2.396650679243951743e+02
8.517507014028055101e-01 2.388618681282099772e+02
8.539775551102203321e-01 2.381263450767255563e+02
8.562044088176351542e-01 2.374242908550415052e+02
8.584312625250499762e-01 2.367214975482577870e+02
8.606581162324647982e-01 2.359850322849918030e+02
8.628849699398796202e-01 2.352052503214905528e+02
8.651118236472945533e-01 2.343928651479415919e+02
8.673386773547093753e-01 2.335592759963443825e+02
8.695655310621241973e-01 2.327158820986980174e+02
8.717923847695390194e-01 2.318739510701254005e+02
8.740192384769538414e-01 2.310406884726184842e+02
8.762460921843686634e-01 2.302185631047267123e+02
8.784729458917834855e-01 2.294097762064082247e+02
8.806997995991983075e-01 2.286165290176211045e+02
8.829266533066131295e-01 2.278409524352499034e+02
8.851535070140279515e-01 2.270811464010605221e+02
8.873803607214427736e-01 2.263290695404603525e+02
8.896072144288575956e-01 2.255761644664444816e+02
8.918340681362724176e-01 2.248138737920083940e+02
8.940609218436872396e-01 2.240336797935842128e+02
8.962877755511020617e-01 2.232333109050069311e+02
8.985146292585168837e-01 2.224234950870602177e+02
9.007414829659318167e-01 2.216165826759978472e+02
9.029683366733466388e-01 2.208249240080737650e+02
9.051951903807614608e-01 2.200608647095797892e+02
9.074220440881762828e-01 2.193319422639560514e+02
9.096488977955911048e-01 2.186318229424939545e+02
9.118757515030059269e-01 2.179516864691962610e+02
9.141026052104207489e-01 2.172827125680655911e+02
9.163294589178355709e-01 2.166160809632373230e+02
9.185563126252503929e-01 2.159447245190342244e+02
9.207831663326652150e-01 2.152684998685177220e+02
9.230100200400800370e-01 2.145889726692854538e+02
9.252368737474948590e-01 2.139077085789348587e+02
9.274637274549096810e-01 2.132262732550635747e+02
9.296905811623245031e-01 2.125461627359889860e+02
9.319174348697393251e-01 2.118684841101018606e+02
9.341442885771542581e-01 2.111942094539985533e+02
9.363711422845690802e-01 2.105243107104310525e+02
9.385979959919839022e-01 2.098597598221514318e+02
9.408248496993987242e-01 2.092012875051724734e+02
9.430517034068135462e-01 2.085477715680284518e+02
9.452785571142283683e-01 2.078972310982460954e+02
9.475054108216431903e-01 2.072476804893556448e+02
9.497322645290580123e-01 2.065971341348877104e+02
9.519591182364728343e-01 2.059436264116463917e+02
9.541859719438876564e-01 2.052854185791373425e+02
9.564128256513024784e-01 2.046209157382993453e+02
9.586396793587173004e-01 2.039485252760891569e+02
9.608665330661321224e-01 2.032666545794633350e+02
9.630933867735469445e-01 2.025741444664576250e+02
9.653202404809617665e-01 2.018775248321120159e+02
9.675470941883766995e-01 2.011899277964023440e+02
9.697739478957915216e-01 2.005246999562459962e+02
9.720008016032063436e-01 1.998951879085602741e+02
9.742276553106211656e-01 1.993142325216994095e+02
9.764545090180359876e-01 1.987799710200108336e+02
9.786813627254508097e-01 1.982738960514070357e+02
9.809082164328656317e-01 1.977766044770443727e+02
9.831350701402804537e-01 1.972686931580790883e+02
9.853619238476952757e-01 1.967309378506807604e+02
9.875887775551100978e-01 1.961545209354748351e+02
9.898156312625249198e-01 1.955465697512666452e+02
9.920424849699397418e-01 1.949155618140362094e+02
9.942693386773545638e-01 1.942699746397635181e+02
9.964961923847693859e-01 1.936182770874875700e+02
9.987230460921842079e-01 1.929676100750270393e+02
1.000949899799599141e+00 1.923223688812205410e+02
1.003176753507013963e+00 1.916866087654093462e+02
1.005403607214428785e+00 1.910643849869349538e+02
1.007630460921843607e+00 1.904597523259256491e+02
1.009857314629258429e+00 1.898761865557703459e+02
1.012084168336673251e+00 1.893154604892257851e+02
1.014311022044088073e+00 1.887790354271137687e+02
1.016537875751502895e+00 1.882683726702560705e+02
1.018764729458917717e+00 1.877849335194745493e+02
1.020991583166332539e+00 1.873275749203767475e+02
1.023218436873747361e+00 1.868842293770810841e+02
1.025445290581162183e+00 1.864399654193086917e+02
1.027672144288577005e+00 1.859798515659245197e+02
1.029898997995991827e+00 1.854889563357940006e+02
1.032125851703406649e+00 1.849560800633849169e+02
1.034352705410821471e+00 1.843896175961484687e+02
1.036579559118236293e+00 1.838043726144422862e+02
1.038806412825651115e+00 1.832151524436312400e+02
1.041033266533065937e+00 1.826367644090801718e+02
1.043260120240480759e+00 1.820820151847019588e+02
1.045486973947895581e+00 1.815484612845046684e+02
1.047713827655310403e+00 1.810266381337340533e+02
1.049940681362725448e+00 1.805070438539923998e+02
1.052167535070140270e+00 1.799801765668822782e+02
1.054394388777555092e+00 1.794374476271265451e+02
1.056621242484969914e+00 1.788807166147861949e+02
1.058848096192384736e+00 1.783185049246812639e+02
1.061074949899799558e+00 1.777594414870102923e+02
1.063301803607214380e+00 1.772121552319718489e+02
1.065528657314629202e+00 1.766849287256702041e+02
1.067755511022044024e+00 1.761797249061743855e+02
1.069982364729458846e+00 1.756929856685884772e+02
1.072209218436873668e+00 1.752209671752443114e+02
1.074436072144288490e+00 1.747599255884734930e+02
1.076662925851703312e+00 1.743061312098713813e+02
1.078889779559118134e+00 1.738563117450951836e+02
1.081116633266532956e+00 1.734077406204762326e+02
1.083343486973947778e+00 1.729577232376813072e+02
1.085570340681362600e+00 1.725035649983770156e+02
1.087797194388777422e+00 1.720426027254364953e+02
1.090024048096192244e+00 1.715737626837262155e+02
1.092250901803607066e+00 1.710982782381692857e+02
1.094477755511021888e+00 1.706175639827469865e+02
1.096704609218436710e+00 1.701330345114405134e+02
1.098931462925851532e+00 1.696461071434151506e+02
1.101158316633266354e+00 1.691588256581323435e+02
1.103385170340681176e+00 1.686746562705151291e+02
1.105612024048095998e+00 1.681972615506626028e+02
1.107838877755510820e+00 1.677303040686741724e+02
1.110065731462925642e+00 1.672774463946489618e+02
1.112292585170340464e+00 1.668423510986862084e+02
1.114519438877755286e+00 1.664286807508852064e+02
1.116746292585170330e+00 1.660400979213450796e+02
1.118973146292585152e+00 1.656802651801652360e+02
1.121199999999999974e+00 1.653528450974447424e+02
