1.000000000000000021e-02 4.767788280572072836e+04
1.222685370741482917e-02 5.074282888614977128e+04
1.445370741482965987e-02 5.220878934419443249e+04
1.668056112224448884e-02 5.241217408142924251e+04
1.890741482965931780e-02 5.164282541094948101e+04
2.113426853707414677e-02 5.014972035783390311e+04
2.336112224448897573e-02 4.815023581862855644e+04
2.558797595190380469e-02 4.583080648731791734e+04
2.781482965931863366e-02 4.334787069661678106e+04
3.004168336673346262e-02 4.082811909141833166e+04
3.226853707414829159e-02 3.837046810239087790e+04
3.449539078156312055e-02 3.604724230846377759e+04
3.672224448897795646e-02 3.390678478555710899e+04
3.894909819639278542e-02 3.197734169505665341e+04
4.117595190380761438e-02 3.026973647000869460e+04
4.340280561122244335e-02 2.878162438139035658e+04
4.562965931863727231e-02 2.750019787814982919e+04
4.785651302605210128e-02 2.640485673021858747e+04
5.008336673346693024e-02 2.547019501618199865e+04
5.231022044088175921e-02 2.466741124876576578e+04
5.453707414829658817e-02 2.396711618606519914e+04
5.676392785571141714e-02 2.333897876426382936e+04
5.899078156312624610e-02 2.274623175521526355e+04
6.121763527054107507e-02 2.216712791551529153e+04
6.344448897795590403e-02 2.158382610425945677e+04
6.567134268537073993e-02 2.098396141613844156e+04
6.789819639278556196e-02 2.036738533231394467e+04
7.012505010020039786e-02 1.973560200931763393e+04
7.235190380761521989e-02 1.909011560368119535e+04
7.457875751503004191e-02 1.843243074310919110e+04
7.680561122244487782e-02 1.776475148365202404e+04
7.903246492985969984e-02 1.709138468529213424e+04
8.125931863727453575e-02 1.641703076686200802e+04
8.348617234468937165e-02 1.574639014719415172e+04
8.571302605210419367e-02 1.508416332859772228e+04
8.793987975951902958e-02 1.443638605181392268e+04
9.016673346693385160e-02 1.381381334972695004e+04
9.239358717434868751e-02 1.322824238351383428e+04
9.462044088176350953e-02 1.269147031435163808e+04
9.684729458917834544e-02 1.221529430341738953e+04
9.907414829659316746e-02 1.180857340111590565e+04
1.013010020040080034e-01 1.146642843468755564e+04
1.035278557114228254e-01 1.117996810836249642e+04
1.057547094188376613e-01 1.094030064267440139e+04
1.079815631262524833e-01 1.073853425815693663e+04
1.102084168336673192e-01 1.056581510238472583e+04
1.124352705410821412e-01 1.041351391725424219e+04
1.146621242484969772e-01 1.027308380998784560e+04
1.168889779559118131e-01 1.013597801276464997e+04
1.191158316633266351e-01 9.993649757763792877e+03
1.213426853707414710e-01 9.838365606470175408e+03
1.235695390781562930e-01 9.669236973548577225e+03
1.257963927855711428e-01 9.488802808432616075e+03
1.280232464929859648e-01 9.299627621219369757e+03
1.302501002004007868e-01 9.104275922005921529e+03
1.324769539078156089e-01 8.905205568001480060e+03
1.347038076152304586e-01 8.703388978134848003e+03
1.369306613226452807e-01 8.498709038192922890e+03
1.391575150300601027e-01 8.291023554536654046e+03
1.413843687374749525e-01 8.080190333526996255e+03
1.436112224448897745e-01 7.866170720557800450e+03
1.458380761523045965e-01 7.650957985155843744e+03
1.480649298597194186e-01 7.438400268962256632e+03
1.502917835671342683e-01 7.232413749960358473e+03
1.525186372745490904e-01 7.036914606133474990e+03
1.547454909819639124e-01 6.855760144168778425e+03
1.569723446893787622e-01 6.691004180224712400e+03
1.591991983967935842e-01 6.542605139779958336e+03
1.614260521042084062e-01 6.410403784820399778e+03
1.636529058116232282e-01 6.294240877331925731e+03
1.658797595190380780e-01 6.193938082012128689e+03
1.681066132264529001e-01 6.108040825007371495e+03
1.703334669338677221e-01 6.033037499145330003e+03
1.725603206412825441e-01 5.965229998617252022e+03
1.747871743486973939e-01 5.900920217614376270e+03
1.770140280561122159e-01 5.836416099368109826e+03
1.792408817635270379e-01 5.769120290358509010e+03
1.814677354709418600e-01 5.698791556508012945e+03
1.836945891783567097e-01 5.625494501064845281e+03
1.859214428857715318e-01 5.549293727277236030e+03
1.881482965931863538e-01 5.470253903866999281e+03
1.903751503006012036e-01 5.388520870976217338e+03
1.926020040080160256e-01 5.304479887385856273e+03
1.948288577154308476e-01 5.218560137461655358e+03
1.970557114228456697e-01 5.131190805569348413e+03
1.992825651302605194e-01 5.042801076074671982e+03
2.015094188376753415e-01 4.953858512793825867e+03
2.037362725450901635e-01 4.864987846002096376e+03
2.059631262525049855e-01 4.776854031328976816e+03
2.081899799599198353e-01 4.690122024422822506e+03
2.104168336673346573e-01 4.605456780931991489e+03
2.126436873747494793e-01 4.523521939395040135e+03
2.148705410821643014e-01 4.444973911244811461e+03
2.170973947895791512e-01 4.370466641959877961e+03
2.193242484969939732e-01 4.300654074911897624e+03
2.215511022044087952e-01 4.236190153472527527e+03
2.237779559118236450e-01 4.177579382305455511e+03
2.260048096192384670e-01 4.124183569516739226e+03
2.282316633266532890e-01 4.074837002904612746e+03
2.304585170340681111e-01 4.028371134479442389e+03
2.326853707414829608e-01 3.983617416251596296e+03
2.349122244488977829e-01 3.939475970961169878e+03
2.371390781563126049e-01 3.895661494797678642e+03
2.393659318637274269e-01 3.852422048468195953e+03
2.415927855711422767e-01 3.810014940736938570e+03
2.438196392785570987e-01 3.768697480368122797e+03
2.460464929859719208e-01 3.728702647712935232e+03
2.482733466933867428e-01 3.689817687652311179e+03
2.505002004008015648e-01 3.651439444497785189e+03
2.527270541082163868e-01 3.612951562119085338e+03
2.549539078156312089e-01 3.573737684385941066e+03
2.571807615230460309e-01 3.533198385521266573e+03
2.594076152304609084e-01 3.491258792188714324e+03
2.616344689378757304e-01 3.448456879886390197e+03
2.638613226452905525e-01 3.405365347834838758e+03
2.660881763527053745e-01 3.362556895254609117e+03
2.683150300601201965e-01 3.320599833495125495e+03
2.705418837675350741e-01 3.279801523635937428e+03
2.727687374749498961e-01 3.240066183366978294e+03
2.749955911823647181e-01 3.201263506304175735e+03
2.772224448897795401e-01 3.163263186063453759e+03
2.794492985971943622e-01 3.125935360960263097e+03
2.816761523046091842e-01 3.089220773410803304e+03
2.839030060120240062e-01 3.053207404837614376e+03
2.861298597194388282e-01 3.018001656312558680e+03
2.883567134268537058e-01 2.983709928907497670e+03
2.905835671342685278e-01 2.950438618687332564e+03
2.928104208416833498e-01 2.918289454996750464e+03
2.950372745490981718e-01 2.887350850653956513e+03
2.972641282565129939e-01 2.857708858727261941e+03
2.994909819639278159e-01 2.829449532284974339e+03
3.017178356713426379e-01 2.802658924392491826e+03
3.039446893787575155e-01 2.777355480416340924e+03
3.061715430861723375e-01 2.753290054579412754e+03
3.083983967935871595e-01 2.730147305792951556e+03
3.106252505010019815e-01 2.707611892968196116e+03
3.128521042084168036e-01 2.685368475016392040e+03
3.150789579158316256e-01 2.663109139380740544e+03
3.173058116232464476e-01 2.640567568117956853e+03
3.195326653306612696e-01 2.617491912250230143e+03
3.217595190380761472e-01 2.593630337401360521e+03
3.239863727454909692e-01 2.568731009195152637e+03
3.262132264529057912e-01 2.542616244986071706e+03
3.284400801603206133e-01 2.515679281615446598e+03
3.306669338677354353e-01 2.488578484191949428e+03
3.328937875751502573e-01 2.461973679723036184e+03
3.351206412825650793e-01 2.436524695216163309e+03
3.373474949899799569e-01 2.412837571876096263e+03
3.395743486973947789e-01 2.390885827293894181e+03
3.418012024048096009e-01 2.370231423553869263e+03
3.440280561122244229e-01 2.350429305620463765e+03
3.462549098196392450e-01 2.331034418458122218e+03
3.484817635270540670e-01 2.311617708714591572e+03
3.507086172344688890e-01 2.292045980952622358e+03
3.529354709418837110e-01 2.272446611747098359e+03
3.551623246492985886e-01 2.252955886474608178e+03
3.573891783567134106e-01 2.233710090511742692e+03
3.596160320641282326e-01 2.214843063736537715e+03
3.618428857715430547e-01 2.196417275312223410e+03
3.640697394789578767e-01 2.178414248418898296e+03
3.662965931863726987e-01 2.160811136164556956e+03
3.685234468937875207e-01 2.143585091657195790e+03
3.707503006012023983e-01 2.126712749763312331e+03
3.729771543086172203e-01 2.110142291690967340e+03
3.752040080160320423e-01 2.093779250435511130e+03
3.774308617234468644e-01 2.077525655263801582e+03
3.796577154308616864e-01 2.061283535442697485e+03
3.818845691382765084e-01 2.044955375116091773e+03
3.841114228456913304e-01 2.028510623468007680e+03
3.863382765531061525e-01 2.012055751158966132e+03
3.885651302605210300e-01 1.995713989490925087e+03
3.907919839679358520e-01 1.979608569765843185e+03
3.930188376753506740e-01 1.963862663872580924e+03
3.952456913827654961e-01 1.948556568121955934e+03
3.974725450901803181e-01 1.933652198028571092e+03
3.996993987975951401e-01 1.919091210694649135e+03
4.019262525050099621e-01 1.904815263222412341e+03
4.041531062124248397e-01 1.890766012726139707e+03
4.063799599198396617e-01 1.876896248870100635e+03
4.086068136272544837e-01 1.863201926886910996e+03
4.108336673346693058e-01 1.849689462635429209e+03
4.130605210420841278e-01 1.836365271974512552e+03
4.152873747494989498e-01 1.823235770763019445e+03
4.175142284569137718e-01 1.810306183827171253e+03
4.197410821643285939e-01 1.797575205536817521e+03
4.219679358717434714e-01 1.785039303591678390e+03
4.241947895791582934e-01 1.772694943801007184e+03
4.264216432865731155e-01 1.760538591974056999e+03
4.286484969939879375e-01 1.748558613029887965e+03
4.308753507014027595e-01 1.736679646161133178e+03
4.331022044088175815e-01 1.724796187011941811e+03
4.353290581162324036e-01 1.712802551661170583e+03
4.375559118236472811e-01 1.700593056187675984e+03
4.397827655310621031e-01 1.688079657215886073e+03
4.420096192384769251e-01 1.675370238200344374e+03
4.442364729458917472e-01 1.662694876099576732e+03
4.464633266533065692e-01 1.650285503336729562e+03
4.486901803607213912e-01 1.638374052334951557e+03
4.509170340681362132e-01 1.627179550679884187e+03
4.531438877755510353e-01 1.616706084893306752e+03
4.553707414829659128e-01 1.606780342027174811e+03
4.575975951903807348e-01 1.597223699451273887e+03
4.598244488977955569e-01 1.587857534535385867e+03
4.620513026052103789e-01 1.578505707411470439e+03
4.642781563126252009e-01 1.569063652335072220e+03
4.665050100200400229e-01 1.559507479624353437e+03
4.687318637274548450e-01 1.549817610928866770e+03
4.709587174348696670e-01 1.539974467898166722e+03
4.731855711422845445e-01 1.529959748195700740e+03
4.754124248496993665e-01 1.519826247802579928e+03
4.776392785571141886e-01 1.509733933892468485e+03
4.798661322645290106e-01 1.499851647269670593e+03
4.820929859719438326e-01 1.490348228738489979e+03
4.843198396793586546e-01 1.481391529402912738e+03
4.865466933867734767e-01 1.473013967869071166e+03
4.887735470941883542e-01 1.464976047320823454e+03
4.910004008016031762e-01 1.457005752736653676e+03
4.932272545090179983e-01 1.448831069095045450e+03
4.954541082164328203e-01 1.440180138626546977e+03
4.976809619238476423e-01 1.430899915005626781e+03
4.999078156312624643e-01 1.421167418896563277e+03
5.021346693386772309e-01 1.411216525762888068e+03
5.043615230460920529e-01 1.401281111068132532e+03
5.065883767535069859e-01 1.391595050192242070e+03
5.088152304609218080e-01 1.382350260827703323e+03
5.110420841683366300e-01 1.373577123616702693e+03
5.132689378757514520e-01 1.365267149789510540e+03
5.154957915831662740e-01 1.357411850576396091e+03
5.177226452905810961e-01 1.350002737207628797e+03
5.199494989979959181e-01 1.343013728210236877e+03
5.221763527054107401e-01 1.336322975980133151e+03
5.244032064128255621e-01 1.329776204922672150e+03
5.266300601202403842e-01 1.323219113580092426e+03
5.288569138276552062e-01 1.316497400494631847e+03
5.310837675350701392e-01 1.309477560411119157e+03
5.333106212424849613e-01 1.302190817449447650e+03
5.355374749498997833e-01 1.294746777336600644e+03
5.377643286573146053e-01 1.287255524187158926e+03
5.399911823647294273e-01 1.279827142115702827e+03
5.422180360721442494e-01 1.272565208125041863e+03
5.444448897795590714e-01 1.265500475440691389e+03
5.466717434869738934e-01 1.258618020117480000e+03
5.488985971943887154e-01 1.251902213502162340e+03
5.511254509018035375e-01 1.245337426941491685e+03
5.533523046092183595e-01 1.238906597637541381e+03
5.555791583166331815e-01 1.232568111936516743e+03
5.578060120240480035e-01 1.226259739191518065e+03
5.600328657314628256e-01 1.219918608912560558e+03
5.622597194388776476e-01 1.213481850609658977e+03
5.644865731462925806e-01 1.206887869496645635e+03
5.667134268537074027e-01 1.200112254590593011e+03
5.689402805611222247e-01 1.193172740604493583e+03
5.711671342685370467e-01 1.186089335217210419e+03
5.733939879759518687e-01 1.178882046107606584e+03
5.756208416833666908e-01 1.171571630324708167e+03
5.778476953907815128e-01 1.164222587799745952e+03
5.800745490981963348e-01 1.156966527959668383e+03
5.823014028056111568e-01 1.149940752966320133e+03
5.845282565130259789e-01 1.143282564981547694e+03
5.867551102204408009e-01 1.137128502572713160e+03
5.889819639278556229e-01 1.131502986530188309e+03
5.912088176352704449e-01 1.126201180435484275e+03
5.934356713426852670e-01 1.120990227211833599e+03
5.956625250501000890e-01 1.115637269782469048e+03
5.978893787575150220e-01 1.109909582161305480e+03
6.001162324649298441e-01 1.103689363964549102e+03
6.023430861723446661e-01 1.097184276175788227e+03
6.045699398797594881e-01 1.090659192978878082e+03
6.067967935871743101e-01 1.084378988557672301e+03
6.090236472945891322e-01 1.078608536988559308e+03
6.112505010020039542e-01 1.073520079601543785e+03
6.134773547094187762e-01 1.068926943312991170e+03
6.157042084168335982e-01 1.064555540089259921e+03
6.179310621242484203e-01 1.060132281896708264e+03
6.201579158316632423e-01 1.055383580701694655e+03
6.223847695390780643e-01 1.050095929789695219e+03
6.246116232464928864e-01 1.044385004992465156e+03
6.268384769539077084e-01 1.038478642880444340e+03
6.290653306613225304e-01 1.032604774647315480e+03
6.312921843687374635e-01 1.026991331486759464e+03
6.335190380761522855e-01 1.021835738244505364e+03
6.357458917835671075e-01 1.017102516547445020e+03
6.379727454909819295e-01 1.012648815114256536e+03
6.401995991983967516e-01 1.008331208826434022e+03
6.424264529058115736e-01 1.004006272565472614e+03
6.446533066132263956e-01 9.995396423998012096e+02
6.468801603206412176e-01 9.948991379484168647e+02
6.491070140280560397e-01 9.901170368909827175e+02
6.513338677354708617e-01 9.852266271895839509e+02
6.535607214428856837e-01 9.802611968063067707e+02
6.557875751503005057e-01 9.752544659781507335e+02
6.580144288577153278e-01 9.702474824905319792e+02
6.602412825651301498e-01 9.652874095332572324e+02
6.624681362725449718e-01 9.604215976544983278e+02
6.646949899799599049e-01 9.556973974024277823e+02
6.669218436873747269e-01 9.511605283909011632e+02
6.691486973947895489e-01 9.468108243701374249e+02
6.713755511022043709e-01 9.425970338017973518e+02
6.736024048096191930e-01 9.384652305709049642e+02
6.758292585170340150e-01 9.343614885624828048e+02
6.780561122244488370e-01 9.302324305343041715e+02
6.802829659318636590e-01 9.260561859157919571e+02
6.825098196392784811e-01 9.218589168809950252e+02
6.847366733466933031e-01 9.176708250509808522e+02
6.869635270541081251e-01 9.135221120468161189e+02
6.891903807615229471e-01 9.094427037134202010e+02
6.914172344689377692e-01 9.054210877924418810e+02
6.936440881763525912e-01 9.013605202475746410e+02
6.958709418837674132e-01 8.971537668199117661e+02
6.980977955911823463e-01 8.926935932505450637e+02
7.003246492985971683e-01 8.878728765124239999e+02
7.025515030060119903e-01 8.826680907298167540e+02
7.047783567134268123e-01 8.772877855921929040e+02
7.070052104208416344e-01 8.719804564458195273e+02
7.092320641282564564e-01 8.669945986369637012e+02
7.114589178356712784e-01 8.625787074640301171e+02
7.136857715430861004e-01 8.589012077595424444e+02
7.159126252505009225e-01 8.558183013465969680e+02
7.181394789579157445e-01 8.531100985673533614e+02
7.203663326653305665e-01 8.505567097639708436e+02
7.225931863727453885e-01 8.479382452786082922e+02
7.248200400801602106e-01 8.450668710230105489e+02
7.270468937875750326e-01 8.419291184257573377e+02
7.292737474949898546e-01 8.385705200160545019e+02
7.315006012024047877e-01 8.350366550745320637e+02
7.337274549098196097e-01 8.313731028818197046e+02
7.359543086172344317e-01 8.276243381044117768e+02
7.381811623246492537e-01 8.238263439836326825e+02
7.404080160320640758e-01 8.200111657832086394e+02
7.426348697394788978e-01 8.162108271783697546e+02
7.448617234468937198e-01 8.124573518443465900e+02
7.470885771543085419e-01 8.087827793895284003e+02
7.493154308617233639e-01 8.052193304799018279e+02
7.515422845691381859e-01 8.017993406448714495e+02
7.537691382765530079e-01 7.985551472425884185e+02
7.559959919839678300e-01 7.955190876312041155e+02
7.582228456913826520e-01 7.927181621387568384e+02
7.604496993987974740e-01 7.900845947898152417e+02
7.626765531062122960e-01 7.874691781972741182e+02
7.649034068136272291e-01 7.847200562059779259e+02
7.671302605210420511e-01 7.816853726607729413e+02
7.693571142284568731e-01 7.782195522579655744e+02
7.715839679358716952e-01 7.743556657000140149e+02
7.738108216432865172e-01 7.703267791503310491e+02
7.760376753507013392e-01 7.663765265798572273e+02
7.782645290581161612e-01 7.627485419595330995e+02
7.804913827655309833e-01 7.596829988012036665e+02
7.827182364729458053e-01 7.572247086955752593e+02
7.849450901803606273e-01 7.551225220024974760e+02
7.871719438877754493e-01 7.531006141348320853e+02
7.893987975951902714e-01 7.508831605054413103e+02
7.916256513026050934e-01 7.481953047734577922e+02
7.938525050100199154e-01 7.449187762652505853e+02
7.960793587174347374e-01 7.412633387498145794e+02
7.983062124248496705e-01 7.374800132785177311e+02
8.005330661322644925e-01 7.338198209027285657e+02
8.027599198396793145e-01 7.305336757031976731e+02
8.049867735470941366e-01 7.277688027490589775e+02
8.072136272545089586e-01 7.253751355219197876e+02
8.094404809619237806e-01 7.231496608241113790e+02
8.116673346693386026e-01 7.208893654579654822e+02
8.138941883767534247e-01 7.183912362397485367e+02
8.161210420841682467e-01 7.155071754370349026e+02
8.183478957915830687e-01 7.123045884818285458e+02
8.205747494989978907e-01 7.089037365458106024e+02
8.228016032064127128e-01 7.054248808006611853e+02
8.250284569138275348e-01 7.019882824180612033e+02
8.272553106212423568e-01 6.987002240351848741e+02
8.294821643286571788e-01 6.955893990775575730e+02
8.317090180360721119e-01 6.926577345454002170e+02
8.339358717434869339e-01 6.899071322644799693e+02
8.361627254509017559e-01 6.873394940605627426e+02
8.383895791583165780e-01 6.849501715663209325e+02
8.406164328657314000e-01 6.826838157813543830e+02
8.428432865731462220e-01 6.804614251988309661e+02
8.450701402805610440e-01 6.782038653405486457e+02
8.472969939879758661e-01 6.758320017283057268e+02
8.495238476953906881e-01 6.732750271239829090e+02
8.517507014028055101e-01 6.705574891889448281e+02
8.539775551102203321e-01 6.677647736264250398e+02
8.562044088176351542e-01 6.649832499349304271e+02
8.584312625250499762e-01 6.622992876129684419e+02
8.606581162324647982e-01 6.597952437912832693e+02
8.628849699398796202e-01 6.574801914097091640e+02
8.651118236472945533e-01 6.552991391463929176e+02
8.673386773547093753e-01 6.531949377544375466e+02
8.695655310621241973e-01 6.511104379869453851e+02
8.717923847695390194e-01 6.489893633966211155e+02
8.740192384769538414e-01 6.468023744947789737e+02
8.762460921843686634e-01 6.445515430019650012e+02
8.784729458917834855e-01 6.422407149175113545e+02
8.806997995991983075e-01 6.398737362407509863e+02
8.829266533066131295e-01 6.374545558794059161e+02
8.851535070140279515e-01 6.349930198264263481e+02
8.873803607214427736e-01 6.325079585126716211e+02
8.896072144288575956e-01 6.300189572692868296e+02
8.918340681362724176e-01 6.275456014274176368e+02
8.940609218436872396e-01 6.251073401602412787e+02
8.962877755511020617e-01 6.227021806236148223e+02
8.985146292585168837e-01 6.202835047640030552e+02
9.007414829659318167e-01 6.177991251832827402e+02
9.029683366733466388e-01 6.151968544833312080e+02
9.051951903807614608e-01 6.124245529938548316e+02
9.074220440881762828e-01 6.094788037797869720e+02
9.096488977955911048e-01 6.064967521600588043e+02
9.118757515030059269e-01 6.036407405804160362e+02
9.141026052104207489e-01 6.010731114866035796e+02
9.163294589178355709e-01 5.989562073190226101e+02
9.185563126252503929e-01 5.973817426837533731e+02
9.207831663326652150e-01 5.961624979665500632e+02
9.230100200400800370e-01 5.950424029828297989e+02
9.252368737474948590e-01 5.937653875480083343e+02
9.274637274549096810e-01 5.920753814775027877e+02
9.296905811623245031e-01 5.897738930875995038e+02
9.319174348697393251e-01 5.869841110338338694e+02
9.341442885771542581e-01 5.839408852343804028e+02
9.363711422845690802e-01 5.808791763030284301e+02
9.385979959919839022e-01 5.780339448535670499e+02
9.408248496993987242e-01 5.756099270240181340e+02
9.430517034068135462e-01 5.735796991290332016e+02
9.452785571142283683e-01 5.718082441361600559e+02
9.475054108216431903e-01 5.701599568792524906e+02
9.497322645290580123e-01 5.684992321921658913e+02
9.519591182364728343e-01 5.667002821322914770e+02
9.541859719438876564e-01 5.647487798837101991e+02
9.564128256513024784e-01 5.627010639042241564e+02
9.586396793587173004e-01 5.606145957082467248e+02
9.608665330661321224e-01 5.585468368101916212e+02
9.630933867735469445e-01 5.565525885048391501e+02
9.653202404809617665e-01 5.546394597313970962e+02
9.675470941883766995e-01 5.527745377193001559e+02
9.697739478957915216e-01 5.509235933277527693e+02
9.720008016032063436e-01 5.490523974159592626e+02
9.742276553106211656e-01 5.471279589158626777e+02
9.764545090180359876e-01 5.451532827108551373e+02
9.786813627254508097e-01 5.431721212272506136e+02
9.809082164328656317e-01 5.412304198645176712e+02
9.831350701402804537e-01 5.393741240221245334e+02
9.853619238476952757e-01 5.376484237809253273e+02
9.875887775551100978e-01 5.360545710648838167e+02
9.898156312625249198e-01 5.345264960571724941e+02
9.920424849699397418e-01 5.329924283127933222e+02
9.942693386773545638e-01 5.313805973867486045e+02
9.964961923847693859e-01 5.296195021988456801e+02
9.987230460921842079e-01 5.276789611872098931e+02
1.000949899799599141e+00 5.256142246437118501e+02
1.003176753507013963e+00 5.234911227274835710e+02
1.005403607214428785e+00 5.213754855976570752e+02
1.007630460921843607e+00 5.193331308261418826e+02
1.009857314629258429e+00 5.174146675360129848e+02
1.012084168336673251e+00 5.156259741281071456e+02
1.014311022044088073e+00 5.139647466920686156e+02
1.016537875751502895e+00 5.124286813175417592e+02
1.018764729458917717e+00 5.110154740941711680e+02
1.020991583166332539e+00 5.097094084542297878e+02
1.023218436873747361e+00 5.084385059998598422e+02
1.025445290581162183e+00 5.071160386143080245e+02
1.027672144288577005e+00 5.056552781249125132e+02
1.029898997995991827e+00 5.039694963590121120e+02
1.032125851703406649e+00 5.019988858528740820e+02
1.034352705410821471e+00 4.998249907626682784e+02
1.036579559118236293e+00 4.975755875195797557e+02
1.038806412825651115e+00 4.953784788492808957e+02
1.041033266533065937e+00 4.933614674774438527e+02
1.043260120240480759e+00 4.916329243621129876e+02
1.045486973947895581e+00 4.901530999262621435e+02
1.047713827655310403e+00 4.888140507227195712e+02
1.049940681362725448e+00 4.875074709844652716e+02
1.052167535070140270e+00 4.861250549444800981e+02
1.054394388777555092e+00 4.845682566743707866e+02
1.056621242484969914e+00 4.828501917601295759e+02
1.058848096192384736e+00 4.810551714502148570e+02
1.061074949899799558e+00 4.792686562373673951e+02
1.063301803607214380e+00 4.775761066143272728e+02
1.065528657314629202e+00 4.760585401681161670e+02
1.067755511022044024e+00 4.747159109113336513e+02
1.069982364729458846e+00 4.734773529483849188e+02
1.072209218436873668e+00 4.722696179392755766e+02
1.074436072144288490e+00 4.710194575440105496e+02
1.076662925851703312e+00 4.696548642776145357e+02
1.078889779559118134e+00 4.681439722171016342e+02
1.081116633266532956e+00 4.665028076251638822e+02
1.083343486973947778e+00 4.647502029046496546e+02
1.085570340681362600e+00 4.629049904584067576e+02
1.087797194388777422e+00 4.609861789635157265e+02
1.090024048096192244e+00 4.590216939305855135e+02
1.092250901803607066e+00 4.570524037943603730e+02
1.094477755511021888e+00 4.551201936918922684e+02
1.096704609218436710e+00 4.532669487602328218e+02
1.098931462925851532e+00 4.515344823883693266e+02
1.101158316633266354e+00 4.499481146520505490e+02
1.103385170340681176e+00 4.484957160491649120e+02
1.105612024048095998e+00 4.471599874803465013e+02
1.107838877755510820e+00 4.459236298462299146e+02
1.110065731462925642e+00 4.447693440474494651e+02
1.112292585170340464e+00 4.436798309846392954e+02
1.114519438877755286e+00 4.426377915584338893e+02
1.116746292585170330e+00 4.416259266694672760e+02
1.118973146292585152e+00 4.406269372183743371e+02
1.121199999999999974e+00 4.396235241057888743e+02
