1.000000000000000021e-02 1.092526382836801167e+04
1.222685370741482917e-02 1.162688830194598449e+04
1.445370741482965987e-02 1.196198722556877510e+04
1.668056112224448884e-02 1.200771615365074103e+04
1.890741482965931780e-02 1.183055801861415421e+04
2.113426853707414677e-02 1.148761510242124496e+04
2.336112224448897573e-02 1.102873439354485890e+04
2.558797595190380469e-02 1.049667132469905118e+04
2.781482965931863366e-02 9.927293909215906751e+03
3.004168336673346262e-02 9.349623721226398629e+03
3.226853707414829159e-02 8.786306834412504031e+03
3.449539078156312055e-02 8.253895933990463163e+03
3.672224448897795646e-02 7.763431476491775356e+03
3.894909819639278542e-02 7.321355271904702022e+03
4.117595190380761438e-02 6.930115458928729822e+03
4.340280561122244335e-02 6.589148766990047079e+03
4.562965931863727231e-02 6.295485870573047578e+03
4.785651302605210128e-02 6.044412454838534359e+03
5.008336673346693024e-02 5.830026403787304844e+03
5.231022044088175921e-02 5.645935870080439599e+03
5.453707414829658817e-02 5.484913158483519510e+03
5.676392785571141714e-02 5.340879413761212163e+03
5.899078156312624610e-02 5.213213696203753898e+03
6.121763527054107507e-02 5.092321409999214666e+03
6.344448897795590403e-02 4.966245282719876741e+03
6.567134268537073993e-02 4.827264209716447112e+03
6.789819639278556196e-02 4.677107129501207964e+03
7.012505010020039786e-02 4.518781415385104992e+03
7.235190380761521989e-02 4.355294440679092986e+03
7.457875751503004191e-02 4.189653197031445416e+03
7.680561122244487782e-02 4.024298120348626526e+03
7.903246492985969984e-02 3.859966318885883084e+03
8.125931863727453575e-02 3.697076107661717288e+03
8.348617234468937165e-02 3.536045801694635429e+03
8.571302605210419367e-02 3.377293746851669312e+03
8.793987975951902958e-02 3.221731721985805052e+03
9.016673346693385160e-02 3.072015504892707213e+03
9.239358717434868751e-02 2.931185988462804289e+03
9.462044088176350953e-02 2.802284065586531142e+03
9.684729458917834544e-02 2.688350629154312173e+03
9.907414829659316746e-02 2.591623246854943773e+03
1.013010020040080034e-01 2.510583242399624851e+03
1.035278557114228254e-01 2.442614962640611793e+03
1.057547094188376613e-01 2.385102622180008893e+03
1.079815631262524833e-01 2.335430435619922719e+03
1.102084168336673192e-01 2.291129028536600799e+03
1.124352705410821412e-01 2.250596035179124101e+03
1.146621242484969772e-01 2.212547047309028585e+03
1.168889779559118131e-01 2.175698139062473274e+03
1.191158316633266351e-01 2.138765384575618555e+03
1.213426853707414710e-01 2.100561853256881022e+03
1.235695390781562930e-01 2.060716911668884677e+03
1.257963927855711428e-01 2.019268684137817445e+03
1.280232464929859648e-01 1.976258343279775545e+03
1.302501002004007868e-01 1.931727061710852468e+03
1.324769539078156089e-01 1.885721658487793547e+03
1.347038076152304586e-01 1.838367595067544244e+03
1.369306613226452807e-01 1.789848015210327048e+03
1.391575150300601027e-01 1.740347390436843170e+03
1.413843687374749525e-01 1.690050192267795865e+03
1.436112224448897745e-01 1.639159700077725120e+03
1.458380761523045965e-01 1.588248292034428005e+03
1.480649298597194186e-01 1.538225283619435459e+03
1.502917835671342683e-01 1.490012349108285434e+03
1.525186372745490904e-01 1.444531162776519295e+03
1.547454909819639124e-01 1.402686909772083254e+03
1.569723446893787622e-01 1.364879639677986461e+03
1.591991983967935842e-01 1.330922508862144241e+03
1.614260521042084062e-01 1.300595717592090523e+03
1.636529058116232282e-01 1.273679466135359462e+03
1.658797595190380780e-01 1.249951839737284217e+03
1.681066132264529001e-01 1.229049580389347284e+03
1.703334669338677221e-01 1.210381613910051556e+03
1.725603206412825441e-01 1.193336211418127277e+03
1.747871743486973939e-01 1.177301644032305830e+03
1.770140280561122159e-01 1.161666999115109093e+03
1.792408817635270379e-01 1.145969080808177296e+03
1.814677354709418600e-01 1.130062622678934531e+03
1.836945891783567097e-01 1.113843627291452776e+03
1.859214428857715318e-01 1.097208097209804919e+03
1.881482965931863538e-01 1.080052063677540900e+03
1.903751503006012036e-01 1.062303193527972780e+03
1.926020040080160256e-01 1.043981248176706004e+03
1.948288577154308476e-01 1.025122655060741636e+03
1.970557114228456697e-01 1.005763841617080629e+03
1.992825651302605194e-01 9.859412352827235964e+02
2.015094188376753415e-01 9.657320089048461114e+02
2.037362725450901635e-01 9.453801905556067595e+02
2.059631262525049855e-01 9.251725134146388427e+02
2.081899799599198353e-01 9.053957106815950056e+02
2.104168336673346573e-01 8.863365155561306210e+02
2.126436873747494793e-01 8.682444733787560835e+02
2.148705410821643014e-01 8.511650761979500430e+02
2.170973947895791512e-01 8.350741912214134572e+02
2.193242484969939732e-01 8.199476261690992942e+02
2.215511022044087952e-01 8.057611887609609767e+02
2.237779559118236450e-01 7.924874967120734937e+02
2.260048096192384670e-01 7.800747750775243503e+02
2.282316633266532890e-01 7.684599881595611350e+02
2.304585170340681111e-01 7.575800397260680938e+02
2.326853707414829608e-01 7.473718335449286769e+02
2.349122244488977829e-01 7.377686805583275600e+02
2.371390781563126049e-01 7.286612735444206237e+02
2.393659318637274269e-01 7.199123998585776008e+02
2.415927855711422767e-01 7.113843630014389419e+02
2.438196392785570987e-01 7.029394664736448703e+02
2.460464929859719208e-01 6.944437207540328245e+02
2.482733466933867428e-01 6.858310540959218997e+02
2.505002004008015648e-01 6.770948810165725718e+02
2.527270541082163868e-01 6.682306274159806208e+02
2.549539078156312089e-01 6.592337191941420542e+02
2.571807615230460309e-01 6.501003461003226676e+02
2.594076152304609084e-01 6.408503641944954552e+02
2.616344689378757304e-01 6.315312795289072483e+02
2.638613226452905525e-01 6.221921647911678974e+02
2.660881763527053745e-01 6.128820926688883901e+02
2.683150300601201965e-01 6.036502501976912072e+02
2.705418837675350741e-01 5.945526247826322788e+02
2.727687374749498961e-01 5.856557097538437802e+02
2.749955911823647181e-01 5.770268981395407764e+02
2.772224448897795401e-01 5.687335829679381050e+02
2.794492985971943622e-01 5.608428954013947987e+02
2.816761523046091842e-01 5.533803906563848614e+02
2.839030060120240062e-01 5.462849207565875531e+02
2.861298597194388282e-01 5.394844911270381544e+02
2.883567134268537058e-01 5.329071071927717185e+02
2.905835671342685278e-01 5.264807992925618692e+02
2.928104208416833498e-01 5.201568185175171948e+02
2.950372745490981718e-01 5.139526765763553158e+02
2.972641282565129939e-01 5.078976268647633106e+02
2.994909819639278159e-01 5.020209227784288828e+02
3.017178356713426379e-01 4.963518177130385425e+02
3.039446893787575155e-01 4.909092591041212472e+02
3.061715430861723375e-01 4.856708501719927540e+02
3.083983967935871595e-01 4.806038279016998445e+02
3.106252505010019815e-01 4.756754292782798075e+02
3.128521042084168036e-01 4.708528912867698750e+02
3.150789579158316256e-01 4.661022279184634840e+02
3.173058116232464476e-01 4.613826052501026425e+02
3.195326653306612696e-01 4.566508072653931549e+02
3.217595190380761472e-01 4.518636155441089386e+02
3.239863727454909692e-01 4.469778116660239675e+02
3.262132264529057912e-01 4.419594859621499836e+02
3.284400801603206133e-01 4.368464000169094561e+02
3.306669338677354353e-01 4.317095986983990201e+02
3.328937875751502573e-01 4.266203103964206775e+02
3.351206412825650793e-01 4.216497635007764302e+02
3.373474949899799569e-01 4.168646380315020679e+02
3.395743486973947789e-01 4.122789905332235776e+02
3.418012024048096009e-01 4.078730458794491938e+02
3.440280561122244229e-01 4.036264704029906056e+02
3.462549098196392450e-01 3.995189304366591045e+02
3.484817635270540670e-01 3.955301522215197565e+02
3.507086172344688890e-01 3.916409485751406123e+02
3.529354709418837110e-01 3.878330781292836491e+02
3.551623246492985886e-01 3.840883311015165305e+02
3.573891783567134106e-01 3.803884977094072610e+02
3.596160320641282326e-01 3.767159567588082609e+02
3.618428857715430547e-01 3.730702647253524447e+02
3.640697394789578767e-01 3.694704603523239257e+02
3.662965931863726987e-01 3.659366341821339006e+02
3.685234468937875207e-01 3.624888767571933386e+02
3.707503006012023983e-01 3.591469510641166494e+02
3.729771543086172203e-01 3.559126358855735930e+02
3.752040080160320423e-01 3.527607540977786016e+02
3.774308617234468644e-01 3.496639140368393441e+02
3.796577154308616864e-01 3.465947240388632622e+02
3.818845691382765084e-01 3.435258749076306231e+02
3.841114228456913304e-01 3.404421979828870235e+02
3.863382765531061525e-01 3.373533661360210090e+02
3.885651302605210300e-01 3.342720908861964517e+02
3.907919839679358520e-01 3.312110837525767693e+02
3.930188376753506740e-01 3.281830546404721076e+02
3.952456913827654961e-01 3.251994287914906181e+02
3.974725450901803181e-01 3.222680379739280170e+02
3.996993987975951401e-01 3.193960904475446796e+02
4.019262525050099621e-01 3.165907944721008107e+02
4.041531062124248397e-01 3.138593583032448464e+02
4.063799599198396617e-01 3.112051934660618713e+02
4.086068136272544837e-01 3.086169899678519073e+02
4.108336673346693058e-01 3.060798702434002507e+02
4.130605210420841278e-01 3.035789567274920273e+02
4.152873747494989498e-01 3.010993718549122491e+02
4.175142284569137718e-01 2.986289153229220688e+02
4.197410821643285939e-01 2.961700663138606728e+02
4.219679358717434714e-01 2.937303092300745675e+02
4.241947895791582934e-01 2.913171327234003343e+02
4.264216432865731155e-01 2.889380254456743842e+02
4.286484969939879375e-01 2.865993732774331875e+02
4.308753507014027595e-01 2.842988871387438508e+02
4.331022044088175815e-01 2.820301745191416103e+02
4.353290581162324036e-01 2.797868184640021809e+02
4.375559118236472811e-01 2.775624020187016185e+02
4.397827655310621031e-01 2.753514831819047117e+02
4.420096192384769251e-01 2.731594483876379513e+02
4.442364729458917472e-01 2.709984374301424168e+02
4.464633266533065692e-01 2.688806926510164885e+02
4.486901803607213912e-01 2.668184563918590015e+02
4.509170340681362132e-01 2.648228781534557470e+02
4.531438877755510353e-01 2.628869052417305738e+02
4.553707414829659128e-01 2.609884619620692092e+02
4.575975951903807348e-01 2.591050229716244075e+02
4.598244488977955569e-01 2.572140629275486390e+02
4.620513026052103789e-01 2.552937348660006194e+02
4.642781563126252009e-01 2.533417484215567868e+02
4.665050100200400229e-01 2.513778568009590231e+02
4.687318637274548450e-01 2.494229912201579396e+02
4.709587174348696670e-01 2.474980828951042042e+02
4.731855711422845445e-01 2.456238454481891438e+02
4.754124248496993665e-01 2.438088683893097368e+02
4.776392785571141886e-01 2.420434657524101567e+02
4.798661322645290106e-01 2.403164383865991738e+02
4.820929859719438326e-01 2.386165871409855583e+02
4.843198396793586546e-01 2.369327698801678252e+02
4.865466933867734767e-01 2.352620267772622640e+02
4.887735470941883542e-01 2.336180311134787360e+02
4.910004008016031762e-01 2.320164749819070380e+02
4.932272545090179983e-01 2.304730504756367395e+02
4.954541082164328203e-01 2.290034346846121309e+02
4.976809619238476423e-01 2.276119691061311983e+02
4.999078156312624643e-01 2.262715041216603140e+02
5.021346693386772309e-01 2.249494656954294953e+02
5.043615230460920529e-01 2.236132797916681341e+02
5.065883767535069859e-01 2.222303723961258868e+02
5.088152304609218080e-01 2.207789718416169364e+02
5.110420841683366300e-01 2.192788954852017014e+02
5.132689378757514520e-01 2.177599679294100667e+02
5.154957915831662740e-01 2.162520137767716335e+02
5.177226452905810961e-01 2.147848576298162016e+02
5.199494989979959181e-01 2.133823909414645925e+02
5.221763527054107401e-01 2.120362079800860897e+02
5.244032064128255621e-01 2.107269666549896385e+02
5.266300601202403842e-01 2.094353161531326748e+02
5.288569138276552062e-01 2.081419056614724354e+02
5.310837675350701392e-01 2.068301376308533577e+02
5.333106212424849613e-01 2.055052234667857078e+02
5.355374749498997833e-01 2.041827517216299555e+02
5.377643286573146053e-01 2.028783742827372407e+02
5.399911823647294273e-01 2.016077430374586470e+02
5.422180360721442494e-01 2.003850799370386540e+02
5.444448897795590714e-01 1.992083435182918549e+02
5.466717434869738934e-01 1.980651680551709717e+02
5.488985971943887154e-01 1.969430231546801906e+02
5.511254509018035375e-01 1.958293784238237834e+02
5.533523046092183595e-01 1.947121767007787128e+02
5.555791583166331815e-01 1.935874619800838730e+02
5.578060120240480035e-01 1.924580813382471263e+02
5.600328657314628256e-01 1.913270929836774030e+02
5.622597194388776476e-01 1.901975551247838894e+02
5.644865731462925806e-01 1.890724610105865793e+02
5.667134268537074027e-01 1.879529104747960560e+02
5.689402805611222247e-01 1.868378572740959100e+02
5.711671342685370467e-01 1.857261394247668420e+02
5.733939879759518687e-01 1.846165949430894955e+02
5.756208416833666908e-01 1.835081374111096011e+02
5.778476953907815128e-01 1.824039537803741098e+02
5.800745490981963348e-01 1.813137090862637422e+02
5.823014028056111568e-01 1.802476089377036885e+02
5.845282565130259789e-01 1.792158589436192528e+02
5.867551102204408009e-01 1.782286011911023706e+02
5.889819639278556229e-01 1.772870886208689285e+02
5.912088176352704449e-01 1.763746219861394025e+02
5.934356713426852670e-01 1.754723400490363758e+02
5.956625250501000890e-01 1.745613815716826309e+02
5.978893787575150220e-01 1.736228958527716202e+02
6.001162324649298441e-01 1.726472694739841813e+02
6.023430861723446661e-01 1.716510483643711780e+02
6.045699398797594881e-01 1.706553770325074311e+02
6.067967935871743101e-01 1.696813999869677616e+02
6.090236472945891322e-01 1.687502617280136405e+02
6.112505010020039542e-01 1.678759409639298781e+02
6.134773547094187762e-01 1.670446518583233058e+02
6.157042084168335982e-01 1.662358850944362700e+02
6.179310621242484203e-01 1.654291313555108900e+02
6.201579158316632423e-01 1.646038813247895973e+02
6.223847695390780643e-01 1.637439228238724525e+02
6.246116232464928864e-01 1.628565874807727027e+02
6.268384769539077084e-01 1.619572288880597171e+02
6.290653306613225304e-01 1.610612074059498866e+02
6.312921843687374635e-01 1.601838833946595742e+02
6.335190380761522855e-01 1.593388966537405622e+02
6.357458917835671075e-01 1.585265587810002614e+02
6.379727454909819295e-01 1.577409593835976978e+02
6.401995991983967516e-01 1.569761529892029444e+02
6.424264529058115736e-01 1.562261941254861597e+02
6.446533066132263956e-01 1.554853662485052723e+02
6.468801603206412176e-01 1.547504932263541093e+02
6.491070140280560397e-01 1.540199822718548717e+02
6.513338677354708617e-01 1.532922645964782760e+02
6.535607214428856837e-01 1.525657714116949535e+02
6.557875751503005057e-01 1.518389950355292228e+02
6.580144288577153278e-01 1.511114636111618950e+02
6.602412825651301498e-01 1.503835697577690667e+02
6.624681362725449718e-01 1.496557325795799898e+02
6.646949899799599049e-01 1.489283711808237172e+02
6.669218436873747269e-01 1.482019606570366363e+02
6.691486973947895489e-01 1.474785514029251488e+02
6.713755511022043709e-01 1.467619476128697045e+02
6.736024048096191930e-01 1.460560453016507836e+02
6.758292585170340150e-01 1.453647404840489514e+02
6.780561122244488370e-01 1.446918762432930805e+02
6.802829659318636590e-01 1.440381587218687685e+02
6.825098196392784811e-01 1.433994540704308918e+02
6.847366733466933031e-01 1.427712146878418764e+02
6.869635270541081251e-01 1.421488929729641768e+02
6.891903807615229471e-01 1.415279452059654091e+02
6.914172344689377692e-01 1.409044724685207655e+02
6.936440881763525912e-01 1.402759355610426724e+02
6.958709418837674132e-01 1.396399676221606114e+02
6.980977955911823463e-01 1.389942017905041780e+02
7.003246492985971683e-01 1.383362752849658364e+02
7.025515030060119903e-01 1.376668918771121923e+02
7.047783567134268123e-01 1.369952684509056269e+02
7.070052104208416344e-01 1.363320871969458210e+02
7.092320641282564564e-01 1.356880303058323420e+02
7.114589178356712784e-01 1.350737799657889582e+02
7.136857715430861004e-01 1.344960436931396259e+02
7.159126252505009225e-01 1.339460303555071903e+02
7.181394789579157445e-01 1.334111716641339171e+02
7.203663326653305665e-01 1.328788993302621577e+02
7.225931863727453885e-01 1.323366450651341779e+02
7.248200400801602106e-01 1.317742129861446188e+02
7.270468937875750326e-01 1.311943118581565386e+02
7.292737474949898546e-01 1.306040170686177078e+02
7.315006012024047877e-01 1.300104074650101325e+02
7.337274549098196097e-01 1.294205618948158190e+02
7.359543086172344317e-01 1.288411365443098191e+02
7.381811623246492537e-01 1.282755385049962626e+02
7.404080160320640758e-01 1.277256680703837475e+02
7.426348697394788978e-01 1.271934172735221011e+02
7.448617234468937198e-01 1.266806781474611228e+02
7.470885771543085419e-01 1.261888129960967859e+02
7.493154308617233639e-01 1.257130660719284236e+02
7.515422845691381859e-01 1.252447534319698548e+02
7.537691382765530079e-01 1.247751265087560739e+02
7.559959919839678300e-01 1.242954367348219193e+02
7.582228456913826520e-01 1.237974287479729583e+02
7.604496993987974740e-01 1.232816056474463977e+02
7.626765531062122960e-01 1.227559957666610018e+02
7.649034068136272291e-01 1.222288722168116522e+02
7.671302605210420511e-01 1.217085081090934864e+02
7.693571142284568731e-01 1.212029938743762045e+02
7.715839679358716952e-01 1.207151019555713987e+02
7.738108216432865172e-01 1.202415809900769545e+02
7.760376753507013392e-01 1.197788550838162820e+02
7.782645290581161612e-01 1.193233483427126345e+02
7.804913827655309833e-01 1.188714905385672012e+02
7.827182364729458053e-01 1.184200416060540846e+02
7.849450901803606273e-01 1.179662676811598203e+02
7.871719438877754493e-01 1.175074778016697508e+02
7.893987975951902714e-01 1.170409810053693462e+02
7.916256513026050934e-01 1.165641107127738110e+02
7.938525050100199154e-01 1.160779506076860628e+02
7.960793587174347374e-01 1.155913436070529201e+02
7.983062124248496705e-01 1.151140942949430865e+02
8.005330661322644925e-01 1.146560072554252372e+02
8.027599198396793145e-01 1.142268810368500453e+02
8.049867735470941366e-01 1.138312524252555136e+02
8.072136272545089586e-01 1.134587677798659371e+02
8.094404809619237806e-01 1.130964578081212295e+02
8.116673346693386026e-01 1.127313532174612476e+02
8.138941883767534247e-01 1.123504847281994614e+02
8.161210420841682467e-01 1.119446068379164245e+02
8.183478957915830687e-01 1.115186988523921627e+02
8.205747494989978907e-01 1.110811361800974169e+02
8.228016032064127128e-01 1.106402942295028282e+02
8.250284569138275348e-01 1.102045484090790808e+02
8.272553106212423568e-01 1.097809658057820741e+02
8.294821643286571788e-01 1.093694505994091344e+02
8.317090180360721119e-01 1.089674681199098387e+02
8.339358717434869339e-01 1.085724816527748686e+02
8.361627254509017559e-01 1.081819544834949056e+02
8.383895791583165780e-01 1.077936807077218901e+02
8.406164328657314000e-01 1.074079780351136577e+02
8.428432865731462220e-01 1.070263268215638419e+02
8.450701402805610440e-01 1.066502136183583076e+02
8.472969939879758661e-01 1.062811249767827633e+02
8.495238476953906881e-01 1.059203206502356238e+02
8.517507014028055101e-01 1.055665050108709409e+02
8.539775551102203321e-01 1.052167715277608551e+02
8.562044088176351542e-01 1.048681884669240247e+02
8.584312625250499762e-01 1.045178240943787955e+02
8.606581162324647982e-01 1.041629136700154135e+02
8.628849699398796202e-01 1.038036847614939120e+02
8.651118236472945533e-01 1.034429502392801652e+02
8.673386773547093753e-01 1.030836080208926688e+02
8.695655310621241973e-01 1.027285560238497482e+02
8.717923847695390194e-01 1.023806244456717707e+02
8.740192384769538414e-01 1.020406501684144587e+02
8.762460921843686634e-01 1.017071996302682919e+02
8.784729458917834855e-01 1.013787158291497690e+02
8.806997995991983075e-01 1.010536417629755164e+02
8.829266533066131295e-01 1.007304270028102025e+02
8.851535070140279515e-01 1.004078977888561326e+02
8.873803607214427736e-01 1.000854542313460485e+02
8.896072144288575956e-01 9.976254465884923661e+01
8.918340681362724176e-01 9.943861739993495519e+01
8.940609218436872396e-01 9.911312191123545290e+01
8.962877755511020617e-01 9.878568529558368994e+01
8.985146292585168837e-01 9.845630437377256783e+01
9.007414829659318167e-01 9.812502210837794792e+01
9.029683366733466388e-01 9.779188146197571996e+01
9.051951903807614608e-01 9.745692602655931580e+01
9.074220440881762828e-01 9.712084193232649909e+01
9.096488977955911048e-01 9.678616899477856350e+01
9.118757515030059269e-01 9.645577932021581091e+01
9.141026052104207489e-01 9.613254501493844373e+01
9.163294589178355709e-01 9.581933818515439327e+01
9.185563126252503929e-01 9.551781145215657887e+01
9.207831663326652150e-01 9.522480126133137901e+01
9.230100200400800370e-01 9.493595526001242035e+01
9.252368737474948590e-01 9.464692109553313060e+01
9.274637274549096810e-01 9.435334641522709376e+01
9.296905811623245031e-01 9.405196936575050870e+01
9.319174348697393251e-01 9.374553734123686866e+01
9.341442885771542581e-01 9.343885651490440125e+01
9.363711422845690802e-01 9.313673488355429697e+01
9.385979959919839022e-01 9.284398044398770367e+01
9.408248496993987242e-01 9.256464697596449298e+01
9.430517034068135462e-01 9.229699497778504735e+01
9.452785571142283683e-01 9.203660007948160171e+01
9.475054108216431903e-01 9.177902323488609682e+01
9.497322645290580123e-01 9.151982539783072923e+01
9.519591182364728343e-01 9.125487866837438844e+01
9.541859719438876564e-01 9.098358778580835349e+01
9.564128256513024784e-01 9.070759714844868427e+01
9.586396793587173004e-01 9.042858674866974411e+01
9.608665330661321224e-01 9.014823657884591057e+01
9.630933867735469445e-01 8.986820740229161686e+01
9.653202404809617665e-01 8.958982524631079514e+01
9.675470941883766995e-01 8.931413207517442743e+01
9.697739478957915216e-01 8.904216084436603751e+01
9.720008016032063436e-01 8.877494450936914916e+01
9.742276553106211656e-01 8.851347548455173353e+01
9.764545090180359876e-01 8.825756748453457590e+01
9.786813627254508097e-01 8.800569993170236671e+01
9.809082164328656317e-01 8.775628043878349160e+01
9.831350701402804537e-01 8.750771661850646410e+01
9.853619238476952757e-01 8.725843031292588137e+01
9.875887775551100978e-01 8.700767110799139914e+01
9.898156312625249198e-01 8.675595685313645333e+01
9.920424849699397418e-01 8.650391279101479824e+01
9.942693386773545638e-01 8.625216416428027344e+01
9.964961923847693859e-01 8.600133560940805921e+01
9.987230460921842079e-01 8.575196322452163145e+01
1.000949899799599141e+00 8.550440230872598590e+01
1.003176753507013963e+00 8.525898609846584009e+01
1.005403607214428785e+00 8.501604783018565570e+01
1.007630460921843607e+00 8.477592066240505631e+01
1.009857314629258429e+00 8.453884360115388574e+01
1.012084168336673251e+00 8.430477873343401995e+01
1.014311022044088073e+00 8.407363749118199792e+01
1.016537875751502895e+00 8.384533130633433018e+01
1.018764729458917717e+00 8.361977161082749888e+01
1.020991583166332539e+00 8.339663040617533341e+01
1.023218436873747361e+00 8.317457535944870983e+01
1.025445290581162183e+00 8.295201083930327002e+01
1.027672144288577005e+00 8.272734121339659907e+01
1.029898997995991827e+00 8.249897084938642422e+01
1.032125851703406649e+00 8.226592835334541576e+01
1.034352705410821471e+00 8.203051999804559102e+01
1.036579559118236293e+00 8.179612409199771150e+01
1.038806412825651115e+00 8.156611955342999920e+01
1.041033266533065937e+00 8.134388530057071875e+01
1.043260120240480759e+00 8.113214005547123975e+01
1.045486973947895581e+00 8.092857013073654571e+01
1.047713827655310403e+00 8.072854494566472283e+01
1.049940681362725448e+00 8.052742160970210250e+01
1.052167535070140270e+00 8.032055723229515820e+01
1.054394388777555092e+00 8.010378558040464725e+01
1.056621242484969914e+00 7.987839382057448745e+01
1.058848096192384736e+00 7.964914622064145533e+01
1.061074949899799558e+00 7.942086317600173118e+01
1.063301803607214380e+00 7.919836508205148107e+01
1.065528657314629202e+00 7.898626160774318805e+01
1.067755511022044024e+00 7.878531758717674904e+01
1.069982364729458846e+00 7.859293887536402679e+01
1.072209218436873668e+00 7.840641832828717384e+01
1.074436072144288490e+00 7.822304880192821486e+01
1.076662925851703312e+00 7.804013232991050586e+01
1.078889779559118134e+00 7.785526784182610527e+01
1.081116633266532956e+00 7.766640848858200741e+01
1.083343486973947778e+00 7.747152817592514396e+01
1.085570340681362600e+00 7.726860080960256028e+01
1.087797194388777422e+00 7.705565981634880757e+01
1.090024048096192244e+00 7.683374949256327113e+01
1.092250901803607066e+00 7.660828445932656905e+01
1.094477755511021888e+00 7.638502263874944731e+01
1.096704609218436710e+00 7.616972195294273718e+01
1.098931462925851532e+00 7.596811759286680399e+01
1.101158316633266354e+00 7.578285781344959560e+01
1.103385170340681176e+00 7.561040550772328572e+01
1.105612024048095998e+00 7.544648564419506442e+01
1.107838877755510820e+00 7.528682319137203649e+01
1.110065731462925642e+00 7.512714311776140619e+01
1.112292585170340464e+00 7.496317039187033515e+01
1.114519438877755286e+00 7.479062998220592817e+01
1.116746292585170330e+00 7.460524685727534688e+01
1.118973146292585152e+00 7.440274598558582397e+01
1.121199999999999974e+00 7.417885233564443581e+01
