1.000000000000000021e-02 1.063549148806073572e+04
1.222685370741482917e-02 1.131918812120600342e+04
1.445370741482965987e-02 1.164619949536680360e+04
1.668056112224448884e-02 1.169156846970744846e+04
1.890741482965931780e-02 1.151995008494297872e+04
2.113426853707414677e-02 1.118688357382342838e+04
2.336112224448897573e-02 1.074085913766551676e+04
2.558797595190380469e-02 1.022346470939842220e+04
2.781482965931863366e-02 9.669596943051725248e+03
3.004168336673346262e-02 9.107516682687612047e+03
3.226853707414829159e-02 8.559289190502282509e+03
3.449539078156312055e-02 8.041047887016424284e+03
3.672224448897795646e-02 7.563576634070859654e+03
3.894909819639278542e-02 7.133176406371725534e+03
4.117595190380761438e-02 6.752261035117192478e+03
4.340280561122244335e-02 6.420309740615999544e+03
4.562965931863727231e-02 6.134457204678672497e+03
4.785651302605210128e-02 5.890136395793983866e+03
5.008336673346693024e-02 5.681592224630611781e+03
5.231022044088175921e-02 5.502645580850280567e+03
5.453707414829658817e-02 5.346154175536028561e+03
5.676392785571141714e-02 5.206353428842301582e+03
5.899078156312624610e-02 5.084153063520862815e+03
6.121763527054107507e-02 4.969151407333587485e+03
6.344448897795590403e-02 4.847974593734981681e+03
6.567134268537073993e-02 4.712107768823238075e+03
6.789819639278556196e-02 4.563875564195521292e+03
7.012505010020039786e-02 4.407069014853149383e+03
7.235190380761521989e-02 4.245479155797449494e+03
7.457875751503004191e-02 4.082896439157485474e+03
7.680561122244487782e-02 3.922246077570163834e+03
7.903246492985969984e-02 3.763851975022258557e+03
8.125931863727453575e-02 3.607551176965873765e+03
8.348617234468937165e-02 3.453180728853119490e+03
8.571302605210419367e-02 3.300577714833999835e+03
8.793987975951902958e-02 3.150198205434827742e+03
9.016673346693385160e-02 3.004686028418562273e+03
9.239358717434868751e-02 2.867168118684804540e+03
9.462044088176350953e-02 2.740771411133165202e+03
9.684729458917834544e-02 2.628622840663242641e+03
9.907414829659316746e-02 2.533072147122609749e+03
1.013010020040080034e-01 2.452835007556285291e+03
1.035278557114228254e-01 2.385565804050246243e+03
1.057547094188376613e-01 2.328918790742085548e+03
1.079815631262524833e-01 2.280548221769395241e+03
1.102084168336673192e-01 2.238194236749499851e+03
1.124352705410821412e-01 2.200105567338217497e+03
1.146621242484969772e-01 2.164717460810511056e+03
1.168889779559118131e-01 2.130465447404938459e+03
1.191158316633266351e-01 2.095785057360058545e+03
1.213426853707414710e-01 2.059240600855082903e+03
1.235695390781562930e-01 2.020480180058538053e+03
1.257963927855711428e-01 1.979694601946187504e+03
1.280232464929859648e-01 1.937078720686859924e+03
1.302501002004007868e-01 1.892827390449383302e+03
1.324769539078156089e-01 1.847135114146233718e+03
1.347038076152304586e-01 1.800191502467650480e+03
1.369306613226452807e-01 1.752182577776894959e+03
1.391575150300601027e-01 1.703294279839294859e+03
1.413843687374749525e-01 1.653712548420178564e+03
1.436112224448897745e-01 1.603640559113539211e+03
1.458380761523045965e-01 1.553619735758796423e+03
1.480649298597194186e-01 1.504500277128455764e+03
1.502917835671342683e-01 1.457143707798478999e+03
1.525186372745490904e-01 1.412411552344830170e+03
1.547454909819639124e-01 1.371151276518733994e+03
1.569723446893787622e-01 1.333779661528729321e+03
1.591991983967935842e-01 1.300213096503500992e+03
1.614260521042084062e-01 1.270339871811703233e+03
1.636529058116232282e-01 1.244048277821990723e+03
1.658797595190380780e-01 1.221223098215185246e+03
1.681066132264529001e-01 1.201514770825225696e+03
1.703334669338677221e-01 1.184196016315012912e+03
1.725603206412825441e-01 1.168505310040522772e+03
1.747871743486973939e-01 1.153681127357730702e+03
1.770140280561122159e-01 1.138963168399049209e+03
1.792408817635270379e-01 1.123812782799981278e+03
1.814677354709418600e-01 1.108168374323954822e+03
1.836945891783567097e-01 1.092030270996858007e+03
1.859214428857715318e-01 1.075398800844579910e+03
1.881482965931863538e-01 1.058274294572780946e+03
1.903751503006012036e-01 1.040660038873147641e+03
1.926020040080160256e-01 1.022567925628563785e+03
1.948288577154308476e-01 1.004011403972046878e+03
1.970557114228456697e-01 9.850039230366134007e+02
1.992825651302605194e-01 9.655589319552798315e+02
2.015094188376753415e-01 9.457313197833871072e+02
2.037362725450901635e-01 9.257456748757298328e+02
2.059631262525049855e-01 9.058700186100850260e+02
2.081899799599198353e-01 8.863723723845914719e+02
2.104168336673346573e-01 8.675207575973897747e+02
2.126436873747494793e-01 8.495538539822330222e+02
2.148705410821643014e-01 8.325493407918120283e+02
2.170973947895791512e-01 8.165299624490606902e+02
2.193242484969939732e-01 8.015184164403704017e+02
2.215511022044087952e-01 7.875374002521330112e+02
2.237779559118236450e-01 7.745976084533940593e+02
2.260048096192384670e-01 7.626179542232288213e+02
2.282316633266532890e-01 7.514749803084525865e+02
2.304585170340681111e-01 7.410450016853922079e+02
2.326853707414829608e-01 7.312043333303752206e+02
2.349122244488977829e-01 7.218315014197798973e+02
2.371390781563126049e-01 7.128312614253475203e+02
2.393659318637274269e-01 7.041255431761192085e+02
2.415927855711422767e-01 6.956365742889198600e+02
2.438196392785570987e-01 6.872865823805743730e+02
2.460464929859719208e-01 6.789988579951734664e+02
2.482733466933867428e-01 6.707161662057781086e+02
2.505002004008015648e-01 6.623983289896167435e+02
2.527270541082163868e-01 6.540057450614741583e+02
2.549539078156312089e-01 6.454988131361360502e+02
2.571807615230460309e-01 6.368390713467837259e+02
2.594076152304609084e-01 6.280233603801914342e+02
2.616344689378757304e-01 6.190897658533685899e+02
2.638613226452905525e-01 6.100787103013844899e+02
2.660881763527053745e-01 6.010306162593093404e+02
2.683150300601201965e-01 5.919861818211380751e+02
2.705418837675350741e-01 5.830024927946318485e+02
2.727687374749498961e-01 5.741619524493006566e+02
2.749955911823647181e-01 5.655491321713728894e+02
2.772224448897795401e-01 5.572486033470764824e+02
2.794492985971943622e-01 5.493446464735754944e+02
2.816761523046091842e-01 5.418753581423663945e+02
2.839030060120240062e-01 5.347825222335477520e+02
2.861298597194388282e-01 5.279958738745575602e+02
2.883567134268537058e-01 5.214451481928331305e+02
2.905835671342685278e-01 5.150601064066062236e+02
2.928104208416833498e-01 5.087948275556049680e+02
2.950372745490981718e-01 5.026727817935117741e+02
2.972641282565129939e-01 4.967297356993645394e+02
2.994909819639278159e-01 4.910014558522021844e+02
3.017178356713426379e-01 4.855237088310626632e+02
3.039446893787575155e-01 4.803171685713148236e+02
3.061715430861723375e-01 4.753419621501612369e+02
3.083983967935871595e-01 4.705430357307790246e+02
3.106252505010019815e-01 4.658653354763320067e+02
3.128521042084168036e-01 4.612538075499838328e+02
3.150789579158316256e-01 4.566566076731535873e+02
3.173058116232464476e-01 4.520398628617016925e+02
3.195326653306612696e-01 4.473759515668779159e+02
3.217595190380761472e-01 4.426372585486780054e+02
3.239863727454909692e-01 4.377961685670973679e+02
3.262132264529057912e-01 4.328328227634638665e+02
3.284400801603206133e-01 4.277870813066966207e+02
3.306669338677354353e-01 4.227265371768702948e+02
3.328937875751502573e-01 4.177189362708457452e+02
3.351206412825650793e-01 4.128320244854845669e+02
3.373474949899799569e-01 4.081290832729325757e+02
3.395743486973947789e-01 4.036217416013113848e+02
3.418012024048096009e-01 3.992884210187015697e+02
3.440280561122244229e-01 3.951069948385001567e+02
3.462549098196392450e-01 3.910553363741033763e+02
3.484817635270540670e-01 3.871117156895816152e+02
3.507086172344688890e-01 3.832615988518204517e+02
3.529354709418837110e-01 3.794967157127056225e+02
3.551623246492985886e-01 3.758090053054789905e+02
3.573891783567134106e-01 3.721904066633819639e+02
3.596160320641282326e-01 3.686329340820478819e+02
3.618428857715430547e-01 3.651307983542932902e+02
3.640697394789578767e-01 3.616807014575119297e+02
3.662965931863726987e-01 3.582794798619503354e+02
3.685234468937875207e-01 3.549239700378553835e+02
3.707503006012023983e-01 3.516110467190680993e+02
3.729771543086172203e-01 3.483396854732123415e+02
3.752040080160320423e-01 3.451120107356122162e+02
3.774308617234468644e-01 3.419304056342029980e+02
3.796577154308616864e-01 3.387972532969197346e+02
3.818845691382765084e-01 3.357149257000888269e+02
3.841114228456913304e-01 3.326841531282200890e+02
3.863382765531061525e-01 3.297023066945844221e+02
3.885651302605210300e-01 3.267663466143510504e+02
3.907919839679358520e-01 3.238732331026894258e+02
3.930188376753506740e-01 3.210199273205892041e+02
3.952456913827654961e-01 3.182041433235371528e+02
3.974725450901803181e-01 3.154257011705435616e+02
3.996993987975951401e-01 3.126847863362091289e+02
4.019262525050099621e-01 3.099815842951342688e+02
4.041531062124248397e-01 3.073162805214647051e+02
4.063799599198396617e-01 3.046886402870816823e+02
4.086068136272544837e-01 3.020967995633390615e+02
4.108336673346693058e-01 2.995384994813398976e+02
4.130605210420841278e-01 2.970114811721869046e+02
4.152873747494989498e-01 2.945134857669831945e+02
4.175142284569137718e-01 2.920433156365282343e+02
4.197410821643285939e-01 2.896055919506488863e+02
4.219679358717434714e-01 2.872069198976274151e+02
4.241947895791582934e-01 2.848539063502009867e+02
4.264216432865731155e-01 2.825531581811066530e+02
4.286484969939879375e-01 2.803097687971981600e+02
4.308753507014027595e-01 2.781169259121831487e+02
4.331022044088175815e-01 2.759621856077945381e+02
4.353290581162324036e-01 2.738330704181009878e+02
4.375559118236472811e-01 2.717171028771711576e+02
4.397827655310621031e-01 2.696030103118970942e+02
4.420096192384769251e-01 2.674929012248202298e+02
4.442364729458917472e-01 2.653972295438591686e+02
4.464633266533065692e-01 2.633265759192291284e+02
4.486901803607213912e-01 2.612915210011458385e+02
4.509170340681362132e-01 2.593019579319612831e+02
4.531438877755510353e-01 2.573563288247892160e+02
4.553707414829659128e-01 2.554436247996233362e+02
4.575975951903807348e-01 2.535525541020510900e+02
4.598244488977955569e-01 2.516718249776598384e+02
4.620513026052103789e-01 2.497904910456358607e+02
4.642781563126252009e-01 2.479075625021183669e+02
4.665050100200400229e-01 2.460332722782996200e+02
4.687318637274548450e-01 2.441784530486955873e+02
4.709587174348696670e-01 2.423539374878224919e+02
4.731855711422845445e-01 2.405704344536946735e+02
4.754124248496993665e-01 2.388317538630215893e+02
4.776392785571141886e-01 2.371313064023849790e+02
4.798661322645290106e-01 2.354616417160950448e+02
4.820929859719438326e-01 2.338153094484619032e+02
4.843198396793586546e-01 2.321849001925903906e+02
4.865466933867734767e-01 2.305688811143083399e+02
4.887735470941883542e-01 2.289776653564386493e+02
4.910004008016031762e-01 2.274231159820560606e+02
4.932272545090179983e-01 2.259170960542350599e+02
4.954541082164328203e-01 2.244714558687042540e+02
4.976809619238476423e-01 2.230883993817242299e+02
4.999078156312624643e-01 2.217433323041512381e+02
5.021346693386772309e-01 2.204070442873455420e+02
5.043615230460920529e-01 2.190503249826668934e+02
5.065883767535069859e-01 2.176439640625231959e+02
5.088152304609218080e-01 2.161693166412237588e+02
5.110420841683366300e-01 2.146484147727080938e+02
5.132689378757514520e-01 2.131130782885132362e+02
5.154957915831662740e-01 2.115951270201759371e+02
5.177226452905810961e-01 2.101263807992332602e+02
5.199494989979959181e-01 2.087326732627718116e+02
5.221763527054107401e-01 2.074072521129762947e+02
5.244032064128255621e-01 2.061323309173426424e+02
5.266300601202403842e-01 2.048901144430337524e+02
5.288569138276552062e-01 2.036628074572124660e+02
5.310837675350701392e-01 2.024344341071557665e+02
5.333106212424849613e-01 2.012034300822434147e+02
5.355374749498997833e-01 1.999750883784536484e+02
5.377643286573146053e-01 1.987547438440634551e+02
5.399911823647294273e-01 1.975477313273497941e+02
5.422180360721442494e-01 1.963589900148984668e+02
5.444448897795590714e-01 1.951889590250559365e+02
5.466717434869738934e-01 1.940352207643998952e+02
5.488985971943887154e-01 1.928953120763511322e+02
5.511254509018035375e-01 1.917667698043304654e+02
5.533523046092183595e-01 1.906471789364752567e+02
5.555791583166331815e-01 1.895349486413641102e+02
5.578060120240480035e-01 1.884291802069288053e+02
5.600328657314628256e-01 1.873289964008471031e+02
5.622597194388776476e-01 1.862335199907970491e+02
5.644865731462925806e-01 1.851418609857238380e+02
5.667134268537074027e-01 1.840527575071502326e+02
5.689402805611222247e-01 1.829645261636584337e+02
5.711671342685370467e-01 1.818754608311529637e+02
5.733939879759518687e-01 1.807838553855382031e+02
5.756208416833666908e-01 1.796881016194396636e+02
5.778476953907815128e-01 1.785921286786472990e+02
5.800745490981963348e-01 1.775082598901724964e+02
5.823014028056111568e-01 1.764495190462277776e+02
5.845282565130259789e-01 1.754289299390256076e+02
5.867551102204408009e-01 1.744594345454222548e+02
5.889819639278556229e-01 1.735425257287701299e+02
5.912088176352704449e-01 1.726565741510788996e+02
5.934356713426852670e-01 1.717771658558556851e+02
5.956625250501000890e-01 1.708798868866074656e+02
5.978893787575150220e-01 1.699403378716725399e+02
6.001162324649298441e-01 1.689469057829448104e+02
6.023430861723446661e-01 1.679241876340721547e+02
6.045699398797594881e-01 1.669031458404921295e+02
6.067967935871743101e-01 1.659147428176423205e+02
6.090236472945891322e-01 1.649899409686018714e+02
6.112505010020039542e-01 1.641490500860953432e+02
6.134773547094187762e-01 1.633711054076982521e+02
6.157042084168335982e-01 1.626251470976176847e+02
6.179310621242484203e-01 1.618802153200606142e+02
6.201579158316632423e-01 1.611053502392342409e+02
6.223847695390780643e-01 1.602759277621640877e+02
6.246116232464928864e-01 1.594020370142971217e+02
6.268384769539077084e-01 1.585055947840722013e+02
6.290653306613225304e-01 1.576085278382134334e+02
6.312921843687374635e-01 1.567327629434446123e+02
6.335190380761522855e-01 1.558977493057021206e+02
6.357458917835671075e-01 1.551037438811560207e+02
6.379727454909819295e-01 1.543420441278495616e+02
6.401995991983967516e-01 1.536038969903113696e+02
6.424264529058115736e-01 1.528805494130700993e+02
6.446533066132263956e-01 1.521636343060379772e+02
6.468801603206412176e-01 1.514490676263962996e+02
6.491070140280560397e-01 1.507354347960501002e+02
6.513338677354708617e-01 1.500213616977999607e+02
6.535607214428856837e-01 1.493054742144464626e+02
6.557875751503005057e-01 1.485864983455433901e+02
6.580144288577153278e-01 1.478648571827804687e+02
6.602412825651301498e-01 1.471423901721457526e+02
6.624681362725449718e-01 1.464209801526413628e+02
6.646949899799599049e-01 1.457025099632692786e+02
6.669218436873747269e-01 1.449888687836718759e+02
6.691486973947895489e-01 1.442821241855636174e+02
6.713755511022043709e-01 1.435845423467169439e+02
6.736024048096191930e-01 1.428983998429490327e+02
6.758292585170340150e-01 1.422259732500770895e+02
6.780561122244488370e-01 1.415694981696414629e+02
6.802829659318636590e-01 1.409287818995573502e+02
6.825098196392784811e-01 1.402998851034647600e+02
6.847366733466933031e-01 1.396785481600318519e+02
6.869635270541081251e-01 1.390605114479268991e+02
6.891903807615229471e-01 1.384415213293502234e+02
6.914172344689377692e-01 1.378183182111036729e+02
6.936440881763525912e-01 1.371897386816122264e+02
6.958709418837674132e-01 1.365548850108668830e+02
6.980977955911823463e-01 1.359128594688587839e+02
7.003246492985971683e-01 1.352627677325790501e+02
7.025515030060119903e-01 1.346062760358287562e+02
7.047783567134268123e-01 1.339521590205255279e+02
7.070052104208416344e-01 1.333104148526178392e+02
7.092320641282564564e-01 1.326910416980540788e+02
7.114589178356712784e-01 1.321040377204830065e+02
7.136857715430861004e-01 1.315555536512163428e+02
7.159126252505009225e-01 1.310367377248329603e+02
7.181394789579157445e-01 1.305350819361097763e+02
7.203663326653305665e-01 1.300380782798238215e+02
7.225931863727453885e-01 1.295332187507518142e+02
7.248200400801602106e-01 1.290100167139134157e+02
7.270468937875750326e-01 1.284689807302214035e+02
7.292737474949898546e-01 1.279143398706474670e+02
7.315006012024047877e-01 1.273503261542293785e+02
7.337274549098196097e-01 1.267811716000049955e+02
7.359543086172344317e-01 1.262111070404430251e+02
7.381811623246492537e-01 1.256443541865809976e+02
7.404080160320640758e-01 1.250851305193077252e+02
7.426348697394788978e-01 1.245376534963218518e+02
7.448617234468937198e-01 1.240061405753219077e+02
7.470885771543085419e-01 1.234943672625545474e+02
7.493154308617233639e-01 1.230010047922479828e+02
7.515422845691381859e-01 1.225214471168619781e+02
7.537691382765530079e-01 1.220510342728465361e+02
7.559959919839678300e-01 1.215851062966514746e+02
7.582228456913826520e-01 1.211191288956666483e+02
7.604496993987974740e-01 1.206507994729776243e+02
7.626765531062122960e-01 1.201797328954693000e+02
7.649034068136272291e-01 1.197056064005140286e+02
7.671302605210420511e-01 1.192280972254843903e+02
7.693571142284568731e-01 1.187469361202133626e+02
7.715839679358716952e-01 1.182634116302110101e+02
7.738108216432865172e-01 1.177805768514644313e+02
7.760376753507013392e-01 1.173015799448108964e+02
7.782645290581161612e-01 1.168295690710876471e+02
7.804913827655309833e-01 1.163676448674491439e+02
7.827182364729458053e-01 1.159161386639822098e+02
7.849450901803606273e-01 1.154711359261197003e+02
7.871719438877754493e-01 1.150283622718834238e+02
7.893987975951902714e-01 1.145835433192954298e+02
7.916256513026050934e-01 1.141324272135720435e+02
7.938525050100199154e-01 1.136742269667134906e+02
7.960793587174347374e-01 1.132153243431847898e+02
7.983062124248496705e-01 1.127629895913284770e+02
8.005330661322644925e-01 1.123244929594871024e+02
8.027599198396793145e-01 1.119071000201487607e+02
8.049867735470941366e-01 1.115140000727183178e+02
8.072136272545089586e-01 1.111368468430777767e+02
8.094404809619237806e-01 1.107652677187209775e+02
8.116673346693386026e-01 1.103888900871416894e+02
8.138941883767534247e-01 1.099973413473568797e+02
8.161210420841682467e-01 1.095835820563338672e+02
8.183478957915830687e-01 1.091533054156480915e+02
8.205747494989978907e-01 1.087152444828792852e+02
8.228016032064127128e-01 1.082781323156070243e+02
8.250284569138275348e-01 1.078507019714109703e+02
8.272553106212423568e-01 1.074402220126427636e+02
8.294821643286571788e-01 1.070459430616950129e+02
8.317090180360721119e-01 1.066643857667732362e+02
8.339358717434869339e-01 1.062920684875778505e+02
8.361627254509017559e-01 1.059255095838093723e+02
8.383895791583165780e-01 1.055615599425276656e+02
8.406164328657314000e-01 1.051996071645932460e+02
8.428432865731462220e-01 1.048402075322676126e+02
8.450701402805610440e-01 1.044839235553639014e+02
8.472969939879758661e-01 1.041313177436952344e+02
8.495238476953906881e-01 1.037827927997558959e+02
8.517507014028055101e-01 1.034369508421367385e+02
8.539775551102203321e-01 1.030912589078568544e+02
8.562044088176351542e-01 1.027431662752496351e+02
8.584312625250499762e-01 1.023901222226482446e+02
8.606581162324647982e-01 1.020297741297696206e+02
8.628849699398796202e-01 1.016633190892828082e+02
8.651118236472945533e-01 1.012950210852203128e+02
8.673386773547093753e-01 1.009292449911776828e+02
8.695655310621241973e-01 1.005703556807505379e+02
8.717923847695390194e-01 1.002226056913949037e+02
8.740192384769538414e-01 9.988694098391846410e+01
8.762460921843686634e-01 9.956054123285878177e+01
8.784729458917834855e-01 9.924038134600448302e+01
8.806997995991983075e-01 9.892343623114435047e+01
8.829266533066131295e-01 9.860670445529525807e+01
8.851535070140279515e-01 9.828854035913718690e+01
8.873803607214427736e-01 9.796936385707437012e+01
8.896072144288575956e-01 9.764976841940979568e+01
8.918340681362724176e-01 9.733034751644630944e+01
8.940609218436872396e-01 9.701169106690990418e+01
8.962877755511020617e-01 9.669382969082111856e+01
8.985146292585168837e-01 9.637562999357122351e+01
9.007414829659318167e-01 9.605581330843601506e+01
9.029683366733466388e-01 9.573310096869131769e+01
9.051951903807614608e-01 9.540621569499236898e+01
9.074220440881762828e-01 9.507529650803355992e+01
9.096488977955911048e-01 9.474456837165027423e+01
9.118757515030059269e-01 9.441898869401879324e+01
9.141026052104207489e-01 9.410351488331536984e+01
9.163294589178355709e-01 9.380310434755899962e+01
9.185563126252503929e-01 9.352063556041284187e+01
9.207831663326652150e-01 9.325077655075985206e+01
9.230100200400800370e-01 9.298616872699459179e+01
9.252368737474948590e-01 9.271945349751146637e+01
9.274637274549096810e-01 9.244327227070502317e+01
9.296905811623245031e-01 9.215180381367710538e+01
9.319174348697393251e-01 9.184769858052804636e+01
9.341442885771542581e-01 9.153650944068907336e+01
9.363711422845690802e-01 9.122379183443302963e+01
9.385979959919839022e-01 9.091510120203281531e+01
9.408248496993987242e-01 9.061548693176736435e+01
9.430517034068135462e-01 9.032611133237051604e+01
9.452785571142283683e-01 9.004633526436418833e+01
9.475054108216431903e-01 8.977550974107776938e+01
9.497322645290580123e-01 8.951298577584081784e+01
9.519591182364728343e-01 8.925800273013454955e+01
9.541859719438876564e-01 8.900853231163333135e+01
9.564128256513024784e-01 8.876174254778744910e+01
9.586396793587173004e-01 8.851478869345976364e+01
9.608665330661321224e-01 8.826482600351315000e+01
9.630933867735469445e-01 8.800917762157581592e+01
9.653202404809617665e-01 8.774808926864974978e+01
9.675470941883766995e-01 8.748428681775675386e+01
9.697739478957915216e-01 8.722057479756891496e+01
9.720008016032063436e-01 8.695975773675839093e+01
9.742276553106211656e-01 8.670456589969637662e+01
9.764545090180359876e-01 8.645557037699704495e+01
9.786813627254508097e-01 8.621089806703058400e+01
9.809082164328656317e-01 8.596854432531597467e+01
9.831350701402804537e-01 8.572650450737228311e+01
9.853619238476952757e-01 8.548279578003102586e+01
9.875887775551100978e-01 8.523670411093742416e+01
9.898156312625249198e-01 8.498945951558800971e+01
9.920424849699397418e-01 8.474245662634470477e+01
9.942693386773545638e-01 8.449709007556953111e+01
9.964961923847693859e-01 8.425474814396501699e+01
9.987230460921842079e-01 8.401589138976190441e+01
1.000949899799599141e+00 8.377908592309513836e+01
1.003176753507013963e+00 8.354266667715148742e+01
1.005403607214428785e+00 8.330496858511757807e+01
1.007630460921843607e+00 8.306432750012716326e+01
1.009857314629258429e+00 8.282019079676315698e+01
1.012084168336673251e+00 8.257527502963759503e+01
1.014311022044088073e+00 8.233289476401387219e+01
1.016537875751502895e+00 8.209636456515539749e+01
1.018764729458917717e+00 8.186899899832560834e+01
1.020991583166332539e+00 8.165286857199308201e+01
1.023218436873747361e+00 8.144482537219700191e+01
1.025445290581162183e+00 8.124035341245328823e+01
1.027672144288577005e+00 8.103493670109214975e+01
1.029898997995991827e+00 8.082405924644395157e+01
1.032125851703406649e+00 8.060423142072237113e+01
1.034352705410821471e+00 8.037735268889949225e+01
1.036579559118236293e+00 8.014708514179247345e+01
1.038806412825651115e+00 7.991709187270737402e+01
1.041033266533065937e+00 7.969103597495022484e+01
1.043260120240480759e+00 7.947214083050074862e+01
1.045486973947895581e+00 7.926027807906866940e+01
1.047713827655310403e+00 7.905377623687299149e+01
1.049940681362725448e+00 7.885095562138607761e+01
1.052167535070140270e+00 7.865013655008030469e+01
1.054394388777555092e+00 7.844973758507391892e+01
1.056621242484969914e+00 7.824930129743265184e+01
1.058848096192384736e+00 7.804908692915478241e+01
1.061074949899799558e+00 7.784936529078001399e+01
1.063301803607214380e+00 7.765040719284803572e+01
1.065528657314629202e+00 7.745246644017298365e+01
1.067755511022044024e+00 7.725548655754366223e+01
1.069982364729458846e+00 7.705913999851777874e+01
1.072209218436873668e+00 7.686309009757698618e+01
1.074436072144288490e+00 7.666700018920283810e+01
1.076662925851703312e+00 7.647053408659844820e+01
1.078889779559118134e+00 7.627337108956990619e+01
1.081116633266532956e+00 7.607520897471459875e+01
1.083343486973947778e+00 7.587574660123803483e+01
1.085570340681362600e+00 7.567468282834563809e+01
1.087797194388777422e+00 7.547173688548819825e+01
1.090024048096192244e+00 7.526765843114749543e+01
1.092250901803607066e+00 7.506469280775318964e+01
1.094477755511021888e+00 7.486520284782486101e+01
1.096704609218436710e+00 7.467155138388224600e+01
1.098931462925851532e+00 7.448608956005008963e+01
1.101158316633266354e+00 7.430958121288362861e+01
1.103385170340681176e+00 7.413960965570883843e+01
1.105612024048095998e+00 7.397337875985093092e+01
1.107838877755510820e+00 7.380809239663514632e+01
1.110065731462925642e+00 7.364095443738671065e+01
1.112292585170340464e+00 7.346916875343083575e+01
1.114519438877755286e+00 7.328993921609273343e+01
1.116746292585170330e+00 7.310046969669760131e+01
1.118973146292585152e+00 7.289796406657073646e+01
1.121199999999999974e+00 7.267962619703729388e+01
