1.000000000000000021e-02 1.199993970623525092e+04
1.222685370741482917e-02 1.276806452197865292e+04
1.445370741482965987e-02 1.313346209408230607e+04
1.668056112224448884e-02 1.318093280131341999e+04
1.890741482965931780e-02 1.298395800301498457e+04
2.113426853707414677e-02 1.260527955709057096e+04
2.336112224448897573e-02 1.209961076979677455e+04
2.558797595190380469e-02 1.151407641940680151e+04
2.781482965931863366e-02 1.088814198300692260e+04
3.004168336673346262e-02 1.025355005169383003e+04
3.226853707414829159e-02 9.634993699677210316e+03
3.449539078156312055e-02 9.050870743490953828e+03
3.672224448897795646e-02 8.513013331890770132e+03
3.894909819639278542e-02 8.028364612249717538e+03
4.117595190380761438e-02 7.599562515874839846e+03
4.340280561122244335e-02 7.225867136965872305e+03
4.562965931863727231e-02 6.904035279967906718e+03
4.785651302605210128e-02 6.628798915819470494e+03
5.008336673346693024e-02 6.393551707220909520e+03
5.231022044088175921e-02 6.191528646382163060e+03
5.453707414829658817e-02 6.014463204032408612e+03
5.676392785571141714e-02 5.856218237727022824e+03
5.899078156312624610e-02 5.721035732406067837e+03
6.121763527054107507e-02 5.595369260769279208e+03
6.344448897795590403e-02 5.460998771505695913e+03
6.567134268537073993e-02 5.306442251503959596e+03
6.789819639278556196e-02 5.135248903397957292e+03
7.012505010020039786e-02 4.953001405113323017e+03
7.235190380761521989e-02 4.765282434575698971e+03
7.457875751503004191e-02 4.577673759026556581e+03
7.680561122244487782e-02 4.394405288760965959e+03
7.903246492985969984e-02 4.215642629103794206e+03
8.125931863727453575e-02 4.040790713799417972e+03
8.348617234468937165e-02 3.869254476592218452e+03
8.571302605210419367e-02 3.700438895623814460e+03
8.793987975951902958e-02 3.534459098411929517e+03
9.016673346693385160e-02 3.373940177953538750e+03
9.239358717434868751e-02 3.222061485376019846e+03
9.462044088176350953e-02 3.082002371806759584e+03
9.684729458917834544e-02 2.956942188373133376e+03
9.907414829659316746e-02 2.849280509246606471e+03
1.013010020040080034e-01 2.757770773149920387e+03
1.035278557114228254e-01 2.680101598140366605e+03
1.057547094188376613e-01 2.613961473901794307e+03
1.079815631262524833e-01 2.557038890118056770e+03
1.102084168336673192e-01 2.507086643420751898e+03
1.124352705410821412e-01 2.462238339883866956e+03
1.146621242484969772e-01 2.420767239574262931e+03
1.168889779559118131e-01 2.380946814428438302e+03
1.191158316633266351e-01 2.341050536382889732e+03
1.213426853707414710e-01 2.299486533928061363e+03
1.235695390781562930e-01 2.255796184208916657e+03
1.257963927855711428e-01 2.210088334418799150e+03
1.280232464929859648e-01 2.162476063629620512e+03
1.302501002004007868e-01 2.113072450913291050e+03
1.324769539078156089e-01 2.061998718753799949e+03
1.347038076152304586e-01 2.009489509311554002e+03
1.369306613226452807e-01 1.955862655343333927e+03
1.391575150300601027e-01 1.901437904529212574e+03
1.413843687374749525e-01 1.846535004549265068e+03
1.436112224448897745e-01 1.791485424597561178e+03
1.458380761523045965e-01 1.736850665253363331e+03
1.480649298597194186e-01 1.683402214661370408e+03
1.502917835671342683e-01 1.631919263268634950e+03
1.525186372745490904e-01 1.583181001522213137e+03
1.547454909819639124e-01 1.537953528923051408e+03
1.569723446893787622e-01 1.496601910871273503e+03
1.591991983967935842e-01 1.459025270138663473e+03
1.614260521042084062e-01 1.425096565193794504e+03
1.636529058116232282e-01 1.394688754505240922e+03
1.658797595190380780e-01 1.367672143046742349e+03
1.681066132264529001e-01 1.343739707348902812e+03
1.703334669338677221e-01 1.322298607066213435e+03
1.725603206412825441e-01 1.302730088584196892e+03
1.747871743486973939e-01 1.284415398288376537e+03
1.770140280561122159e-01 1.266736483618484044e+03
1.792408817635270379e-01 1.249202162773931605e+03
1.814677354709418600e-01 1.231594316689553580e+03
1.836945891783567097e-01 1.213730271352445925e+03
1.859214428857715318e-01 1.195427352749706642e+03
1.881482965931863538e-01 1.176502947875120526e+03
1.903751503006012036e-01 1.156841738622269986e+03
1.926020040080160256e-01 1.136524309528997946e+03
1.948288577154308476e-01 1.115666696921725816e+03
1.970557114228456697e-01 1.094384937126875457e+03
1.992825651302605194e-01 1.072795066470867823e+03
2.015094188376753415e-01 1.051036196498138906e+03
2.037362725450901635e-01 1.029341933339793741e+03
2.059631262525049855e-01 1.007970068174063954e+03
2.081899799599198353e-01 9.871783921905185935e+02
2.104168336673346573e-01 9.672246965787288673e+02
2.126436873747494793e-01 9.483245232598175107e+02
2.148705410821643014e-01 9.304615884324502986e+02
2.170973947895791512e-01 9.135405072484362563e+02
2.193242484969939732e-01 8.974658272753266601e+02
2.215511022044087952e-01 8.821420960806744915e+02
2.237779559118236450e-01 8.674853063938579680e+02
2.260048096192384670e-01 8.534989674063548364e+02
2.282316633266532890e-01 8.402269898586946510e+02
2.304585170340681111e-01 8.277135016777806413e+02
2.326853707414829608e-01 8.160026307905154681e+02
2.349122244488977829e-01 8.051248548332254131e+02
2.371390781563126049e-01 7.949487314462694485e+02
2.393659318637274269e-01 7.852367966698733426e+02
2.415927855711422767e-01 7.757497482258442005e+02
2.438196392785570987e-01 7.662482838359904918e+02
2.460464929859719208e-01 7.565031680460602956e+02
2.482733466933867428e-01 7.464696057307731962e+02
2.505002004008015648e-01 7.362643451336376756e+02
2.527270541082163868e-01 7.260095966926510300e+02
2.549539078156312089e-01 7.158275708458104418e+02
2.571807615230460309e-01 7.058377757515721669e+02
2.594076152304609084e-01 6.960759949518336498e+02
2.616344689378757304e-01 6.864801942496230822e+02
2.638613226452905525e-01 6.769827971415713819e+02
2.660881763527053745e-01 6.675162271243107170e+02
2.683150300601201965e-01 6.580139584350489486e+02
2.705418837675350741e-01 6.484719537090359154e+02
2.727687374749498961e-01 6.389827142231919197e+02
2.749955911823647181e-01 6.296470085541025128e+02
2.772224448897795401e-01 6.205656052783524501e+02
2.794492985971943622e-01 6.118390118050484716e+02
2.816761523046091842e-01 6.035262704775983593e+02
2.839030060120240062e-01 5.955999516780608474e+02
2.861298597194388282e-01 5.880218081169820152e+02
2.883567134268537058e-01 5.807535925049078287e+02
2.905835671342685278e-01 5.737570598996431954e+02
2.928104208416833498e-01 5.669961531119686242e+02
2.950372745490981718e-01 5.604410577247043648e+02
2.972641282565129939e-01 5.540630655686612727e+02
2.994909819639278159e-01 5.478334684746502035e+02
3.017178356713426379e-01 5.417235582734816717e+02
3.039446893787575155e-01 5.357097342223013356e+02
3.061715430861723375e-01 5.297888849388087920e+02
3.083983967935871595e-01 5.239630363381689904e+02
3.106252505010019815e-01 5.182342143355516555e+02
3.128521042084168036e-01 5.126044448461263983e+02
3.150789579158316256e-01 5.070728121784923133e+02
3.173058116232464476e-01 5.016219296899159872e+02
3.195326653306612696e-01 4.962286812066967059e+02
3.217595190380761472e-01 4.908699447730764405e+02
3.239863727454909692e-01 4.855225984332968210e+02
3.262132264529057912e-01 4.801680141669731938e+02
3.284400801603206133e-01 4.748221642962056990e+02
3.306669338677354353e-01 4.695170891335287706e+02
3.328937875751502573e-01 4.642849175892551443e+02
3.351206412825650793e-01 4.591577785736980672e+02
3.373474949899799569e-01 4.541655362841336228e+02
3.395743486973947789e-01 4.493118527669734590e+02
3.418012024048096009e-01 4.445835446865306722e+02
3.440280561122244229e-01 4.399671505999149304e+02
3.462549098196392450e-01 4.354492090642353901e+02
3.484817635270540670e-01 4.310167151081013230e+02
3.507086172344688890e-01 4.266649429400175677e+02
3.529354709418837110e-01 4.223963734086435124e+02
3.551623246492985886e-01 4.182137280309815992e+02
3.573891783567134106e-01 4.141197283240346110e+02
3.596160320641282326e-01 4.101169883090981898e+02
3.618428857715430547e-01 4.062049847962804279e+02
3.640697394789578767e-01 4.023796364886343895e+02
3.662965931863726987e-01 3.986366699958712161e+02
3.685234468937875207e-01 3.949718119277023902e+02
3.707503006012023983e-01 3.913806713631492471e+02
3.729771543086172203e-01 3.878524044473480785e+02
3.752040080160320423e-01 3.843664952441629907e+02
3.774308617234468644e-01 3.809016332156542717e+02
3.796577154308616864e-01 3.774365078238820956e+02
3.818845691382765084e-01 3.739499171259899413e+02
3.841114228456913304e-01 3.704366460800334266e+02
3.863382765531061525e-01 3.669241914704679743e+02
3.885651302605210300e-01 3.634440514339975152e+02
3.907919839679358520e-01 3.600277241073256960e+02
3.930188376753506740e-01 3.567066939123449174e+02
3.952456913827654961e-01 3.535015279712599181e+02
3.974725450901803181e-01 3.504022554335669497e+02
3.996993987975951401e-01 3.473936067627894886e+02
4.019262525050099621e-01 3.444603124224510111e+02
4.041531062124248397e-01 3.415871028767814437e+02
4.063799599198396617e-01 3.387593606371529518e+02
4.086068136272544837e-01 3.359649964753560312e+02
4.108336673346693058e-01 3.331925338549237381e+02
4.130605210420841278e-01 3.304304962393886740e+02
4.152873747494989498e-01 3.276674070922837814e+02
4.175142284569137718e-01 3.248961398748394345e+02
4.197410821643285939e-01 3.221334191749002116e+02
4.219679358717434714e-01 3.194041020274295875e+02
4.241947895791582934e-01 3.167330523719331268e+02
4.264216432865731155e-01 3.141451341479162238e+02
4.286484969939879375e-01 3.116605340666238249e+02
4.308753507014027595e-01 3.092626453806155951e+02
4.331022044088175815e-01 3.069174572975258570e+02
4.353290581162324036e-01 3.045908553489920223e+02
4.375559118236472811e-01 3.022487250666516729e+02
4.397827655310621031e-01 2.998604051965256190e+02
4.420096192384769251e-01 2.974335880233674061e+02
4.442364729458917472e-01 2.949998857477744423e+02
4.464633266533065692e-01 2.925912737857041179e+02
4.486901803607213912e-01 2.902397275531143350e+02
4.509170340681362132e-01 2.879753495076997183e+02
4.531438877755510353e-01 2.857970463914791708e+02
4.553707414829659128e-01 2.836779778727291728e+02
4.575975951903807348e-01 2.815905329929678373e+02
4.598244488977955569e-01 2.795071007937124818e+02
4.620513026052103789e-01 2.774009042951490756e+02
4.642781563126252009e-01 2.752692088090963125e+02
4.665050100200400229e-01 2.731363793494435868e+02
4.687318637274548450e-01 2.710282291390346359e+02
4.709587174348696670e-01 2.689705714007131974e+02
4.731855711422845445e-01 2.669888502835103168e+02
4.754124248496993665e-01 2.650879454839243294e+02
4.776392785571141886e-01 2.632417385402033005e+02
4.798661322645290106e-01 2.614215443847728011e+02
4.820929859719438326e-01 2.595986779500582884e+02
4.843198396793586546e-01 2.577445925235150526e+02
4.865466933867734767e-01 2.558505967607130458e+02
4.887735470941883542e-01 2.539483615797037714e+02
4.910004008016031762e-01 2.520744567914297534e+02
4.932272545090179983e-01 2.502654522068329754e+02
4.954541082164328203e-01 2.485578924199639061e+02
4.976809619238476423e-01 2.469692694592115743e+02
4.999078156312624643e-01 2.454641459146153863e+02
5.021346693386772309e-01 2.439979671585444976e+02
5.043615230460920529e-01 2.425261785633679779e+02
5.065883767535069859e-01 2.410042255298571376e+02
5.088152304609218080e-01 2.394018106710514360e+02
5.110420841683366300e-01 2.377435268514464894e+02
5.132689378757514520e-01 2.360671747525075830e+02
5.154957915831662740e-01 2.344105550556997457e+02
5.177226452905810961e-01 2.328114684424882341e+02
5.199494989979959181e-01 2.313004037365005843e+02
5.221763527054107401e-01 2.298680475588982404e+02
5.244032064128255621e-01 2.284916088490070933e+02
5.266300601202403842e-01 2.271482857969560882e+02
5.288569138276552062e-01 2.258152765928739427e+02
5.310837675350701392e-01 2.244719078271614876e+02
5.333106212424849613e-01 2.231143654204340407e+02
5.355374749498997833e-01 2.217468573075721849e+02
5.377643286573146053e-01 2.203736403843321909e+02
5.399911823647294273e-01 2.189989715464703863e+02
5.422180360721442494e-01 2.176271981210388446e+02
5.444448897795590714e-01 2.162636959577166920e+02
5.466717434869738934e-01 2.149144938279909525e+02
5.488985971943887154e-01 2.135856309171327325e+02
5.511254509018035375e-01 2.122831464104131669e+02
5.533523046092183595e-01 2.110126379042089866e+02
5.555791583166331815e-01 2.097721435168095354e+02
5.578060120240480035e-01 2.085533531679542705e+02
5.600328657314628256e-01 2.073477597626711884e+02
5.622597194388776476e-01 2.061468562059884562e+02
5.644865731462925806e-01 2.049423203126981434e+02
5.667134268537074027e-01 2.037312195877312035e+02
5.689402805611222247e-01 2.025167304388709795e+02
5.711671342685370467e-01 2.013023587340602774e+02
5.733939879759518687e-01 2.000916103412418181e+02
5.756208416833666908e-01 1.988880158139129151e+02
5.778476953907815128e-01 1.976965017146796129e+02
5.800745490981963348e-01 1.965241108434719877e+02
5.823014028056111568e-01 1.953780625928577876e+02
5.845282565130259789e-01 1.942655763554047610e+02
5.867551102204408009e-01 1.931938181869779498e+02
5.889819639278556229e-01 1.921624902883534673e+02
5.912088176352704449e-01 1.911562211377784308e+02
5.934356713426852670e-01 1.901578238774064289e+02
5.956625250501000890e-01 1.891501116493910502e+02
5.978893787575150220e-01 1.881159080741647074e+02
6.001162324649298441e-01 1.870472229512400872e+02
6.023430861723446661e-01 1.859620807047654978e+02
6.045699398797594881e-01 1.848830788974494226e+02
6.067967935871743101e-01 1.838328150920004305e+02
6.090236472945891322e-01 1.828338868410393445e+02
6.112505010020039542e-01 1.819001964243585121e+02
6.134773547094187762e-01 1.810119554575892664e+02
6.157042084168335982e-01 1.801412170030143329e+02
6.179310621242484203e-01 1.792600341229163519e+02
6.201579158316632423e-01 1.783404598795781340e+02
6.223847695390780643e-01 1.773611103328613581e+02
6.246116232464928864e-01 1.763365598785300108e+02
6.268384769539077084e-01 1.752936348180527659e+02
6.290653306613225304e-01 1.742591717890914538e+02
6.312921843687374635e-01 1.732600074293075636e+02
6.335190380761522855e-01 1.723196114467641280e+02
6.357458917835671075e-01 1.714353718670381284e+02
6.379727454909819295e-01 1.705925010308219782e+02
6.401995991983967516e-01 1.697761426324813669e+02
6.424264529058115736e-01 1.689714403663818985e+02
6.446533066132263956e-01 1.681644595272173603e+02
6.468801603206412176e-01 1.673514923832278214e+02
6.491070140280560397e-01 1.665352052964701386e+02
6.513338677354708617e-01 1.657183612407081910e+02
6.535607214428856837e-01 1.649037231897058859e+02
6.557875751503005057e-01 1.640940373509258450e+02
6.580144288577153278e-01 1.632917657240683980e+02
6.602412825651301498e-01 1.624991331155333398e+02
6.624681362725449718e-01 1.617183570648013244e+02
6.646949899799599049e-01 1.609516551113528635e+02
6.669218436873747269e-01 1.602011434949468764e+02
6.691486973947895489e-01 1.594660884170736210e+02
6.713755511022043709e-01 1.587425830970495326e+02
6.736024048096191930e-01 1.580265546323145713e+02
6.758292585170340150e-01 1.573139301203086973e+02
6.780561122244488370e-01 1.566006473708057456e+02
6.802829659318636590e-01 1.558832790503961689e+02
6.825098196392784811e-01 1.551593773474588431e+02
6.847366733466933031e-01 1.544265781858231605e+02
6.869635270541081251e-01 1.536825174893183146e+02
6.891903807615229471e-01 1.529248538846353540e+02
6.914172344689377692e-01 1.521550176264226764e+02
6.936440881763525912e-01 1.513823923521051995e+02
6.958709418837674132e-01 1.506173697545021923e+02
6.980977955911823463e-01 1.498703415264330090e+02
7.003246492985971683e-01 1.491516937838261185e+02
7.025515030060119903e-01 1.484676212874725820e+02
7.047783567134268123e-01 1.478126831012885987e+02
7.070052104208416344e-01 1.471794355124069398e+02
7.092320641282564564e-01 1.465604348079603199e+02
7.114589178356712784e-01 1.459482372757716178e+02
7.136857715430861004e-01 1.453365534744091008e+02
7.159126252505009225e-01 1.447235948715082259e+02
7.181394789579157445e-01 1.441086698456499562e+02
7.203663326653305665e-01 1.434910867754151411e+02
7.225931863727453885e-01 1.428701540393847154e+02
7.248200400801602106e-01 1.422453200250971008e+02
7.270468937875750326e-01 1.416167946955212642e+02
7.292737474949898546e-01 1.409850457124499883e+02
7.315006012024047877e-01 1.403505409418722252e+02
7.337274549098196097e-01 1.397137482497769838e+02
7.359543086172344317e-01 1.390756735309947771e+02
7.381811623246492537e-01 1.384414586329053236e+02
7.404080160320640758e-01 1.378181634894480965e+02
7.426348697394788978e-01 1.372128585497578115e+02
7.448617234468937198e-01 1.366326142629688150e+02
7.470885771543085419e-01 1.360835157018346706e+02
7.493154308617233639e-01 1.355602674377708183e+02
7.515422845691381859e-01 1.350502670042030786e+02
7.537691382765530079e-01 1.345407917232478496e+02
7.559959919839678300e-01 1.340191189170215011e+02
7.582228456913826520e-01 1.334732565392125707e+02
7.604496993987974740e-01 1.329041872800474096e+02
7.626765531062122960e-01 1.323240416702324183e+02
7.649034068136272291e-01 1.317453128529237460e+02
7.671302605210420511e-01 1.311804939712778264e+02
7.693571142284568731e-01 1.306417462087784713e+02
7.715839679358716952e-01 1.301315671053970391e+02
7.738108216432865172e-01 1.296415079730328443e+02
7.760376753507013392e-01 1.291625303974513486e+02
7.782645290581161612e-01 1.286855959644178427e+02
7.804913827655309833e-01 1.282017430584615454e+02
7.827182364729458053e-01 1.277064852930364367e+02
7.849450901803606273e-01 1.272021976428847552e+02
7.871719438877754493e-01 1.266918365998944012e+02
7.893987975951902714e-01 1.261783586559533887e+02
7.916256513026050934e-01 1.256647219683339642e+02
7.938525050100199154e-01 1.251541408440444201e+02
7.960793587174347374e-01 1.246503595596894769e+02
7.983062124248496705e-01 1.241571880754699038e+02
8.005330661322644925e-01 1.236784363515865408e+02
8.027599198396793145e-01 1.232179108563890537e+02
8.049867735470941366e-01 1.227763739645813104e+02
8.072136272545089586e-01 1.223459734744284333e+02
8.094404809619237806e-01 1.219173439480392034e+02
8.116673346693386026e-01 1.214811199475225436e+02
8.138941883767534247e-01 1.210279360463134424e+02
8.161210420841682467e-01 1.205517029794345660e+02
8.183478957915830687e-01 1.200588464007321221e+02
8.205747494989978907e-01 1.195587798391009073e+02
8.228016032064127128e-01 1.190609168234356616e+02
8.250284569138275348e-01 1.185746708826312386e+02
8.272553106212423568e-01 1.181075376696226158e+02
8.294821643286571788e-01 1.176565126909463004e+02
8.317090180360721119e-01 1.172150163292571534e+02
8.339358717434869339e-01 1.167764659702259564e+02
8.361627254509017559e-01 1.163342789995235762e+02
8.383895791583165780e-01 1.158830583703613968e+02
8.406164328657314000e-01 1.154264512407560659e+02
8.428432865731462220e-01 1.149722714957471084e+02
8.450701402805610440e-01 1.145283552236090117e+02
8.472969939879758661e-01 1.141025385126162206e+02
8.495238476953906881e-01 1.137018215549522182e+02
8.517507014028055101e-01 1.133237863192988328e+02
8.539775551102203321e-01 1.129600775603519480e+02
8.562044088176351542e-01 1.126022471433438170e+02
8.584312625250499762e-01 1.122418469335064515e+02
8.606581162324647982e-01 1.118708114080623801e+02
8.628849699398796202e-01 1.114879309415167086e+02
8.651118236472945533e-01 1.110979192865315355e+02
8.673386773547093753e-01 1.107056850533506491e+02
8.695655310621241973e-01 1.103161368522178094e+02
8.717923847695390194e-01 1.099340778915404684e+02
8.740192384769538414e-01 1.095612089119690609e+02
8.762460921843686634e-01 1.091956968538042787e+02
8.784729458917834855e-01 1.088355165304725460e+02
8.806997995991983075e-01 1.084786427554003865e+02
8.829266533066131295e-01 1.081230543702476865e+02
8.851535070140279515e-01 1.077669610514585798e+02
8.873803607214427736e-01 1.074089241612176409e+02
8.896072144288575956e-01 1.070475346114342443e+02
8.918340681362724176e-01 1.066813833140176939e+02
8.940609218436872396e-01 1.063090735749338904e+02
8.962877755511020617e-01 1.059311605034899344e+02
8.985146292585168837e-01 1.055522613096565010e+02
9.007414829659318167e-01 1.051775001643500076e+02
9.029683366733466388e-01 1.048120012384867721e+02
9.051951903807614608e-01 1.044608862618930516e+02
9.074220440881762828e-01 1.041267849888789527e+02
9.096488977955911048e-01 1.038051379694984746e+02
9.118757515030059269e-01 1.034900970202644714e+02
9.141026052104207489e-01 1.031758139576898543e+02
9.163294589178355709e-01 1.028564405984064081e+02
9.185563126252503929e-01 1.025277003732560672e+02
9.207831663326652150e-01 1.021915235717299879e+02
9.230100200400800370e-01 1.018513725497598728e+02
9.252368737474948590e-01 1.015107096632772397e+02
9.274637274549096810e-01 1.011729972682136633e+02
9.296905811623245031e-01 1.008412724248460961e+02
9.319174348697393251e-01 1.005162285818728236e+02
9.341442885771542581e-01 1.001977562624143445e+02
9.363711422845690802e-01 9.988574527839256234e+01
9.385979959919839022e-01 9.958008544172918164e+01
9.408248496993987242e-01 9.928036269585516038e+01
9.430517034068135462e-01 9.898382891377058002e+01
9.452785571142283683e-01 9.868665425482525677e+01
9.475054108216431903e-01 9.838500296543591617e+01
9.497322645290580123e-01 9.807503929201951109e+01
9.519591182364728343e-01 9.775343418119084049e+01
9.541859719438876564e-01 9.742261146629101631e+01
9.564128256513024784e-01 9.708864225507198853e+01
9.586396793587173004e-01 9.675765562004585263e+01
9.608665330661321224e-01 9.643578063372471831e+01
9.630933867735469445e-01 9.612883650199925967e+01
9.653202404809617665e-01 9.583724832845230424e+01
9.675470941883766995e-01 9.555686368388519725e+01
9.697739478957915216e-01 9.528338496702335192e+01
9.720008016032063436e-01 9.501251457659223831e+01
9.742276553106211656e-01 9.474004201018051674e+01
9.764545090180359876e-01 9.446428909353392100e+01
9.786813627254508097e-01 9.418644425672746934e+01
9.809082164328656317e-01 9.390785020628783286e+01
9.831350701402804537e-01 9.362984964874192428e+01
9.853619238476952757e-01 9.335376885818935477e+01
9.875887775551100978e-01 9.307997820675221590e+01
9.898156312625249198e-01 9.280738344013842323e+01
9.920424849699397418e-01 9.253476628333841347e+01
9.942693386773545638e-01 9.226090846134272283e+01
9.964961923847693859e-01 9.198459859147934026e+01
9.987230460921842079e-01 9.170563198494247104e+01
1.000949899799599141e+00 9.142585966391165186e+01
1.003176753507013963e+00 9.114738350620815766e+01
1.005403607214428785e+00 9.087230538965316384e+01
1.007630460921843607e+00 9.060272646247102557e+01
1.009857314629258429e+00 9.033986634115355230e+01
1.012084168336673251e+00 9.008235190236069911e+01
1.014311022044088073e+00 8.982833574907465390e+01
1.016537875751502895e+00 8.957597048427757613e+01
1.018764729458917717e+00 8.932340871095163948e+01
1.020991583166332539e+00 8.906951743392865239e+01
1.023218436873747361e+00 8.881616034649630365e+01
1.025445290581162183e+00 8.856598676004672654e+01
1.027672144288577005e+00 8.832164598894991059e+01
1.029898997995991827e+00 8.808578734757600159e+01
1.032125851703406649e+00 8.786018020150773111e+01
1.034352705410821471e+00 8.764197360016829919e+01
1.036579559118236293e+00 8.742680541307709063e+01
1.038806412825651115e+00 8.721031265027386326e+01
1.041033266533065937e+00 8.698813232179836064e+01
1.043260120240480759e+00 8.675650101689656424e+01
1.045486973947895581e+00 8.651622567551805787e+01
1.047713827655310403e+00 8.627021740164497032e+01
1.049940681362725448e+00 8.602139847886240887e+01
1.052167535070140270e+00 8.577269119075560866e+01
1.054394388777555092e+00 8.552686843069668043e+01
1.056621242484969914e+00 8.528499393086626412e+01
1.058848096192384736e+00 8.504704165796972859e+01
1.061074949899799558e+00 8.481296798765853850e+01
1.063301803607214380e+00 8.458272929558403064e+01
1.065528657314629202e+00 8.435626025754618240e+01
1.067755511022044024e+00 8.413309962207701176e+01
1.069982364729458846e+00 8.391244024212001307e+01
1.072209218436873668e+00 8.369346333438511465e+01
1.074436072144288490e+00 8.347535011558206008e+01
1.076662925851703312e+00 8.325728164831465961e+01
1.078889779559118134e+00 8.303843400986814061e+01
1.081116633266532956e+00 8.281797732963259762e+01
1.083343486973947778e+00 8.259508138849405157e+01
1.085570340681362600e+00 8.236891596733835286e+01
1.087797194388777422e+00 8.213867819464766740e+01
1.090024048096192244e+00 8.190494857729238731e+01
1.092250901803607066e+00 8.167031561763469938e+01
1.094477755511021888e+00 8.143752555160840245e+01
1.096704609218436710e+00 8.120932461514733802e+01
1.098931462925851532e+00 8.098845049263826468e+01
1.101158316633266354e+00 8.077647955115455147e+01
1.103385170340681176e+00 8.057266120062345749e+01
1.105612024048095998e+00 8.037596724090263933e+01
1.107838877755510820e+00 8.018536947184972519e+01
1.110065731462925642e+00 7.999983969332241429e+01
1.112292585170340464e+00 7.981834970517832062e+01
1.114519438877755286e+00 7.963987130727508656e+01
1.116746292585170330e+00 7.946337629947032610e+01
1.118973146292585152e+00 7.928783648162175268e+01
1.121199999999999974e+00 7.911222365358698028e+01
