1.000000000000000021e-02 1.281300276867542198e+04
1.222685370741482917e-02 1.363032602879413753e+04
1.445370741482965987e-02 1.401735239650329459e+04
1.668056112224448884e-02 1.406503002329090123e+04
1.890741482965931780e-02 1.385182930390146430e+04
2.113426853707414677e-02 1.344511271812323321e+04
2.336112224448897573e-02 1.290325320381288475e+04
2.558797595190380469e-02 1.227648999789763729e+04
2.781482965931863366e-02 1.160716962215775129e+04
3.004168336673346262e-02 1.092906673476703872e+04
3.226853707414829159e-02 1.026851476652989186e+04
3.449539078156312055e-02 9.644945834642701811e+03
3.672224448897795646e-02 9.070974793429020792e+03
3.894909819639278542e-02 8.553979856454996479e+03
4.117595190380761438e-02 8.096658026082908691e+03
4.340280561122244335e-02 7.698139007383218086e+03
4.562965931863727231e-02 7.354900543747055053e+03
4.785651302605210128e-02 7.061306395575035822e+03
5.008336673346693024e-02 6.810284081209507349e+03
5.231022044088175921e-02 6.594596032015779201e+03
5.453707414829658817e-02 6.405450957277493217e+03
5.676392785571141714e-02 6.236294412040751013e+03
5.899078156312624610e-02 6.091824042824014214e+03
6.121763527054107507e-02 5.957681877086078202e+03
6.344448897795590403e-02 5.814496983513083251e+03
6.567134268537073993e-02 5.650009839051610470e+03
6.789819639278556196e-02 5.467825050332400679e+03
7.012505010020039786e-02 5.273693378780633793e+03
7.235190380761521989e-02 5.073365585821487912e+03
7.457875751503004191e-02 4.872591536020053354e+03
7.680561122244487782e-02 4.675789758017446729e+03
7.903246492985969984e-02 4.483376171134906144e+03
8.125931863727453575e-02 4.295017570014359080e+03
8.348617234468937165e-02 4.110380749297740294e+03
8.571302605210419367e-02 3.929132545938528438e+03
8.793987975951902958e-02 3.751616584884448002e+03
9.016673346693385160e-02 3.580568543459106422e+03
9.239358717434868751e-02 3.419252319190190519e+03
9.462044088176350953e-02 3.270931809605391663e+03
9.684729458917834544e-02 3.138870912232393493e+03
9.907414829659316746e-02 3.025496345425903655e+03
1.013010020040080034e-01 2.929320286803852468e+03
1.035278557114228254e-01 2.847711707997749272e+03
1.057547094188376613e-01 2.778039442815629627e+03
1.079815631262524833e-01 2.717672325065530003e+03
1.102084168336673192e-01 2.664082959221824694e+03
1.124352705410821412e-01 2.615358453338486925e+03
1.146621242484969772e-01 2.569811271957474219e+03
1.168889779559118131e-01 2.525754221509981107e+03
1.191158316633266351e-01 2.481500108427201667e+03
1.213426853707414710e-01 2.435500091357324436e+03
1.235695390781562930e-01 2.387369679729581549e+03
1.257963927855711428e-01 2.337307427295744219e+03
1.280232464929859648e-01 2.285516235830500136e+03
1.302501002004007868e-01 2.232199007108536534e+03
1.324769539078156089e-01 2.177561861385769134e+03
1.347038076152304586e-01 2.121855745226326690e+03
1.369306613226452807e-01 2.065364484209968396e+03
1.391575150300601027e-01 2.008372660742288872e+03
1.413843687374749525e-01 1.951164857228884330e+03
1.436112224448897745e-01 1.894036991493079995e+03
1.458380761523045965e-01 1.837507435713752102e+03
1.480649298597194186e-01 1.782297632831200644e+03
1.502917835671342683e-01 1.729136474381080234e+03
1.525186372745490904e-01 1.678752851899046391e+03
1.547454909819639124e-01 1.631863753148345950e+03
1.569723446893787622e-01 1.588821500219860809e+03
1.591991983967935842e-01 1.549554727339783994e+03
1.614260521042084062e-01 1.513968277183408190e+03
1.636529058116232282e-01 1.481966992426026536e+03
1.658797595190380780e-01 1.453452472844347994e+03
1.681066132264529001e-01 1.428109600944787871e+03
1.703334669338677221e-01 1.405273955692268601e+03
1.725603206412825441e-01 1.384249446834884793e+03
1.747871743486973939e-01 1.364339984120733106e+03
1.770140280561122159e-01 1.344850501462811735e+03
1.792408817635270379e-01 1.325271277327620282e+03
1.814677354709418600e-01 1.305491505510150546e+03
1.836945891783567097e-01 1.285452161219819345e+03
1.859214428857715318e-01 1.265094219666045319e+03
1.881482965931863538e-01 1.244358678864119611e+03
1.903751503006012036e-01 1.223211693399159003e+03
1.926020040080160256e-01 1.201692651319205197e+03
1.948288577154308476e-01 1.179854193465564776e+03
1.970557114228456697e-01 1.157748960679544325e+03
1.992825651302605194e-01 1.135429593802450199e+03
2.015094188376753415e-01 1.112978428208278956e+03
2.037362725450901635e-01 1.090599400401349385e+03
2.059631262525049855e-01 1.068527569611324452e+03
2.081899799599198353e-01 1.046997995082457692e+03
2.104168336673346573e-01 1.026245736059004230e+03
2.126436873747494793e-01 1.006473368216273798e+03
2.148705410821643014e-01 9.877052268217470328e+02
2.170973947895791512e-01 9.699048298931952559e+02
2.193242484969939732e-01 9.530356434858840657e+02
2.215511022044087952e-01 9.370611336550800843e+02
2.237779559118236450e-01 9.219436226562718275e+02
2.260048096192384670e-01 9.076366865768029584e+02
2.282316633266532890e-01 8.940898638780332703e+02
2.304585170340681111e-01 8.812526713162800434e+02
2.326853707414829608e-01 8.690746256478602163e+02
2.349122244488977829e-01 8.574998639248620975e+02
2.371390781563126049e-01 8.464087090496201427e+02
2.393659318637274269e-01 8.356396998432156806e+02
2.415927855711422767e-01 8.250306506286457306e+02
2.438196392785570987e-01 8.144193757289078803e+02
2.460464929859719208e-01 8.036512504108205803e+02
2.482733466933867428e-01 7.927101785351205763e+02
2.505002004008015648e-01 7.817013952129286736e+02
2.527270541082163868e-01 7.707342380752767212e+02
2.549539078156312089e-01 7.599180447531978189e+02
2.571807615230460309e-01 7.493595618687469369e+02
2.594076152304609084e-01 7.390852589187475132e+02
2.616344689378757304e-01 7.290278154587150539e+02
2.638613226452905525e-01 7.191145969508544340e+02
2.660881763527053745e-01 7.092729688573724616e+02
2.683150300601201965e-01 6.994313917330969161e+02
2.705418837675350741e-01 6.895834521831731081e+02
2.727687374749498961e-01 6.798233503767363572e+02
2.749955911823647181e-01 6.702539027475544344e+02
2.772224448897795401e-01 6.609779257293944283e+02
2.794492985971943622e-01 6.520978965148324278e+02
2.816761523046091842e-01 6.436624316152650636e+02
2.839030060120240062e-01 6.356078255509717110e+02
2.861298597194388282e-01 6.278563213232810085e+02
2.883567134268537058e-01 6.203301619335215946e+02
2.905835671342685278e-01 6.129516134858745318e+02
2.928104208416833498e-01 6.056644750069254997e+02
2.950372745490981718e-01 5.984739899035693043e+02
2.972641282565129939e-01 5.913962898102120107e+02
2.994909819639278159e-01 5.844475063612611621e+02
3.017178356713426379e-01 5.776437711911223687e+02
3.039446893787575155e-01 5.709998208840548841e+02
3.061715430861723375e-01 5.645247955294101985e+02
3.083983967935871595e-01 5.582264320073450108e+02
3.106252505010019815e-01 5.521124671980160201e+02
3.128521042084168036e-01 5.461906379815790160e+02
3.150789579158316256e-01 5.404604758102644837e+02
3.173058116232464476e-01 5.348755674456156157e+02
3.195326653306612696e-01 5.293735174801555559e+02
3.217595190380761472e-01 5.238919143777198997e+02
3.239863727454909692e-01 5.183683466021444701e+02
3.262132264529057912e-01 5.127506449905446289e+02
3.284400801603206133e-01 5.070654999082511267e+02
3.306669338677354353e-01 5.013762231541973620e+02
3.328937875751502573e-01 4.957463284553473954e+02
3.351206412825650793e-01 4.902393295386661975e+02
3.373474949899799569e-01 4.849144547672982526e+02
3.395743486973947789e-01 4.797813519405420379e+02
3.418012024048096009e-01 4.748177934766644626e+02
3.440280561122244229e-01 4.700010255504175802e+02
3.462549098196392450e-01 4.653082943365529331e+02
3.484817635270540670e-01 4.607172244506094785e+02
3.507086172344688890e-01 4.562123044182623062e+02
3.529354709418837110e-01 4.517839974789898747e+02
3.551623246492985886e-01 4.474229663999897184e+02
3.573891783567134106e-01 4.431198739484595990e+02
3.596160320641282326e-01 4.388656789447035180e+02
3.618428857715430547e-01 4.346599803784415599e+02
3.640697394789578767e-01 4.305121765949105566e+02
3.662965931863726987e-01 4.264321949821548401e+02
3.685234468937875207e-01 4.224299629282185720e+02
3.707503006012023983e-01 4.185152201833823256e+02
3.729771543086172203e-01 4.146874043880352474e+02
3.752040080160320423e-01 4.109305117034008958e+02
3.774308617234468644e-01 4.072272697088065456e+02
3.796577154308616864e-01 4.035604059835798125e+02
3.818845691382765084e-01 3.999127154192332796e+02
3.841114228456913304e-01 3.962769023176005589e+02
3.863382765531061525e-01 3.926659472624473324e+02
3.885651302605210300e-01 3.890953110581581313e+02
3.907919839679358520e-01 3.855804545091176010e+02
3.930188376753506740e-01 3.821368323270670544e+02
3.952456913827654961e-01 3.787750493424437082e+02
3.974725450901803181e-01 3.754921442523773294e+02
3.996993987975951401e-01 3.722828018754038908e+02
4.019262525050099621e-01 3.691417070300593082e+02
4.041531062124248397e-01 3.660635445332344489e+02
4.063799599198396617e-01 3.630414801920910577e+02
4.086068136272544837e-01 3.600627899755801309e+02
4.108336673346693058e-01 3.571133225253066144e+02
4.130605210420841278e-01 3.541789264828752835e+02
4.152873747494989498e-01 3.512454504898909136e+02
4.175142284569137718e-01 3.483037390704812424e+02
4.197410821643285939e-01 3.453720292751359011e+02
4.219679358717434714e-01 3.424778981019155708e+02
4.241947895791582934e-01 3.396489304786051093e+02
4.264216432865731155e-01 3.369127113329889767e+02
4.286484969939879375e-01 3.342911070011152219e+02
4.308753507014027595e-01 3.317609984650815704e+02
4.331022044088175815e-01 3.292779877310724714e+02
4.353290581162324036e-01 3.267975500462891318e+02
4.375559118236472811e-01 3.242751606579328723e+02
4.397827655310621031e-01 3.216712752199011902e+02
4.420096192384769251e-01 3.190016648689796170e+02
4.442364729458917472e-01 3.163165992977389465e+02
4.464633266533065692e-01 3.136668720469709797e+02
4.486901803607213912e-01 3.111032766574684842e+02
4.509170340681362132e-01 3.086737070722514318e+02
4.531438877755510353e-01 3.063777619629213405e+02
4.553707414829659128e-01 3.041751799790318955e+02
4.575975951903807348e-01 3.020245067336040847e+02
4.598244488977955569e-01 2.998842878396581000e+02
4.620513026052103789e-01 2.977142494388214118e+02
4.642781563126252009e-01 2.955081504533364978e+02
4.665050100200400229e-01 2.932981104671243884e+02
4.687318637274548450e-01 2.911182990591051976e+02
4.709587174348696670e-01 2.890028858081994940e+02
4.731855711422845445e-01 2.869854908865340235e+02
4.754124248496993665e-01 2.850691220262719980e+02
4.776392785571141886e-01 2.832106428058780239e+02
4.798661322645290106e-01 2.813630961299363662e+02
4.820929859719438326e-01 2.794795249030314608e+02
4.843198396793586546e-01 2.775131786074636011e+02
4.865466933867734767e-01 2.754469527500145887e+02
4.887735470941883542e-01 2.733240076794342599e+02
4.910004008016031762e-01 2.711948182751189051e+02
4.932272545090179983e-01 2.691098594164642464e+02
4.954541082164328203e-01 2.671195808194966617e+02
4.976809619238476423e-01 2.652554200730107823e+02
4.999078156312624643e-01 2.634959976684041294e+02
5.021346693386772309e-01 2.618108362303921695e+02
5.043615230460920529e-01 2.601694583836899142e+02
5.065883767535069859e-01 2.585413867665292287e+02
5.088152304609218080e-01 2.569029289470422555e+02
5.110420841683366300e-01 2.552565144659700991e+02
5.132689378757514520e-01 2.536108583924299751e+02
5.154957915831662740e-01 2.519746757955392127e+02
5.177226452905810961e-01 2.503566817444151411e+02
5.199494989979959181e-01 2.487642507730240027e+02
5.221763527054107401e-01 2.471974601931107713e+02
5.244032064128255621e-01 2.456539163566924913e+02
5.266300601202403842e-01 2.441312236450590376e+02
5.288569138276552062e-01 2.426269864395002571e+02
5.310837675350701392e-01 2.411387998805150232e+02
5.333106212424849613e-01 2.396641859111184658e+02
5.355374749498997833e-01 2.382006316454649948e+02
5.377643286573146053e-01 2.367456239851375699e+02
5.399911823647294273e-01 2.352966498317190371e+02
5.422180360721442494e-01 2.338514732652408554e+02
5.444448897795590714e-01 2.324110108618182835e+02
5.466717434869738934e-01 2.309781804500329088e+02
5.488985971943887154e-01 2.295559317774654744e+02
5.511254509018035375e-01 2.281472145916968657e+02
5.533523046092183595e-01 2.267548703689975866e+02
5.555791583166331815e-01 2.253798871092309355e+02
5.578060120240480035e-01 2.240216963243516659e+02
5.600328657314628256e-01 2.226796812211117640e+02
5.622597194388776476e-01 2.213532250062634716e+02
5.644865731462925806e-01 2.200417073051811769e+02
5.667134268537074027e-01 2.187444033543996795e+02
5.689402805611222247e-01 2.174604700717253820e+02
5.711671342685370467e-01 2.161890579938996098e+02
5.733939879759518687e-01 2.149293176576637734e+02
5.756208416833666908e-01 2.136804155798657519e+02
5.778476953907815128e-01 2.124424219789081576e+02
5.800745490981963348e-01 2.112167770119345107e+02
5.823014028056111568e-01 2.100050351527071939e+02
5.845282565130259789e-01 2.088087508749887320e+02
5.867551102204408009e-01 2.076294677252600707e+02
5.889819639278556229e-01 2.064672001032724893e+02
5.912088176352704449e-01 2.053188742012444834e+02
5.934356713426852670e-01 2.041810442969858741e+02
5.956625250501000890e-01 2.030502646683064825e+02
5.978893787575150220e-01 2.019230921832544254e+02
6.001162324649298441e-01 2.007983545400427943e+02
6.023430861723446661e-01 1.996813102710591181e+02
6.045699398797594881e-01 1.985783483918764603e+02
6.067967935871743101e-01 1.974958579180679976e+02
6.090236472945891322e-01 1.964402278615891930e+02
6.112505010020039542e-01 1.954147288203604091e+02
6.134773547094187762e-01 1.944105487996062323e+02
6.157042084168335982e-01 1.934159498759725579e+02
6.179310621242484203e-01 1.924191941261053387e+02
6.201579158316632423e-01 1.914085436266505837e+02
6.223847695390780643e-01 1.903753361227628886e+02
6.246116232464928864e-01 1.893277607937209837e+02
6.268384769539077084e-01 1.882797485244945221e+02
6.290653306613225304e-01 1.872452350439832287e+02
6.312921843687374635e-01 1.862381560810869132e+02
6.335190380761522855e-01 1.852705035434532590e+02
6.357458917835671075e-01 1.843392116646018337e+02
6.379727454909819295e-01 1.834341853195982139e+02
6.401995991983967516e-01 1.825452897520914632e+02
6.424264529058115736e-01 1.816623902057309294e+02
6.446533066132263956e-01 1.807760982942322698e+02
6.468801603206412176e-01 1.798853080794558821e+02
6.491070140280560397e-01 1.789940757664188595e+02
6.513338677354708617e-01 1.781065358023914484e+02
6.535607214428856837e-01 1.772268226346439519e+02
6.557875751503005057e-01 1.763588522360736874e+02
6.580144288577153278e-01 1.755028371919942174e+02
6.602412825651301498e-01 1.746558993251079528e+02
6.624681362725449718e-01 1.738150657660579270e+02
6.646949899799599049e-01 1.729773636454869461e+02
6.669218436873747269e-01 1.721398961607140450e+02
6.691486973947895489e-01 1.713019066229037151e+02
6.713755511022043709e-01 1.704650209579234570e+02
6.736024048096191930e-01 1.696309898337302116e+02
6.758292585170340150e-01 1.688015639182806353e+02
6.780561122244488370e-01 1.679784738771193418e+02
6.802829659318636590e-01 1.671622649508406369e+02
6.825098196392784811e-01 1.663516533856315789e+02
6.847366733466933031e-01 1.655451990741687496e+02
6.869635270541081251e-01 1.647414619091286170e+02
6.891903807615229471e-01 1.639390127752851356e+02
6.914172344689377692e-01 1.631382486753284127e+02
6.936440881763525912e-01 1.623434174198605717e+02
6.958709418837674132e-01 1.615592548920183731e+02
6.980977955911823463e-01 1.607904969749383497e+02
7.003246492985971683e-01 1.600418754504023582e+02
7.025515030060119903e-01 1.593150396954885082e+02
7.047783567134268123e-01 1.586030819677748980e+02
7.070052104208416344e-01 1.578976216435457616e+02
7.092320641282564564e-01 1.571902780990853614e+02
7.114589178356712784e-01 1.564726707125417704e+02
7.136857715430861004e-01 1.557395367900299163e+02
7.159126252505009225e-01 1.549977715393618212e+02
7.181394789579157445e-01 1.542572331554367224e+02
7.203663326653305665e-01 1.535277798331537724e+02
7.225931863727453885e-01 1.528192697674120382e+02
7.248200400801602106e-01 1.521394253848670530e+02
7.270468937875750326e-01 1.514843516510444488e+02
7.292737474949898546e-01 1.508462224618087646e+02
7.315006012024047877e-01 1.502172085981148939e+02
7.337274549098196097e-01 1.495894808409178438e+02
7.359543086172344317e-01 1.489562529374715041e+02
7.381811623246492537e-01 1.483187561589776067e+02
7.404080160320640758e-01 1.476819399781271329e+02
7.426348697394788978e-01 1.470507742512656364e+02
7.448617234468937198e-01 1.464302288347384433e+02
7.470885771543085419e-01 1.458245915752771964e+02
7.493154308617233639e-01 1.452302735209886180e+02
7.515422845691381859e-01 1.446386282919206394e+02
7.537691382765530079e-01 1.440409263061385445e+02
7.559959919839678300e-01 1.434284379817074182e+02
7.582228456913826520e-01 1.427930592371229181e+02
7.604496993987974740e-01 1.421377937825473907e+02
7.626765531062122960e-01 1.414751890972385127e+02
7.649034068136272291e-01 1.408181030963178841e+02
7.671302605210420511e-01 1.401793936949074180e+02
7.693571142284568731e-01 1.395715746507040080e+02
7.715839679358716952e-01 1.389971409903885444e+02
7.738108216432865172e-01 1.384472392969053942e+02
7.760376753507013392e-01 1.379124047577659269e+02
7.782645290581161612e-01 1.373831725604814267e+02
7.804913827655309833e-01 1.368501513548822572e+02
7.827182364729458053e-01 1.363082305979142745e+02
7.849450901803606273e-01 1.357588630228873114e+02
7.871719438877754493e-01 1.352040576168307666e+02
7.893987975951902714e-01 1.346458233667740672e+02
7.916256513026050934e-01 1.340861699634353386e+02
7.938525050100199154e-01 1.335272153306206064e+02
7.960793587174347374e-01 1.329713013246167748e+02
7.983062124248496705e-01 1.324207975555492851e+02
8.005330661322644925e-01 1.318780736335436643e+02
8.027599198396793145e-01 1.313454980509084464e+02
8.049867735470941366e-01 1.308244648198432571e+02
8.072136272545089586e-01 1.303136102406101600e+02
8.094404809619237806e-01 1.298110861939014455e+02
8.116673346693386026e-01 1.293150445604094045e+02
8.138941883767534247e-01 1.288236372198942661e+02
8.161210420841682467e-01 1.283347464874442778e+02
8.183478957915830687e-01 1.278452249426162126e+02
8.205747494989978907e-01 1.273516793206958084e+02
8.228016032064127128e-01 1.268507163569686185e+02
8.250284569138275348e-01 1.263389427867202812e+02
8.272553106212423568e-01 1.258144153947004327e+02
8.294821643286571788e-01 1.252831298167519236e+02
8.317090180360721119e-01 1.247537847344710684e+02
8.339358717434869339e-01 1.242350810953854818e+02
8.361627254509017559e-01 1.237357198470228070e+02
8.383895791583165780e-01 1.232628441292082044e+02
8.406164328657314000e-01 1.228117132106033438e+02
8.428432865731462220e-01 1.223721113791301605e+02
8.450701402805610440e-01 1.219337937481852236e+02
8.472969939879758661e-01 1.214865154311649746e+02
8.495238476953906881e-01 1.210210756056210215e+02
8.517507014028055101e-01 1.205400371475675172e+02
8.539775551102203321e-01 1.200533787259253842e+02
8.562044088176351542e-01 1.195711950318829651e+02
8.584312625250499762e-01 1.191035807566283893e+02
8.606581162324647982e-01 1.186601072193443116e+02
8.628849699398796202e-01 1.182409676099301237e+02
8.651118236472945533e-01 1.178382525747583429e+02
8.673386773547093753e-01 1.174437862160108352e+02
8.695655310621241973e-01 1.170493926358693386e+02
8.717923847695390194e-01 1.166470921197877431e+02
8.740192384769538414e-01 1.162346795421375134e+02
8.762460921843686634e-01 1.158165272007915405e+02
8.784729458917834855e-01 1.153973649972483315e+02
8.806997995991983075e-01 1.149819228330064362e+02
8.829266533066131295e-01 1.145748663941658236e+02
8.851535070140279515e-01 1.141771815533543588e+02
8.873803607214427736e-01 1.137842478447497143e+02
8.896072144288575956e-01 1.133909737406175964e+02
8.918340681362724176e-01 1.129922677132237254e+02
8.940609218436872396e-01 1.125830590783525622e+02
8.962877755511020617e-01 1.121615595677803157e+02
8.985146292585168837e-01 1.117328122901421068e+02
9.007414829659318167e-01 1.113027129280389147e+02
9.029683366733466388e-01 1.108771571640716616e+02
9.051951903807614608e-01 1.104620386740775331e+02
9.074220440881762828e-01 1.100612025384753139e+02
9.096488977955911048e-01 1.096725837591910562e+02
9.118757515030059269e-01 1.092930579001223066e+02
9.141026052104207489e-01 1.089195005251666259e+02
9.163294589178355709e-01 1.085487871982888350e+02
9.185563126252503929e-01 1.081786822182702821e+02
9.207831663326652150e-01 1.078104598110407295e+02
9.230100200400800370e-01 1.074462605734104272e+02
9.252368737474948590e-01 1.070882251021895115e+02
9.274637274549096810e-01 1.067384939941881044e+02
9.296905811623245031e-01 1.063983809239206977e+02
9.319174348697393251e-01 1.060646427719486837e+02
9.341442885771542581e-01 1.057324752529603558e+02
9.363711422845690802e-01 1.053970726988268325e+02
9.385979959919839022e-01 1.050536294414191332e+02
9.408248496993987242e-01 1.046980481925331645e+02
9.430517034068135462e-01 1.043316728620022928e+02
9.452785571142283683e-01 1.039583690565696656e+02
9.475054108216431903e-01 1.035820161672404254e+02
9.497322645290580123e-01 1.032064935850199987e+02
9.519591182364728343e-01 1.028355055714778814e+02
9.541859719438876564e-01 1.024707680333148971e+02
9.564128256513024784e-01 1.021127362795216698e+02
9.586396793587173004e-01 1.017618455848837300e+02
9.608665330661321224e-01 1.014185312241865944e+02
9.630933867735469445e-01 1.010831565785898789e+02
9.653202404809617665e-01 1.007548335179696721e+02
9.675470941883766995e-01 1.004316118570906156e+02
9.697739478957915216e-01 1.001115077286548427e+02
9.720008016032063436e-01 9.979253726536458657e+01
9.742276553106211656e-01 9.947274994523583302e+01
9.764545090180359876e-01 9.915116473399120878e+01
9.786813627254508097e-01 9.882789806082746509e+01
9.809082164328656317e-01 9.850312541882018991e+01
9.831350701402804537e-01 9.817702230104498540e+01
9.853619238476952757e-01 9.784977351132617684e+01
9.875887775551100978e-01 9.752210547543745633e+01
9.898156312625249198e-01 9.719557448856568271e+01
9.920424849699397418e-01 9.687180711705971703e+01
9.942693386773545638e-01 9.655242992726850559e+01
9.964961923847693859e-01 9.623906227894663346e+01
9.987230460921842079e-01 9.593227093769800717e+01
1.000949899799599141e+00 9.563047322783916115e+01
1.003176753507013963e+00 9.533182418026292737e+01
1.005403607214428785e+00 9.503447882586195306e+01
1.007630460921843607e+00 9.473659319177325244e+01
1.009857314629258429e+00 9.443752701234328129e+01
1.012084168336673251e+00 9.414018033647803918e+01
1.014311022044088073e+00 9.384810082067848214e+01
1.016537875751502895e+00 9.356483612144553774e+01
1.018764729458917717e+00 9.329393389528014779e+01
1.020991583166332539e+00 9.303713993824931094e+01
1.023218436873747361e+00 9.278864181520221166e+01
1.025445290581162183e+00 9.254064560930594041e+01
1.027672144288577005e+00 9.228535739621678147e+01
1.029898997995991827e+00 9.201498325159114700e+01
1.032125851703406649e+00 9.172388518159233683e+01
1.034352705410821471e+00 9.141774526089949404e+01
1.036579559118236293e+00 9.110594805109050753e+01
1.038806412825651115e+00 9.079788021952310828e+01
1.041033266533065937e+00 9.050292843355508410e+01
1.043260120240480759e+00 9.022901467228305705e+01
1.045486973947895581e+00 8.997289618634989949e+01
1.047713827655310403e+00 8.972619004754314176e+01
1.049940681362725448e+00 8.948048601744177688e+01
1.052167535070140270e+00 8.922737385762482631e+01
1.054394388777555092e+00 8.895915122230280758e+01
1.056621242484969914e+00 8.867621470730666999e+01
1.058848096192384736e+00 8.838412481401822163e+01
1.061074949899799558e+00 8.808852539986543206e+01
1.063301803607214380e+00 8.779506032227619983e+01
1.065528657314629202e+00 8.750919079358882868e+01
1.067755511022044024e+00 8.723304555303596430e+01
1.069982364729458846e+00 8.696584197748951794e+01
1.072209218436873668e+00 8.670669950301461881e+01
1.074436072144288490e+00 8.645473756567619716e+01
1.076662925851703312e+00 8.620905269680727656e+01
1.078889779559118134e+00 8.596800046146363172e+01
1.081116633266532956e+00 8.572905239097727303e+01
1.083343486973947778e+00 8.548962821861559291e+01
1.085570340681362600e+00 8.524714767764591272e+01
1.087797194388777422e+00 8.499907104549713210e+01
1.090024048096192244e+00 8.474490952635886742e+01
1.092250901803607066e+00 8.448715127687603399e+01
1.094477755511021888e+00 8.422851830150099772e+01
1.096704609218436710e+00 8.397173260468622402e+01
1.098931462925851532e+00 8.371950690892681735e+01
1.101158316633266354e+00 8.347329342821151954e+01
1.103385170340681176e+00 8.323201866779947977e+01
1.105612024048095998e+00 8.299430781146757852e+01
1.107838877755510820e+00 8.275878604299273889e+01
1.110065731462925642e+00 8.252407854615185556e+01
1.112292585170340464e+00 8.228881050472188008e+01
1.114519438877755286e+00 8.205160710247966449e+01
1.116746292585170330e+00 8.181109352320208927e+01
1.118973146292585152e+00 8.156589495066614859e+01
1.121199999999999974e+00 8.131463656864872291e+01
