1.000000000000000021e-02 9.147963420440610207e+03
1.222685370741482917e-02 9.735449006144386658e+03
1.445370741482965987e-02 1.001603469667676109e+04
1.668056112224448884e-02 1.005432453277763489e+04
1.890741482965931780e-02 9.905986134328220942e+03
2.113426853707414677e-02 9.618832496488827019e+03
2.336112224448897573e-02 9.234601597815615605e+03
2.558797595190380469e-02 8.789093501348861537e+03
2.781482965931863366e-02 8.312341282823796064e+03
3.004168336673346262e-02 7.828645343353576209e+03
3.226853707414829159e-02 7.356967738907899729e+03
3.449539078156312055e-02 6.911168395633845648e+03
3.672224448897795646e-02 6.500491725299528298e+03
3.894909819639278542e-02 6.130331636844526656e+03
4.117595190380761438e-02 5.802737814406608777e+03
4.340280561122244335e-02 5.517239426335227108e+03
4.562965931863727231e-02 5.271347209718215709e+03
4.785651302605210128e-02 5.061123864403223706e+03
5.008336673346693024e-02 4.881596038211718223e+03
5.231022044088175921e-02 4.727499489955033823e+03
5.453707414829658817e-02 4.592572705874066742e+03
5.676392785571141714e-02 4.472083634238761988e+03
5.899078156312624610e-02 4.368746648137860575e+03
6.121763527054107507e-02 4.272440068132998022e+03
6.344448897795590403e-02 4.169672049499989953e+03
6.567134268537073993e-02 4.051933262432979973e+03
6.789819639278556196e-02 3.921829371501729838e+03
7.012505010020039786e-02 3.783469716481907653e+03
7.235190380761521989e-02 3.640963637149185161e+03
7.457875751503004191e-02 3.498419792139013225e+03
7.680561122244487782e-02 3.358935727596492598e+03
7.903246492985969984e-02 3.222569119559961564e+03
8.125931863727453575e-02 3.088808704774192847e+03
8.348617234468937165e-02 2.957143219983962808e+03
8.571302605210419367e-02 2.827061440387617040e+03
8.793987975951902958e-02 2.698667219492138884e+03
9.016673346693385160e-02 2.574238355292348388e+03
9.239358717434868751e-02 2.456532702746952509e+03
9.462044088176350953e-02 2.348308116814662753e+03
9.684729458917834544e-02 2.252322452454182894e+03
9.907414829659316746e-02 2.170627834864741999e+03
1.013010020040080034e-01 2.101976488839782633e+03
1.035278557114228254e-01 2.044156933299654156e+03
1.057547094188376613e-01 1.994957570981540584e+03
1.079815631262524833e-01 1.952166804622625477e+03
1.102084168336673192e-01 1.913717388290152257e+03
1.124352705410821412e-01 1.878396888034076937e+03
1.146621242484969772e-01 1.845306354532775686e+03
1.168889779559118131e-01 1.813547314053417949e+03
1.191158316633266351e-01 1.782221292863172721e+03
1.213426853707414710e-01 1.750478135659679765e+03
1.235695390781562930e-01 1.717874327550673570e+03
1.257963927855711428e-01 1.684169977316654922e+03
1.280232464929859648e-01 1.649126712251143545e+03
1.302501002004007868e-01 1.612506159647659842e+03
1.324769539078156089e-01 1.574092589999080928e+03
1.347038076152304586e-01 1.533985643365722581e+03
1.369306613226452807e-01 1.492516275777218652e+03
1.391575150300601027e-01 1.450020767811388623e+03
1.413843687374749525e-01 1.406835400046051291e+03
1.436112224448897745e-01 1.363306633309240624e+03
1.458380761523045965e-01 1.319980712949915414e+03
1.480649298597194186e-01 1.277586260583325839e+03
1.502917835671342683e-01 1.236858587350087873e+03
1.525186372745490904e-01 1.198533004390819542e+03
1.547454909819639124e-01 1.163331027369209778e+03
1.569723446893787622e-01 1.131551554924969878e+03
1.591991983967935842e-01 1.103002466887868195e+03
1.614260521042084062e-01 1.077464070669430839e+03
1.636529058116232282e-01 1.054716673681183920e+03
1.658797595190380780e-01 1.034539425537274155e+03
1.681066132264529001e-01 1.016634102267330718e+03
1.703334669338677221e-01 1.000577769641144187e+03
1.725603206412825441e-01 9.859361867115942459e+02
1.747871743486973939e-01 9.722751125315611489e+02
1.770140280561122159e-01 9.591606927465502395e+02
1.792408817635270379e-01 9.462290352095577646e+02
1.814677354709418600e-01 9.332668267706776533e+02
1.836945891783567097e-01 9.200803002660702532e+02
1.859214428857715318e-01 9.064756885318967079e+02
1.881482965931863538e-01 8.922592874827232663e+02
1.903751503006012036e-01 8.773069731920552385e+02
1.926020040080160256e-01 8.616971770112094191e+02
1.948288577154308476e-01 8.455449859829647039e+02
1.970557114228456697e-01 8.289654871501007847e+02
1.992825651302605194e-01 8.120737675553959889e+02
2.015094188376753415e-01 7.949990729338829851e+02
2.037362725450901635e-01 7.779286298280291021e+02
2.059631262525049855e-01 7.610645044511198876e+02
2.081899799599198353e-01 7.446087630233978416e+02
2.104168336673346573e-01 7.287634717651067149e+02
2.126436873747494793e-01 7.137022062527598791e+02
2.148705410821643014e-01 6.994422112124547084e+02
2.170973947895791512e-01 6.859473898610161768e+02
2.193242484969939732e-01 6.731815998400663830e+02
2.215511022044087952e-01 6.611086987912282211e+02
2.237779559118236450e-01 6.496961447663763920e+02
2.260048096192384670e-01 6.389389266790944930e+02
2.282316633266532890e-01 6.288447429313637258e+02
2.304585170340681111e-01 6.194213602474886784e+02
2.326853707414829608e-01 6.106765453517741662e+02
2.349122244488977829e-01 6.026086031810546046e+02
2.371390781563126049e-01 5.951036027764996561e+02
2.393659318637274269e-01 5.879741236193281111e+02
2.415927855711422767e-01 5.810314709484214291e+02
2.438196392785570987e-01 5.740869500026612968e+02
2.460464929859719208e-01 5.669590919901348798e+02
2.482733466933867428e-01 5.595988194416862598e+02
2.505002004008015648e-01 5.520730107661164539e+02
2.527270541082163868e-01 5.444524651370481934e+02
2.549539078156312089e-01 5.368079817281044370e+02
2.571807615230460309e-01 5.292088920177632190e+02
2.594076152304609084e-01 5.216790539458364719e+02
2.616344689378757304e-01 5.141891974843590560e+02
2.638613226452905525e-01 5.067070424000684170e+02
2.660881763527053745e-01 4.992003084597026827e+02
2.683150300601201965e-01 4.916375093693764597e+02
2.705418837675350741e-01 4.840343750566868835e+02
2.727687374749498961e-01 4.764795800282200275e+02
2.749955911823647181e-01 4.690680455605902353e+02
2.772224448897795401e-01 4.618946929304118498e+02
2.794492985971943622e-01 4.550541708587073799e+02
2.816761523046091842e-01 4.485978549315385635e+02
2.839030060120240062e-01 4.424868781948762262e+02
2.861298597194388282e-01 4.366710843225068857e+02
2.883567134268537058e-01 4.311003169882168891e+02
2.905835671342685278e-01 4.257244312001071762e+02
2.928104208416833498e-01 4.205038460693546085e+02
2.950372745490981718e-01 4.154291254666279656e+02
2.972641282565129939e-01 4.104961750529750475e+02
2.994909819639278159e-01 4.057009004894446775e+02
3.017178356713426379e-01 4.010392074370848263e+02
3.039446893787575155e-01 3.965067082403758150e+02
3.061715430861723375e-01 3.920978385515589366e+02
3.083983967935871595e-01 3.878067389908249538e+02
3.106252505010019815e-01 3.836275501783647996e+02
3.128521042084168036e-01 3.795544127343691230e+02
3.150789579158316256e-01 3.755760803884430175e+02
3.173058116232464476e-01 3.716511440287203527e+02
3.195326653306612696e-01 3.677277021964874280e+02
3.217595190380761472e-01 3.637538428444935334e+02
3.239863727454909692e-01 3.596776539254880731e+02
3.262132264529057912e-01 3.554571660627128153e+02
3.284400801603206133e-01 3.511269618935605763e+02
3.306669338677354353e-01 3.467571739067458907e+02
3.328937875751502573e-01 3.424181306103840825e+02
3.351206412825650793e-01 3.381801605125913284e+02
3.373474949899799569e-01 3.341091790328218281e+02
3.395743486973947789e-01 3.302200432829199030e+02
3.418012024048096009e-01 3.264947849511442541e+02
3.440280561122244229e-01 3.229148937976025309e+02
3.462549098196392450e-01 3.194618595824025533e+02
3.484817635270540670e-01 3.161173226651603727e+02
3.507086172344688890e-01 3.128656548803386954e+02
3.529354709418837110e-01 3.096936056839231242e+02
3.551623246492985886e-01 3.065880039334258527e+02
3.573891783567134106e-01 3.035356784863596431e+02
3.596160320641282326e-01 3.005238050472851796e+02
3.618428857715430547e-01 2.975496818872666722e+02
3.640697394789578767e-01 2.946220879119635470e+02
3.662965931863726987e-01 2.917504218379145300e+02
3.685234468937875207e-01 2.889440823816581769e+02
3.707503006012023983e-01 2.862122336926355501e+02
3.729771543086172203e-01 2.835511611907193128e+02
3.752040080160320423e-01 2.809378468097577297e+02
3.774308617234468644e-01 2.783476866217368411e+02
3.796577154308616864e-01 2.757560766986429144e+02
3.818845691382765084e-01 2.731385161182467982e+02
3.841114228456913304e-01 2.704856680267706679e+02
3.863382765531061525e-01 2.678192237464052141e+02
3.885651302605210300e-01 2.651646700053251493e+02
3.907919839679358520e-01 2.625474935317054701e+02
3.930188376753506740e-01 2.599931711712246738e+02
3.952456913827654961e-01 2.575193130795387901e+02
3.974725450901803181e-01 2.551215246334571134e+02
3.996993987975951401e-01 2.527915931301107548e+02
4.019262525050099621e-01 2.505213058666310246e+02
4.041531062124248397e-01 2.483024501406972036e+02
4.063799599198396617e-01 2.461273191980625086e+02
4.086068136272544837e-01 2.439901680574963052e+02
4.108336673346693058e-01 2.418857271484964429e+02
4.130605210420841278e-01 2.398087269005605719e+02
4.152873747494989498e-01 2.377538977431865419e+02
4.175142284569137718e-01 2.357169220528564324e+02
4.197410821643285939e-01 2.336987017508957933e+02
4.219679358717434714e-01 2.317019184511832464e+02
4.241947895791582934e-01 2.297292552785774546e+02
4.264216432865731155e-01 2.277833953579367687e+02
4.286484969939879375e-01 2.258662076035985820e+02
4.308753507014027595e-01 2.239731559354250976e+02
4.331022044088175815e-01 2.220966745822522057e+02
4.353290581162324036e-01 2.202291797250290415e+02
4.375559118236472811e-01 2.183630875447045980e+02
4.397827655310621031e-01 2.164920583672540886e+02
4.420096192384769251e-01 2.146235707642508430e+02
4.442364729458917472e-01 2.127737213196534753e+02
4.464633266533065692e-01 2.109587374788536920e+02
4.486901803607213912e-01 2.091948466872436825e+02
4.509170340681362132e-01 2.074971905197592150e+02
4.531438877755510353e-01 2.058628244537036664e+02
4.553707414829659128e-01 2.042738767855361743e+02
4.575975951903807348e-01 2.027120290314291253e+02
4.598244488977955569e-01 2.011589627075546503e+02
4.620513026052103789e-01 1.995968229549469584e+02
4.642781563126252009e-01 1.980211204892846411e+02
4.665050100200400229e-01 1.964424312744511099e+02
4.687318637274548450e-01 1.948721363616803615e+02
4.709587174348696670e-01 1.933216168022068189e+02
4.731855711422845445e-01 1.918021342199149046e+02
4.754124248496993665e-01 1.903182958568868912e+02
4.776392785571141886e-01 1.888646783657769959e+02
4.798661322645290106e-01 1.874350278799218756e+02
4.820929859719438326e-01 1.860230905326583581e+02
4.843198396793586546e-01 1.846226491275924104e+02
4.865466933867734767e-01 1.832327490286750162e+02
4.887735470941883542e-01 1.818631334041356808e+02
4.910004008016031762e-01 1.805248438478645880e+02
4.932272545090179983e-01 1.792289219537518932e+02
4.954541082164328203e-01 1.779863987834110901e+02
4.976809619238476423e-01 1.768003477606566207e+02
4.999078156312624643e-01 1.756517354021916617e+02
5.021346693386772309e-01 1.745177202590500372e+02
5.043615230460920529e-01 1.733754608822653154e+02
5.065883767535069859e-01 1.722021158379602639e+02
5.088152304609218080e-01 1.709824180306479491e+02
5.110420841683366300e-01 1.697302615592625727e+02
5.132689378757514520e-01 1.684665573555695914e+02
5.154957915831662740e-01 1.672122163513344049e+02
5.177226452905810961e-01 1.659881494783224980e+02
5.199494989979959181e-01 1.648115441655982067e+02
5.221763527054107401e-01 1.636793189021455532e+02
5.244032064128255621e-01 1.625815287797335031e+02
5.266300601202403842e-01 1.615082234161922656e+02
5.288569138276552062e-01 1.604494524293518225e+02
5.310837675350701392e-01 1.593963528125192113e+02
5.333106212424849613e-01 1.583486747989443302e+02
5.355374749498997833e-01 1.573102669776720575e+02
5.377643286573146053e-01 1.562850029513016921e+02
5.399911823647294273e-01 1.552767563224323055e+02
5.422180360721442494e-01 1.542889858531403888e+02
5.444448897795590714e-01 1.533204321063371083e+02
5.466717434869738934e-01 1.523668404603351121e+02
5.488985971943887154e-01 1.514239085217161289e+02
5.511254509018035375e-01 1.504873338970620011e+02
5.533523046092183595e-01 1.495529686664929443e+02
5.555791583166331815e-01 1.486193093138810752e+02
5.578060120240480035e-01 1.476870730055146623e+02
5.600328657314628256e-01 1.467570458259903319e+02
5.622597194388776476e-01 1.458300138599047102e+02
5.644865731462925806e-01 1.449067189384724088e+02
5.667134268537074027e-01 1.439866130096129666e+02
5.689402805611222247e-01 1.430676860129408681e+02
5.711671342685370467e-01 1.421478490402808177e+02
5.733939879759518687e-01 1.412250131834573494e+02
5.756208416833666908e-01 1.402971905160581230e+02
5.778476953907815128e-01 1.393681037980525161e+02
5.800745490981963348e-01 1.384501327298219735e+02
5.823014028056111568e-01 1.375563794032889575e+02
5.845282565130259789e-01 1.366999459103757317e+02
5.867551102204408009e-01 1.358938573198452389e+02
5.889819639278556229e-01 1.351403601995190797e+02
5.912088176352704449e-01 1.344199332599206684e+02
5.934356713426852670e-01 1.337104336974149987e+02
5.956625250501000890e-01 1.329897187083670360e+02
5.978893787575150220e-01 1.322356573518286780e+02
6.001162324649298441e-01 1.314365185597734182e+02
6.023430861723446661e-01 1.306100229859339947e+02
6.045699398797594881e-01 1.297790686335661405e+02
6.067967935871743101e-01 1.289665535059254751e+02
6.090236472945891322e-01 1.281953755973934506e+02
6.112505010020039542e-01 1.274807834882042386e+02
6.134773547094187762e-01 1.268083873736739804e+02
6.157042084168335982e-01 1.261566201983717974e+02
6.179310621242484203e-01 1.255039149068665978e+02
6.201579158316632423e-01 1.248287044437275313e+02
6.223847695390780643e-01 1.241142389327790454e+02
6.246116232464928864e-01 1.233701615823593869e+02
6.268384769539077084e-01 1.226151083857789530e+02
6.290653306613225304e-01 1.218677229230177375e+02
6.312921843687374635e-01 1.211466487740556204e+02
6.335190380761522855e-01 1.204680048453510324e+02
6.357458917835671075e-01 1.198283528381283389e+02
6.379727454909819295e-01 1.192151245837010123e+02
6.401995991983967516e-01 1.186157004393144945e+02
6.424264529058115736e-01 1.180174607622142275e+02
6.446533066132263956e-01 1.174087147203931778e+02
6.468801603206412176e-01 1.167880784692188598e+02
6.491070140280560397e-01 1.161605921275309328e+02
6.513338677354708617e-01 1.155313931817471058e+02
6.535607214428856837e-01 1.149056191182850455e+02
6.557875751503005057e-01 1.142882187632026785e+02
6.580144288577153278e-01 1.136809429361986616e+02
6.602412825651301498e-01 1.130828734739765622e+02
6.624681362725449718e-01 1.124930104432924196e+02
6.646949899799599049e-01 1.119103539109022307e+02
6.669218436873747269e-01 1.113339359693313781e+02
6.691486973947895489e-01 1.107636897468268415e+02
6.713755511022043709e-01 1.102005515056338254e+02
6.736024048096191930e-01 1.096455100272027892e+02
6.758292585170340150e-01 1.090995540929842491e+02
6.780561122244488370e-01 1.085636259469381883e+02
6.802829659318636590e-01 1.080359098305603425e+02
6.825098196392784811e-01 1.075103346581058901e+02
6.847366733466933031e-01 1.069804655727051710e+02
6.869635270541081251e-01 1.064398677174883545e+02
6.891903807615229471e-01 1.058821394109003080e+02
6.914172344689377692e-01 1.053063903886337016e+02
6.936440881763525912e-01 1.047233525324435988e+02
6.958709418837674132e-01 1.041452307786785383e+02
6.980977955911823463e-01 1.035842300636871727e+02
7.003246492985971683e-01 1.030525482567807245e+02
7.025515030060119903e-01 1.025570719412232279e+02
7.047783567134268123e-01 1.020899429429295537e+02
7.070052104208416344e-01 1.016407651686841120e+02
7.092320641282564564e-01 1.011991425252712702e+02
7.114589178356712784e-01 1.007546789208533511e+02
7.136857715430861004e-01 1.002992833939319866e+02
7.159126252505009225e-01 9.983385349985776713e+01
7.181394789579157445e-01 9.936147737423259230e+01
7.203663326653305665e-01 9.888524315265843256e+01
7.225931863727453885e-01 9.840823897073713056e+01
7.248200400801602106e-01 9.793319512488810119e+01
7.270468937875750326e-01 9.746089545371320639e+01
7.292737474949898546e-01 9.699146516126519657e+01
7.315006012024047877e-01 9.652502892970652226e+01
7.337274549098196097e-01 9.606171144119973349e+01
7.359543086172344317e-01 9.560177562174754939e+01
7.381811623246492537e-01 9.514654710983062103e+01
7.404080160320640758e-01 9.469784438675037563e+01
7.426348697394788978e-01 9.425748863563543978e+01
7.448617234468937198e-01 9.382730103961439738e+01
7.470885771543085419e-01 9.340880717670734157e+01
7.493154308617233639e-01 9.300011856468586302e+01
7.515422845691381859e-01 9.259715466780860993e+01
7.537691382765530079e-01 9.219579888789380107e+01
7.559959919839678300e-01 9.179193462675955573e+01
7.582228456913826520e-01 9.138169197021670698e+01
7.604496993987974740e-01 9.096558167955527097e+01
7.626765531062122960e-01 9.054787837449080712e+01
7.649034068136272291e-01 9.013297910400454782e+01
7.671302605210420511e-01 8.972528091707795284e+01
7.693571142284568731e-01 8.932906224456571920e+01
7.715839679358716952e-01 8.894514843737258047e+01
7.738108216432865172e-01 8.857045346446585654e+01
7.760376753507013392e-01 8.820168056979109394e+01
7.782645290581161612e-01 8.783553299729385344e+01
7.804913827655309833e-01 8.746873904434164615e+01
7.827182364729458053e-01 8.709948692501120604e+01
7.849450901803606273e-01 8.672820317820279001e+01
7.871719438877754493e-01 8.635550404631813137e+01
7.893987975951902714e-01 8.598200577175916237e+01
7.916256513026050934e-01 8.560832578151425309e+01
7.938525050100199154e-01 8.523526370167694211e+01
7.960793587174347374e-01 8.486399612529653780e+01
7.983062124248496705e-01 8.449574636611247058e+01
8.005330661322644925e-01 8.413173773786418508e+01
8.027599198396793145e-01 8.377319300116924694e+01
8.049867735470941366e-01 8.342085272117174100e+01
8.072136272545089586e-01 8.307409288286544324e+01
8.094404809619237806e-01 8.273204976914905728e+01
8.116673346693386026e-01 8.239385966292115882e+01
8.138941883767534247e-01 8.205865884769490037e+01
8.161210420841682467e-01 8.172576136473202268e+01
8.183478957915830687e-01 8.139516028889261179e+01
8.205747494989978907e-01 8.106701081095427242e+01
8.228016032064127128e-01 8.074146812169462351e+01
8.250284569138275348e-01 8.041868741189119874e+01
8.272553106212423568e-01 8.009862711632089827e+01
8.294821643286571788e-01 7.978016845368684073e+01
8.317090180360721119e-01 7.946182586867145403e+01
8.339358717434869339e-01 7.914211349849492194e+01
8.361627254509017559e-01 7.881954548037732877e+01
8.383895791583165780e-01 7.849303159843356070e+01
8.406164328657314000e-01 7.816449986342821887e+01
8.428432865731462220e-01 7.783726880379052204e+01
8.450701402805610440e-01 7.751466435759996898e+01
8.472969939879758661e-01 7.720001246293610109e+01
8.495238476953906881e-01 7.689631212109188141e+01
8.517507014028055101e-01 7.660287866530687495e+01
8.539775551102203321e-01 7.631670525782064374e+01
8.562044088176351542e-01 7.603474872982268096e+01
8.584312625250499762e-01 7.575396591250236611e+01
8.606581162324647982e-01 7.547142617210307947e+01
8.628849699398796202e-01 7.518621535315361371e+01
8.651118236472945533e-01 7.489916150298088837e+01
8.673386773547093753e-01 7.461114998104274321e+01
8.695655310621241973e-01 7.432306614679700374e+01
8.717923847695390194e-01 7.403579469779577948e+01
8.740192384769538414e-01 7.375020084861888847e+01
8.762460921843686634e-01 7.346712762217816817e+01
8.784729458917834855e-01 7.318741683486122440e+01
8.806997995991983075e-01 7.291191030305557774e+01
8.829266533066131295e-01 7.264143469948950838e+01
8.851535070140279515e-01 7.237594890126896985e+01
8.873803607214427736e-01 7.211408966523468678e+01
8.896072144288575956e-01 7.185438265958981674e+01
8.918340681362724176e-01 7.159535355253754574e+01
8.940609218436872396e-01 7.133553199881158946e+01
8.962877755511020617e-01 7.107407544789175802e+01
8.985146292585168837e-01 7.081144791811180994e+01
9.007414829659318167e-01 7.054827649106681520e+01
9.029683366733466388e-01 7.028518824835182954e+01
9.051951903807614608e-01 7.002281033128836896e+01
9.074220440881762828e-01 6.976183085272460005e+01
9.096488977955911048e-01 6.950311382481275757e+01
9.118757515030059269e-01 6.924755479133554559e+01
9.141026052104207489e-01 6.899604929607575343e+01
9.163294589178355709e-01 6.874949288277851167e+01
9.185563126252503929e-01 6.850828389232555082e+01
9.207831663326652150e-01 6.827085703618257639e+01
9.230100200400800370e-01 6.803516233446043771e+01
9.252368737474948590e-01 6.779914980726978513e+01
9.274637274549096810e-01 6.756076947472138272e+01
9.296905811623245031e-01 6.731844389386351679e+01
9.319174348697393251e-01 6.707319955862081429e+01
9.341442885771542581e-01 6.682695507641444976e+01
9.363711422845690802e-01 6.658162984486355640e+01
9.385979959919839022e-01 6.633914326158729580e+01
9.408248496993987242e-01 6.610126274474507113e+01
9.430517034068135462e-01 6.586858832998184710e+01
9.452785571142283683e-01 6.564117903516334707e+01
9.475054108216431903e-01 6.541909092080895505e+01
9.497322645290580123e-01 6.520238004743815452e+01
9.519591182364728343e-01 6.499097095809085545e+01
9.541859719438876564e-01 6.478329499496621224e+01
9.564128256513024784e-01 6.457683682540658765e+01
9.586396793587173004e-01 6.436906607160696581e+01
9.608665330661321224e-01 6.415745235576241612e+01
9.630933867735469445e-01 6.393963036242050180e+01
9.653202404809617665e-01 6.371610815181801257e+01
9.675470941883766995e-01 6.348983218277231089e+01
9.697739478957915216e-01 6.326382624558056023e+01
9.720008016032063436e-01 6.304111413053995960e+01
9.742276553106211656e-01 6.282464973322488788e+01
9.764545090180359876e-01 6.261535481735703712e+01
9.786813627254508097e-01 6.241185076629436423e+01
9.809082164328656317e-01 6.221263516028863449e+01
9.831350701402804537e-01 6.201620557959167002e+01
9.853619238476952757e-01 6.182106203283817791e+01
9.875887775551100978e-01 6.162584579179416977e+01
9.898156312625249198e-01 6.142941457062046595e+01
9.920424849699397418e-01 6.123064441125133328e+01
9.942693386773545638e-01 6.102841135562108832e+01
9.964961923847693859e-01 6.082159947549571655e+01
9.987230460921842079e-01 6.061026567873875592e+01
1.000949899799599141e+00 6.039686185358581128e+01
1.003176753507013963e+00 6.018413214450029614e+01
1.005403607214428785e+00 5.997482069594546061e+01
1.007630460921843607e+00 5.977167097811982188e+01
1.009857314629258429e+00 5.957661178410823055e+01
1.012084168336673251e+00 5.938917579835359106e+01
1.014311022044088073e+00 5.920845740013449188e+01
1.016537875751502895e+00 5.903355096872952856e+01
1.018764729458917717e+00 5.886355088341730379e+01
1.020991583166332539e+00 5.869734133410158705e+01
1.023218436873747361e+00 5.853292483313525452e+01
1.025445290581162183e+00 5.836807275044293419e+01
1.027672144288577005e+00 5.820055645507310516e+01
1.029898997995991827e+00 5.802814731607435306e+01
1.032125851703406649e+00 5.784921446907845421e+01
1.034352705410821471e+00 5.766526572170016607e+01
1.036579559118236293e+00 5.747883545589695586e+01
1.038806412825651115e+00 5.729245863748779755e+01
1.041033266533065937e+00 5.710867023229167216e+01
1.043260120240480759e+00 5.692965590031091239e+01
1.045486973947895581e+00 5.675493868405179398e+01
1.047713827655310403e+00 5.658281577174131627e+01
1.049940681362725448e+00 5.641157783853805086e+01
1.052167535070140270e+00 5.623951555960071857e+01
1.054394388777555092e+00 5.606506533029314454e+01
1.056621242484969914e+00 5.588833071891249205e+01
1.058848096192384736e+00 5.571047828741220798e+01
1.061074949899799558e+00 5.553269175664751600e+01
1.063301803607214380e+00 5.535615484747359005e+01
1.065528657314629202e+00 5.518203895062464426e+01
1.067755511022044024e+00 5.501129048611820593e+01
1.069982364729458846e+00 5.484465933186748288e+01
1.072209218436873668e+00 5.468288875393535875e+01
1.074436072144288490e+00 5.452672201838466748e+01
1.076662925851703312e+00 5.437684242859505446e+01
1.078889779559118134e+00 5.423199349987340412e+01
1.081116633266532956e+00 5.408860442078022146e+01
1.083343486973947778e+00 5.394296877685174962e+01
1.085570340681362600e+00 5.379138015362418201e+01
1.087797194388777422e+00 5.363019936108368313e+01
1.090024048096192244e+00 5.345918775859161087e+01
1.092250901803607066e+00 5.328304265642005788e+01
1.094477755511021888e+00 5.310684909736814774e+01
1.096704609218436710e+00 5.293569212423503245e+01
1.098931462925851532e+00 5.277463796556329356e+01
1.101158316633266354e+00 5.262619783593940781e+01
1.103385170340681176e+00 5.248776341206479401e+01
1.105612024048095998e+00 5.235611560078999815e+01
1.107838877755510820e+00 5.222803530896562307e+01
1.110065731462925642e+00 5.210030344344224318e+01
1.112292585170340464e+00 5.196970091107046841e+01
1.114519438877755286e+00 5.183300861870085896e+01
1.116746292585170330e+00 5.168700747318396793e+01
1.118973146292585152e+00 5.152847838137044079e+01
1.121199999999999974e+00 5.135420225011082351e+01
