1.000000000000000021e-02 1.079386416684759570e+04
1.222685370741482917e-02 1.148478721540350307e+04
1.445370741482965987e-02 1.181345984682791641e+04
1.668056112224448884e-02 1.185615942518419797e+04
1.890741482965931780e-02 1.167898193353218085e+04
2.113426853707414677e-02 1.133836324641538522e+04
2.336112224448897573e-02 1.088351761076305957e+04
2.558797595190380469e-02 1.035683344418986962e+04
2.781482965931863366e-02 9.793809674961006749e+03
3.004168336673346262e-02 9.222998547947965562e+03
3.226853707414829159e-02 8.666611315435011420e+03
3.449539078156312055e-02 8.141196688338335662e+03
3.672224448897795646e-02 7.657397604297207181e+03
3.894909819639278542e-02 7.221459374849368942e+03
4.117595190380761438e-02 6.835754812627187675e+03
4.340280561122244335e-02 6.499618330656184298e+03
4.562965931863727231e-02 6.210132869223874877e+03
4.785651302605210128e-02 5.962559287228640642e+03
5.008336673346693024e-02 5.750957046256770809e+03
5.231022044088175921e-02 5.569235984260343685e+03
5.453707414829658817e-02 5.409972551326338362e+03
5.676392785571141714e-02 5.267625705598000422e+03
5.899078156312624610e-02 5.145832925289594641e+03
6.121763527054107507e-02 5.032572738488215691e+03
6.344448897795590403e-02 4.911707770163320674e+03
6.567134268537073993e-02 4.773022999591421467e+03
6.789819639278556196e-02 4.619514994151100836e+03
7.012505010020039786e-02 4.455967630938642287e+03
7.235190380761521989e-02 4.287164787050332961e+03
7.457875751503004191e-02 4.117889587425248465e+03
7.680561122244487782e-02 3.951808623974423881e+03
7.903246492985969984e-02 3.789231675783892570e+03
8.125931863727453575e-02 3.629840263938449880e+03
8.348617234468937165e-02 3.473315909522893435e+03
8.571302605210419367e-02 3.319340171907509102e+03
8.793987975951902958e-02 3.168207000235155192e+03
9.016673346693385160e-02 3.022374785723467539e+03
9.239358717434868751e-02 2.884779878202515192e+03
9.462044088176350953e-02 2.758358627502374475e+03
9.684729458917834544e-02 2.646047383453114435e+03
9.907414829659316746e-02 2.550031392699416756e+03
1.013010020040080034e-01 2.468983841252318143e+03
1.035278557114228254e-01 2.400552249786605444e+03
1.057547094188376613e-01 2.342384015324141728e+03
1.079815631262524833e-01 2.292126534886791887e+03
1.102084168336673192e-01 2.247532597498782707e+03
1.124352705410821412e-01 2.206979096904845392e+03
1.146621242484969772e-01 2.169071804357701239e+03
1.168889779559118131e-01 2.132416838341060156e+03
1.191158316633266351e-01 2.095620317338633868e+03
1.213426853707414710e-01 2.057399557566156091e+03
1.235695390781562930e-01 2.017407698090244139e+03
1.257963927855711428e-01 1.975766487789085659e+03
1.280232464929859648e-01 1.932601170174330491e+03
1.302501002004007868e-01 1.888036988757628251e+03
1.324769539078156089e-01 1.842200968819675609e+03
1.347038076152304586e-01 1.795244951733848666e+03
1.369306613226452807e-01 1.747338980878811526e+03
1.391575150300601027e-01 1.698653518616205474e+03
1.413843687374749525e-01 1.649359027307672250e+03
1.436112224448897745e-01 1.599643408915707141e+03
1.458380761523045965e-01 1.550036812619602870e+03
1.480649298597194186e-01 1.501381813052131292e+03
1.502917835671342683e-01 1.454532444549885895e+03
1.525186372745490904e-01 1.410342741449462665e+03
1.547454909819639124e-01 1.369651034056741537e+03
1.569723446893787622e-01 1.332814568133737794e+03
1.591991983967935842e-01 1.299631639975673806e+03
1.614260521042084062e-01 1.269869158916288598e+03
1.636529058116232282e-01 1.243294034289321871e+03
1.658797595190380780e-01 1.219671419049900578e+03
1.681066132264529001e-01 1.198649090426227758e+03
1.703334669338677221e-01 1.179685640183601208e+03
1.725603206412825441e-01 1.162222507797883054e+03
1.747871743486973939e-01 1.145701132744933147e+03
1.770140280561122159e-01 1.129563740796206275e+03
1.792408817635270379e-01 1.113394854735134913e+03
1.814677354709418600e-01 1.097085261857408568e+03
1.836945891783567097e-01 1.080565504285117413e+03
1.859214428857715318e-01 1.063766124140353440e+03
1.881482965931863538e-01 1.046617677868230203e+03
1.903751503006012036e-01 1.029066521270224030e+03
1.926020040080160256e-01 1.011105003762461024e+03
1.948288577154308476e-01 9.927337980581245347e+02
1.970557114228456697e-01 9.739535768703973417e+02
1.992825651302605194e-01 9.547650129124624527e+02
2.015094188376753415e-01 9.352163331949682288e+02
2.037362725450901635e-01 9.155505028099449873e+02
2.059631262525049855e-01 8.960603283254423559e+02
2.081899799599198353e-01 8.770386163328760176e+02
2.104168336673346573e-01 8.587781734236634748e+02
2.126436873747494793e-01 8.415276075962931372e+02
2.148705410821643014e-01 8.252930049994379260e+02
2.170973947895791512e-01 8.099977011188898359e+02
2.193242484969939732e-01 7.955649607379374402e+02
2.215511022044087952e-01 7.819180486398694256e+02
2.237779559118236450e-01 7.689856031278350201e+02
2.260048096192384670e-01 7.567373516092125101e+02
2.282316633266532890e-01 7.451619900764919748e+02
2.304585170340681111e-01 7.342483164914766576e+02
2.326853707414829608e-01 7.239851288159698015e+02
2.349122244488977829e-01 7.143528246277928702e+02
2.371390781563126049e-01 7.052321559966526365e+02
2.393659318637274269e-01 6.964386293371190959e+02
2.415927855711422767e-01 6.877866197632607737e+02
2.438196392785570987e-01 6.790905023891455130e+02
2.460464929859719208e-01 6.701730888950588678e+02
2.482733466933867428e-01 6.610117623591534084e+02
2.505002004008015648e-01 6.517192883134575823e+02
2.527270541082163868e-01 6.424130099170420181e+02
2.549539078156312089e-01 6.332102703289770034e+02
2.571807615230460309e-01 6.242257320221073087e+02
2.594076152304609084e-01 6.154910018775201479e+02
2.616344689378757304e-01 6.069406506772415923e+02
2.638613226452905525e-01 5.985037511842401727e+02
2.660881763527053745e-01 5.901093761614839650e+02
2.683150300601201965e-01 5.816876222737373610e+02
2.705418837675350741e-01 5.732294784596359705e+02
2.727687374749498961e-01 5.648200064391975275e+02
2.749955911823647181e-01 5.565523240627152290e+02
2.772224448897795401e-01 5.485195491804822723e+02
2.794492985971943622e-01 5.408145151613069856e+02
2.816761523046091842e-01 5.334848887875995160e+02
2.839030060120240062e-01 5.264841456654777403e+02
2.861298597194388282e-01 5.197539780531546967e+02
2.883567134268537058e-01 5.132360782088442193e+02
2.905835671342685278e-01 5.068721566245533268e+02
2.928104208416833498e-01 5.006209185280315523e+02
2.950372745490981718e-01 4.944895637724472977e+02
2.972641282565129939e-01 4.884938856822025173e+02
2.994909819639278159e-01 4.826496775816995068e+02
3.017178356713426379e-01 4.769727327953401073e+02
3.039446893787575155e-01 4.714741385290338371e+02
3.061715430861723375e-01 4.661461025468146318e+02
3.083983967935871595e-01 4.609760989701683798e+02
3.106252505010019815e-01 4.559516019205773318e+02
3.128521042084168036e-01 4.510600855195230565e+02
3.150789579158316256e-01 4.462853142119919312e+02
3.173058116232464476e-01 4.415902808341406853e+02
3.195326653306612696e-01 4.369307526785833602e+02
3.217595190380761472e-01 4.322624897461494697e+02
3.239863727454909692e-01 4.275412520376683574e+02
3.262132264529057912e-01 4.227305369504649093e+02
3.284400801603206133e-01 4.178534147387176176e+02
3.306669338677354353e-01 4.129606205877958587e+02
3.328937875751502573e-01 4.081030422255699932e+02
3.351206412825650793e-01 4.033315673799108936e+02
3.373474949899799569e-01 3.986945135466315264e+02
3.395743486973947789e-01 3.942104612937148431e+02
3.418012024048096009e-01 3.898788732963299708e+02
3.440280561122244229e-01 3.856988966046465634e+02
3.462549098196392450e-01 3.816696782688339908e+02
3.484817635270540670e-01 3.777894076390317650e+02
3.507086172344688890e-01 3.740389039319952076e+02
3.529354709418837110e-01 3.703838664730994878e+02
3.551623246492985886e-01 3.667894896535023008e+02
3.573891783567134106e-01 3.632209678643620805e+02
3.596160320641282326e-01 3.596445496044704555e+02
3.618428857715430547e-01 3.560572470036804020e+02
3.640697394789578767e-01 3.524909631463189612e+02
3.662965931863726987e-01 3.489794847924792975e+02
3.685234468937875207e-01 3.455565987022547461e+02
3.707503006012023983e-01 3.422556110151886628e+02
3.729771543086172203e-01 3.390834397620571963e+02
3.752040080160320423e-01 3.360074507424872650e+02
3.774308617234468644e-01 3.329917603754050788e+02
3.796577154308616864e-01 3.300004850797368476e+02
3.818845691382765084e-01 3.269978581246547833e+02
3.841114228456913304e-01 3.239653149697898584e+02
3.863382765531061525e-01 3.209194895832930570e+02
3.885651302605210300e-01 3.178813214596866032e+02
3.907919839679358520e-01 3.148717500934928353e+02
3.930188376753506740e-01 3.119117079982467544e+02
3.952456913827654961e-01 3.090165706641467978e+02
3.974725450901803181e-01 3.061861694237829852e+02
3.996993987975951401e-01 3.034176385214135507e+02
4.019262525050099621e-01 3.007081122012965579e+02
4.041531062124248397e-01 2.980547247073417907e+02
4.063799599198396617e-01 2.954542885697873089e+02
4.086068136272544837e-01 2.929023688999507726e+02
4.108336673346693058e-01 2.903942285130474374e+02
4.130605210420841278e-01 2.879251302242921042e+02
4.152873747494989498e-01 2.854903368488998012e+02
4.175142284569137718e-01 2.830858859143169752e+02
4.197410821643285939e-01 2.807120627110474516e+02
4.219679358717434714e-01 2.783706008766271225e+02
4.241947895791582934e-01 2.760632352782552061e+02
4.264216432865731155e-01 2.737917007831309775e+02
4.286484969939879375e-01 2.715567262394297359e+02
4.308753507014027595e-01 2.693511266375172113e+02
4.331022044088175815e-01 2.671639735540717879e+02
4.353290581162324036e-01 2.649843162662347709e+02
4.375559118236472811e-01 2.628012040511475220e+02
4.397827655310621031e-01 2.606053250782973691e+02
4.420096192384769251e-01 2.584055700711086843e+02
4.442364729458917472e-01 2.562221821228972090e+02
4.464633266533065692e-01 2.540755767086517380e+02
4.486901803607213912e-01 2.519861693033613790e+02
4.509170340681362132e-01 2.499730503630085536e+02
4.531438877755510353e-01 2.480332410230764708e+02
4.553707414829659128e-01 2.461455477248175328e+02
4.575975951903807348e-01 2.442882317317713330e+02
4.598244488977955569e-01 2.424395543074772377e+02
4.620513026052103789e-01 2.405784449024297373e+02
4.642781563126252009e-01 2.387030957447629476e+02
4.665050100200400229e-01 2.368334114493940490e+02
4.687318637274548450e-01 2.349904569418912956e+02
4.709587174348696670e-01 2.331952971478232826e+02
4.731855711422845445e-01 2.314686692449637064e+02
4.754124248496993665e-01 2.298130486061728277e+02
4.776392785571141886e-01 2.282033833789817834e+02
4.798661322645290106e-01 2.266123424936778292e+02
4.820929859719438326e-01 2.250125948805483063e+02
4.843198396793586546e-01 2.233769326108708810e+02
4.865466933867734767e-01 2.216958197531050132e+02
4.887735470941883542e-01 2.199956442520494022e+02
4.910004008016031762e-01 2.183071542447115405e+02
4.932272545090179983e-01 2.166610978680989206e+02
4.954541082164328203e-01 2.150882054982407681e+02
4.976809619238476423e-01 2.136057882441975266e+02
4.999078156312624643e-01 2.121938774976233901e+02
5.021346693386772309e-01 2.108260831329814948e+02
5.043615230460920529e-01 2.094760150247347497e+02
5.065883767535069859e-01 2.081172830604181172e+02
5.088152304609218080e-01 2.067300588779525867e+02
5.110420841683366300e-01 2.053197768469849507e+02
5.132689378757514520e-01 2.038979501130453968e+02
5.154957915831662740e-01 2.024760918216639709e+02
5.177226452905810961e-01 2.010657151183709175e+02
5.199494989979959181e-01 1.996772126516867729e+02
5.221763527054107401e-01 1.983148776286733721e+02
5.244032064128255621e-01 1.969809378849743098e+02
5.266300601202403842e-01 1.956776196089850828e+02
5.288569138276552062e-01 1.944071489891012448e+02
5.310837675350701392e-01 1.931710038101236364e+02
5.333106212424849613e-01 1.919647336564567013e+02
5.355374749498997833e-01 1.907810673534625323e+02
5.377643286573146053e-01 1.896127165105237395e+02
5.399911823647294273e-01 1.884523927370228762e+02
5.422180360721442494e-01 1.872932238882442562e+02
5.444448897795590714e-01 1.861330720027478378e+02
5.466717434869738934e-01 1.849728044506481979e+02
5.488985971943887154e-01 1.838133365356300430e+02
5.511254509018035375e-01 1.826555835613781937e+02
5.533523046092183595e-01 1.815005479507847497e+02
5.555791583166331815e-01 1.803507235042400794e+02
5.578060120240480035e-01 1.792098564314096905e+02
5.600328657314628256e-01 1.780817318101589422e+02
5.622597194388776476e-01 1.769701347183534494e+02
5.644865731462925806e-01 1.758787007318547069e+02
5.667134268537074027e-01 1.748067077903560005e+02
5.689402805611222247e-01 1.737484947043353998e+02
5.711671342685370467e-01 1.726981339113501406e+02
5.733939879759518687e-01 1.716496978489573166e+02
5.756208416833666908e-01 1.705973525556318862e+02
5.778476953907815128e-01 1.695405573571803757e+02
5.800745490981963348e-01 1.684867957764935227e+02
5.823014028056111568e-01 1.674442209277748930e+02
5.845282565130259789e-01 1.664209859252281376e+02
5.867551102204408009e-01 1.654252094077728827e+02
5.889819639278556229e-01 1.644601855968028303e+02
5.912088176352704449e-01 1.635194655005484208e+02
5.934356713426852670e-01 1.625954267471086894e+02
5.956625250501000890e-01 1.616804469645825577e+02
5.978893787575150220e-01 1.607669076254772449e+02
6.001162324649298441e-01 1.598505605479330995e+02
6.023430861723446661e-01 1.589367021361233867e+02
6.045699398797594881e-01 1.580323066471611071e+02
6.067967935871743101e-01 1.571443483381593182e+02
6.090236472945891322e-01 1.562798014623001563e+02
6.112505010020039542e-01 1.554422518928238333e+02
6.134773547094187762e-01 1.546221569016112767e+02
6.157042084168335982e-01 1.538067945298203369e+02
6.179310621242484203e-01 1.529834428186088644e+02
6.201579158316632423e-01 1.521393798091347378e+02
6.223847695390780643e-01 1.512654910697349067e+02
6.246116232464928864e-01 1.503724276299575990e+02
6.268384769539077084e-01 1.494775751070593799e+02
6.290653306613225304e-01 1.485983247998617003e+02
6.312921843687374635e-01 1.477520680071859829e+02
6.335190380761522855e-01 1.469537546022234267e+02
6.357458917835671075e-01 1.461994221268452918e+02
6.379727454909819295e-01 1.454762792988350668e+02
6.401995991983967516e-01 1.447714850591997049e+02
6.424264529058115736e-01 1.440721983489464719e+02
6.446533066132263956e-01 1.433663253513001621e+02
6.468801603206412176e-01 1.426500643758682543e+02
6.491070140280560397e-01 1.419247819075018242e+02
6.513338677354708617e-01 1.411919227647333628e+02
6.535607214428856837e-01 1.404529317660952472e+02
6.557875751503005057e-01 1.397093758412777333e+02
6.580144288577153278e-01 1.389648918421285089e+02
6.602412825651301498e-01 1.382248441302061792e+02
6.624681362725449718e-01 1.374946499929883430e+02
6.646949899799599049e-01 1.367797267179525704e+02
6.669218436873747269e-01 1.360853026090767344e+02
6.691486973947895489e-01 1.354112889744224333e+02
6.713755511022043709e-01 1.347516776460057315e+02
6.736024048096191930e-01 1.341001505409377614e+02
6.758292585170340150e-01 1.334503895763296555e+02
6.780561122244488370e-01 1.327961156391286295e+02
6.802829659318636590e-01 1.321333591285221587e+02
6.825098196392784811e-01 1.314617137945194827e+02
6.847366733466933031e-01 1.307810780039232270e+02
6.869635270541081251e-01 1.300913501235356478e+02
6.891903807615229471e-01 1.293924484122966874e+02
6.914172344689377692e-01 1.286875958112863998e+02
6.936440881763525912e-01 1.279869839770344129e+02
6.958709418837674132e-01 1.273016878193221260e+02
6.980977955911823463e-01 1.266427822479310947e+02
7.003246492985971683e-01 1.260213346083871073e+02
7.025515030060119903e-01 1.254427272719518101e+02
7.047783567134268123e-01 1.248965604499134656e+02
7.070052104208416344e-01 1.243697178730670458e+02
7.092320641282564564e-01 1.238490832722075083e+02
7.114589178356712784e-01 1.233215403800669634e+02
7.136857715430861004e-01 1.227772134676193048e+02
7.159126252505009225e-01 1.222188628082761426e+02
7.181394789579157445e-01 1.216523281798724696e+02
7.203663326653305665e-01 1.210834493602432929e+02
7.225931863727453885e-01 1.205180661272235056e+02
7.248200400801602106e-01 1.199609248012984182e+02
7.270468937875750326e-01 1.194108238674165960e+02
7.292737474949898546e-01 1.188645492059165178e+02
7.315006012024047877e-01 1.183188851023845984e+02
7.337274549098196097e-01 1.177706158424073806e+02
7.359543086172344317e-01 1.172173058256867080e+02
7.381811623246492537e-01 1.166625163701453971e+02
7.404080160320640758e-01 1.161125899204487411e+02
7.426348697394788978e-01 1.155738841677534907e+02
7.448617234468937198e-01 1.150527568032162264e+02
7.470885771543085419e-01 1.145547986125803277e+02
7.493154308617233639e-01 1.140767430878196507e+02
7.515422845691381859e-01 1.136096367498211208e+02
7.537691382765530079e-01 1.131444325605986023e+02
7.559959919839678300e-01 1.126720834821658457e+02
7.582228456913826520e-01 1.121840068563937649e+02
7.604496993987974740e-01 1.116798665977463259e+02
7.626765531062122960e-01 1.111664120420761321e+02
7.649034068136272291e-01 1.106506229969590720e+02
7.671302605210420511e-01 1.101394792699712752e+02
7.693571142284568731e-01 1.096398437416179519e+02
7.715839679358716952e-01 1.091551754406031591e+02
7.738108216432865172e-01 1.086850777755338697e+02
7.760376753507013392e-01 1.082289464341547216e+02
7.782645290581161612e-01 1.077861771042103811e+02
7.804913827655309833e-01 1.073561272612496111e+02
7.827182364729458053e-01 1.069359276740975417e+02
7.849450901803606273e-01 1.065192951545344897e+02
7.871719438877754493e-01 1.060996571731337212e+02
7.893987975951902714e-01 1.056704412004685878e+02
7.916256513026050934e-01 1.052251048256140393e+02
7.938525050100199154e-01 1.047617381095532778e+02
7.960793587174347374e-01 1.042880156215590262e+02
7.983062124248496705e-01 1.038127998197495572e+02
8.005330661322644925e-01 1.033449531622431294e+02
8.027599198396793145e-01 1.028933341420178067e+02
8.049867735470941366e-01 1.024633445588904834e+02
8.072136272545089586e-01 1.020506040078813044e+02
8.094404809619237806e-01 1.016490137423032110e+02
8.116673346693386026e-01 1.012524750154691873e+02
8.138941883767534247e-01 1.008548890864110064e+02
8.161210420841682467e-01 1.004518114357358485e+02
8.183478957915830687e-01 1.000451166611570955e+02
8.205747494989978907e-01 9.963818801838250749e+01
8.228016032064127128e-01 9.923440876311974534e+01
8.250284569138275348e-01 9.883716215107651237e+01
8.272553106212423568e-01 9.844896062294552053e+01
8.294821643286571788e-01 9.806754900913857398e+01
8.317090180360721119e-01 9.768904884866500993e+01
8.339358717434869339e-01 9.730958031974816436e+01
8.361627254509017559e-01 9.692526360061135904e+01
8.383895791583165780e-01 9.653289002396992657e+01
8.406164328657314000e-01 9.613437088278901399e+01
8.428432865731462220e-01 9.573397627074518823e+01
8.450701402805610440e-01 9.533598885085451968e+01
8.472969939879758661e-01 9.494469128613305031e+01
8.495238476953906881e-01 9.456407150544387719e+01
8.517507014028055101e-01 9.419479660368973839e+01
8.539775551102203321e-01 9.383544023407169732e+01
8.562044088176351542e-01 9.348454329727810830e+01
8.584312625250499762e-01 9.314064669399718355e+01
8.606581162324647982e-01 9.280228523884355241e+01
8.628849699398796202e-01 9.246788469209749906e+01
8.651118236472945533e-01 9.213577659295708600e+01
8.673386773547093753e-01 9.180428938108973114e+01
8.695655310621241973e-01 9.147175149616282397e+01
8.717923847695390194e-01 9.113654858101106981e+01
8.740192384769538414e-01 9.079875003454374394e+01
8.762460921843686634e-01 9.046034310245245535e+01
8.784729458917834855e-01 9.012341930058299511e+01
8.806997995991983075e-01 8.979007014478121107e+01
8.829266533066131295e-01 8.946235503357583241e+01
8.851535070140279515e-01 8.914049290761950317e+01
8.873803607214427736e-01 8.882189869865629817e+01
8.896072144288575956e-01 8.850375173692160047e+01
8.918340681362724176e-01 8.818323135265083579e+01
8.940609218436872396e-01 8.785752829224733773e+01
8.962877755511020617e-01 8.752563110855666650e+01
8.985146292585168837e-01 8.719026995614609632e+01
9.007414829659318167e-01 8.685464195140988863e+01
9.029683366733466388e-01 8.652194421074224806e+01
9.051951903807614608e-01 8.619537295213446271e+01
9.074220440881762828e-01 8.587720726314910280e+01
9.096488977955911048e-01 8.556708036346630308e+01
9.118757515030059269e-01 8.526415117567236734e+01
9.141026052104207489e-01 8.496757862235362779e+01
9.163294589178355709e-01 8.467652162608814592e+01
9.185563126252503929e-01 8.439002970271069159e+01
9.207831663326652150e-01 8.410672028225111774e+01
9.230100200400800370e-01 8.382510414108438113e+01
9.252368737474948590e-01 8.354369205558539591e+01
9.274637274549096810e-01 8.326099480212906201e+01
9.296905811623245031e-01 8.297586090241618706e+01
9.319174348697393251e-01 8.268900003954918532e+01
9.341442885771542581e-01 8.240175953390213692e+01
9.363711422845690802e-01 8.211548727064240438e+01
9.385979959919839022e-01 8.183153113493735020e+01
9.408248496993987242e-01 8.155103180008580921e+01
9.430517034068135462e-01 8.127353830646083566e+01
9.452785571142283683e-01 8.099786205985554943e+01
9.475054108216431903e-01 8.072281043395713596e+01
9.497322645290580123e-01 8.044719080245297960e+01
9.519591182364728343e-01 8.016993526345272869e+01
9.541859719438876564e-01 7.989139199004900149e+01
9.564128256513024784e-01 7.961280693314481027e+01
9.586396793587173004e-01 7.933544031168815991e+01
9.608665330661321224e-01 7.906055234462708370e+01
9.630933867735469445e-01 7.878933741327509210e+01
9.653202404809617665e-01 7.852184380926794915e+01
9.675470941883766995e-01 7.825714723181151555e+01
9.697739478957915216e-01 7.799429253527266326e+01
9.720008016032063436e-01 7.773232457401820739e+01
9.742276553106211656e-01 7.747031259977754303e+01
9.764545090180359876e-01 7.720803519762750966e+01
9.786813627254508097e-01 7.694607392047478811e+01
9.809082164328656317e-01 7.668505353577999983e+01
9.831350701402804537e-01 7.642559881100389418e+01
9.853619238476952757e-01 7.616832969961552635e+01
9.875887775551100978e-01 7.591358611707796911e+01
9.898156312625249198e-01 7.566127890655391752e+01
9.920424849699397418e-01 7.541128257849068461e+01
9.942693386773545638e-01 7.516347164333564024e+01
9.964961923847693859e-01 7.491772268240463006e+01
9.987230460921842079e-01 7.467421474777535195e+01
1.000949899799599141e+00 7.443374454947382901e+01
1.003176753507013963e+00 7.419718416949334028e+01
1.005403607214428785e+00 7.396540568982705111e+01
1.007630460921843607e+00 7.373928066806814741e+01
1.009857314629258429e+00 7.351904705807449147e+01
1.012084168336673251e+00 7.330307927370687082e+01
1.014311022044088073e+00 7.308941084311243230e+01
1.016537875751502895e+00 7.287607529443825172e+01
1.018764729458917717e+00 7.266110615583147592e+01
1.020991583166332539e+00 7.244292232980950530e+01
1.023218436873747361e+00 7.222155924175750386e+01
1.025445290581162183e+00 7.199747610807196452e+01
1.027672144288577005e+00 7.177113214675564734e+01
1.029898997995991827e+00 7.154298657581148291e+01
1.032125851703406649e+00 7.131359724411910861e+01
1.034352705410821471e+00 7.108403987823577097e+01
1.036579559118236293e+00 7.085555958843879409e+01
1.038806412825651115e+00 7.062940158134202306e+01
1.041033266533065937e+00 7.040681106355926033e+01
1.043260120240480759e+00 7.018880037370841762e+01
1.045486973947895581e+00 6.997460679150246676e+01
1.047713827655310403e+00 6.976265036941168773e+01
1.049940681362725448e+00 6.955134681790826789e+01
1.052167535070140270e+00 6.933911184746456513e+01
1.054394388777555092e+00 6.912452988102565143e+01
1.056621242484969914e+00 6.890811556712117181e+01
1.058848096192384736e+00 6.869161427096899786e+01
1.061074949899799558e+00 6.847679122408329988e+01
1.063301803607214380e+00 6.826541165797813449e+01
1.065528657314629202e+00 6.805914754507858788e+01
1.067755511022044024e+00 6.785796928780528958e+01
1.069982364729458846e+00 6.766036073888787428e+01
1.072209218436873668e+00 6.746475574220855265e+01
1.074436072144288490e+00 6.726958814164953537e+01
1.076662925851703312e+00 6.707332066127482051e+01
1.078889779559118134e+00 6.687535029675183296e+01
1.081116633266532956e+00 6.667618870662818154e+01
1.083343486973947778e+00 6.647641286073812239e+01
1.085570340681362600e+00 6.627659972891598272e+01
1.087797194388777422e+00 6.607732436594369574e+01
1.090024048096192244e+00 6.587906495366351578e+01
1.092250901803607066e+00 6.568215906132195414e+01
1.094477755511021888e+00 6.548693321265909617e+01
1.096704609218436710e+00 6.529371393141509827e+01
1.098931462925851532e+00 6.510282611791477336e+01
1.101158316633266354e+00 6.491437420941474556e+01
1.103385170340681176e+00 6.472802089645327328e+01
1.105612024048095998e+00 6.454337616841021941e+01
1.107838877755510820e+00 6.436005001466543263e+01
1.110065731462925642e+00 6.417765242459879005e+01
1.112292585170340464e+00 6.399579338759015457e+01
1.114519438877755286e+00 6.381408289301936065e+01
1.116746292585170330e+00 6.363213093026625700e+01
1.118973146292585152e+00 6.344954748871074912e+01
1.121199999999999974e+00 6.326594255773265019e+01
