1.000000000000000021e-02 1.131457858167888298e+04
1.222685370741482917e-02 1.204030363382275209e+04
1.445370741482965987e-02 1.238638185176504521e+04
1.668056112224448884e-02 1.243274960379768709e+04
1.890741482965931780e-02 1.224842070907487323e+04
2.113426853707414677e-02 1.189254263261167216e+04
2.336112224448897573e-02 1.141674176613673808e+04
2.558797595190380469e-02 1.086534655231418401e+04
2.781482965931863366e-02 1.027550311028108263e+04
3.004168336673346262e-02 9.677239310867727909e+03
3.226853707414829159e-02 9.093973325546226988e+03
3.449539078156312055e-02 8.542890819389684111e+03
3.672224448897795646e-02 8.035302877972077113e+03
3.894909819639278542e-02 7.577859212636516531e+03
4.117595190380761438e-02 7.173063118711803327e+03
4.340280561122244335e-02 6.820273790402077793e+03
4.562965931863727231e-02 6.516451080472724243e+03
4.785651302605210128e-02 6.256673152055479477e+03
5.008336673346693024e-02 6.034757069796274664e+03
5.231022044088175921e-02 5.844204517762569594e+03
5.453707414829658817e-02 5.677363720293035840e+03
5.676392785571141714e-02 5.528210550274412526e+03
5.899078156312624610e-02 5.398509955357267245e+03
6.121763527054107507e-02 5.276800590734871548e+03
6.344448897795590403e-02 5.148145462942484301e+03
6.567134268537073993e-02 5.003069469514075536e+03
6.789819639278556196e-02 4.844281894528574412e+03
7.012505010020039786e-02 4.676140368373302408e+03
7.235190380761521989e-02 4.503002521435581912e+03
7.457875751503004191e-02 4.329225290018505802e+03
7.680561122244487782e-02 4.158135283313155014e+03
7.903246492985969984e-02 3.989961472396286354e+03
8.125931863727453575e-02 3.824353077243919415e+03
8.348617234468937165e-02 3.660959317832078341e+03
8.571302605210419367e-02 3.499429458556333884e+03
8.793987975951902958e-02 3.340123270012849844e+03
9.016673346693385160e-02 3.185911749444325324e+03
9.239358717434868751e-02 3.040220430718615717e+03
9.462044088176350953e-02 2.906474847703584146e+03
9.684729458917834544e-02 2.788100534267083276e+03
9.907414829659316746e-02 2.687638801816802243e+03
1.013010020040080034e-01 2.603496452742023394e+03
1.035278557114228254e-01 2.532872843711429596e+03
1.057547094188376613e-01 2.472967185825565139e+03
1.079815631262524833e-01 2.420978690184975676e+03
1.102084168336673192e-01 2.374285992880676531e+03
1.124352705410821412e-01 2.331330239311970217e+03
1.146621242484969772e-01 2.290942228208291908e+03
1.168889779559118131e-01 2.251953349443714615e+03
1.191158316633266351e-01 2.213194992892310893e+03
1.213426853707414710e-01 2.173575247813359965e+03
1.235695390781562930e-01 2.132647693585574871e+03
1.257963927855711428e-01 2.090289136363925081e+03
1.280232464929859648e-01 2.046378792750367893e+03
1.302501002004007868e-01 2.000795879346859465e+03
1.324769539078156089e-01 1.953435147029021209e+03
1.347038076152304586e-01 1.904407704665396295e+03
1.369306613226452807e-01 1.853983354492627768e+03
1.391575150300601027e-01 1.802435551631711633e+03
1.413843687374749525e-01 1.750037751203642983e+03
1.436112224448897745e-01 1.697080400466331866e+03
1.458380761523045965e-01 1.644187412541674803e+03
1.480649298597194186e-01 1.592287109816746351e+03
1.502917835671342683e-01 1.542318980350243464e+03
1.525186372745490904e-01 1.495222512200865594e+03
1.547454909819639124e-01 1.451919765467723664e+03
1.569723446893787622e-01 1.412798904071260267e+03
1.591991983967935842e-01 1.377627783114693102e+03
1.614260521042084062e-01 1.346139425198284698e+03
1.636529058116232282e-01 1.318066852922298722e+03
1.658797595190380780e-01 1.293141577204390160e+03
1.681066132264529001e-01 1.270994085843518860e+03
1.703334669338677221e-01 1.251092038207462110e+03
1.725603206412825441e-01 1.232888331005505961e+03
1.747871743486973939e-01 1.215835860946935099e+03
1.770140280561122159e-01 1.199388101283035439e+03
1.792408817635270379e-01 1.183102862876268546e+03
1.814677354709418600e-01 1.166762521442236448e+03
1.836945891783567097e-01 1.150178602455637474e+03
1.859214428857715318e-01 1.133162631391170407e+03
1.881482965931863538e-01 1.115526192406831342e+03
1.903751503006012036e-01 1.097145601689033811e+03
1.926020040080160256e-01 1.078085617275997265e+03
1.948288577154308476e-01 1.058445098842061725e+03
1.970557114228456697e-01 1.038322906061568801e+03
1.992825651302605194e-01 1.017817898608858172e+03
2.015094188376753415e-01 9.970555270146693374e+02
2.037362725450901635e-01 9.762701331746303595e+02
2.059631262525049855e-01 9.557239287585455259e+02
2.081899799599198353e-01 9.356791254492854932e+02
2.104168336673346573e-01 9.163979349297219414e+02
2.126436873747494793e-01 8.981045874763285610e+02
2.148705410821643014e-01 8.808149058048913957e+02
2.170973947895791512e-01 8.644736020743139306e+02
2.193242484969939732e-01 8.490253276863511473e+02
2.215511022044087952e-01 8.344147340427579138e+02
2.237779559118236450e-01 8.205900049533242964e+02
2.260048096192384670e-01 8.075263351044591218e+02
2.282316633266532890e-01 7.952113886223819463e+02
2.304585170340681111e-01 7.836328966652080226e+02
2.326853707414829608e-01 7.727785903910524894e+02
2.349122244488977829e-01 7.626285763409854326e+02
2.371390781563126049e-01 7.530725177095298477e+02
2.393659318637274269e-01 7.439408574061209265e+02
2.415927855711422767e-01 7.350630115141445913e+02
2.438196392785570987e-01 7.262683961169881286e+02
2.460464929859719208e-01 7.173917735999468732e+02
2.482733466933867428e-01 7.083658591573404237e+02
2.505002004008015648e-01 6.992091606452141832e+02
2.527270541082163868e-01 6.899430867889441288e+02
2.549539078156312089e-01 6.805890463139062376e+02
2.571807615230460309e-01 6.711685276209390167e+02
2.594076152304609084e-01 6.617054876924698874e+02
2.616344689378757304e-01 6.522267676217107919e+02
2.638613226452905525e-01 6.427593719142129203e+02
2.660881763527053745e-01 6.333303050755271215e+02
2.683150300601201965e-01 6.239667901018611929e+02
2.705418837675350741e-01 6.147090438067360765e+02
2.727687374749498961e-01 6.056173572176530797e+02
2.749955911823647181e-01 5.967537404617366974e+02
2.772224448897795401e-01 5.881802036661110833e+02
2.794492985971943622e-01 5.799585664179319338e+02
2.816761523046091842e-01 5.721203966345668732e+02
2.839030060120240062e-01 5.646341748807750491e+02
2.861298597194388282e-01 5.574604894722391464e+02
2.883567134268537058e-01 5.505599287246421909e+02
2.905835671342685278e-01 5.438930880736105564e+02
2.928104208416833498e-01 5.374271990706620272e+02
2.950372745490981718e-01 5.311484294814019904e+02
2.972641282565129939e-01 5.250463026558866204e+02
2.994909819639278159e-01 5.191103419441728875e+02
3.017178356713426379e-01 5.133300706963166249e+02
3.039446893787575155e-01 5.076957805856941377e+02
3.061715430861723375e-01 5.022008455530456104e+02
3.083983967935871595e-01 4.968394123560213416e+02
3.106252505010019815e-01 4.916056277522727100e+02
3.128521042084168036e-01 4.864936384994508103e+02
3.150789579158316256e-01 4.814920894667450852e+02
3.173058116232464476e-01 4.765588187737301951e+02
3.195326653306612696e-01 4.716409482053640545e+02
3.217595190380761472e-01 4.666855887320264173e+02
3.239863727454909692e-01 4.616398513240970942e+02
3.262132264529057912e-01 4.564612392253426947e+02
3.284400801603206133e-01 4.511872693398419756e+02
3.306669338677354353e-01 4.458926159705914074e+02
3.328937875751502573e-01 4.406521583038938843e+02
3.351206412825650793e-01 4.355407755260530394e+02
3.373474949899799569e-01 4.306283681679871620e+02
3.395743486973947789e-01 4.259272349905999135e+02
3.418012024048096009e-01 4.214126425344076097e+02
3.440280561122244229e-01 4.170592459600717348e+02
3.462549098196392450e-01 4.128417004282533753e+02
3.484817635270540670e-01 4.087349286824265846e+02
3.507086172344688890e-01 4.047187067071620277e+02
3.529354709418837110e-01 4.007770350071645566e+02
3.551623246492985886e-01 3.968940551665103840e+02
3.573891783567134106e-01 3.930539087692760063e+02
3.596160320641282326e-01 3.892414160960422009e+02
3.618428857715430547e-01 3.854612048628002867e+02
3.640697394789578767e-01 3.817403676345631993e+02
3.662965931863726987e-01 3.781072097976133932e+02
3.685234468937875207e-01 3.745900367382332661e+02
3.707503006012023983e-01 3.712165984523566635e+02
3.729771543086172203e-01 3.679841516477512187e+02
3.752040080160320423e-01 3.648442476884363828e+02
3.774308617234468644e-01 3.617446830538764289e+02
3.796577154308616864e-01 3.586332542235352321e+02
3.818845691382765084e-01 3.554579438006433065e+02
3.841114228456913304e-01 3.521941347285338111e+02
3.863382765531061525e-01 3.488732755490976842e+02
3.885651302605210300e-01 3.455336728196151057e+02
3.907919839679358520e-01 3.422136330973658005e+02
3.930188376753506740e-01 3.389514522823042739e+02
3.952456913827654961e-01 3.357769428026710443e+02
3.974725450901803181e-01 3.326961870403506509e+02
3.996993987975951401e-01 3.297111499439925524e+02
4.019262525050099621e-01 3.268237964622462073e+02
4.041531062124248397e-01 3.240360915388662306e+02
4.063799599198396617e-01 3.213454807568597857e+02
4.086068136272544837e-01 3.187318862409533722e+02
4.108336673346693058e-01 3.161709835287324495e+02
4.130605210420841278e-01 3.136384481577819656e+02
4.152873747494989498e-01 3.111099556656871528e+02
4.175142284569137718e-01 3.085661846252044143e+02
4.197410821643285939e-01 3.060152453535686163e+02
4.219679358717434714e-01 3.034746014876691333e+02
4.241947895791582934e-01 3.009617246054727389e+02
4.264216432865731155e-01 2.984940862849458654e+02
4.286484969939879375e-01 2.960864220511007829e+02
4.308753507014027595e-01 2.937319442434820758e+02
4.331022044088175815e-01 2.914136843026317365e+02
4.353290581162324036e-01 2.891146130214173695e+02
4.375559118236472811e-01 2.868177011927064086e+02
4.397827655310621031e-01 2.845080425472967818e+02
4.420096192384769251e-01 2.821943094801220582e+02
4.442364729458917472e-01 2.798998796696561158e+02
4.464633266533065692e-01 2.776483540888397670e+02
4.486901803607213912e-01 2.754633337106142221e+02
4.509170340681362132e-01 2.733667707321424700e+02
4.531438877755510353e-01 2.713531555852129031e+02
4.553707414829659128e-01 2.693943134066239509e+02
4.575975951903807348e-01 2.674613909460697982e+02
4.598244488977955569e-01 2.655255349532437776e+02
4.620513026052103789e-01 2.635587287535053633e+02
4.642781563126252009e-01 2.615570728311966491e+02
4.665050100200400229e-01 2.595438517608124016e+02
4.687318637274548450e-01 2.575438028355031292e+02
4.709587174348696670e-01 2.555816633484198235e+02
4.731855711422845445e-01 2.536818657022184880e+02
4.754124248496993665e-01 2.518518540823165495e+02
4.776392785571141886e-01 2.500734652116664165e+02
4.798661322645290106e-01 2.483264155497603554e+02
4.820929859719438326e-01 2.465904215560907744e+02
4.843198396793586546e-01 2.448453014360683540e+02
4.865466933867734767e-01 2.430854749796538385e+02
4.887735470941883542e-01 2.413350442765691923e+02
4.910004008016031762e-01 2.396217140492516648e+02
4.932272545090179983e-01 2.379731890201384772e+02
4.954541082164328203e-01 2.364171515445358409e+02
4.976809619238476423e-01 2.349643845424734820e+02
4.999078156312624643e-01 2.335787230512905239e+02
5.021346693386772309e-01 2.322159152273959251e+02
5.043615230460920529e-01 2.308317092271984166e+02
5.065883767535069859e-01 2.293818532372075936e+02
5.088152304609218080e-01 2.278372052015999998e+02
5.110420841683366300e-01 2.262267956148515964e+02
5.132689378757514520e-01 2.245936525826103036e+02
5.154957915831662740e-01 2.229808042105237860e+02
5.177226452905810961e-01 2.214312786042398216e+02
5.199494989979959181e-01 2.199792548080262691e+02
5.221763527054107401e-01 2.186107418742695643e+02
5.244032064128255621e-01 2.172954377020938068e+02
5.266300601202403842e-01 2.160030271815759306e+02
5.288569138276552062e-01 2.147031952027926991e+02
5.310837675350701392e-01 2.133698374888003571e+02
5.333106212424849613e-01 2.120102043081389240e+02
5.355374749498997833e-01 2.106474167045378465e+02
5.377643286573146053e-01 2.093046925860584793e+02
5.399911823647294273e-01 2.080052498607623477e+02
5.422180360721442494e-01 2.067700425568805542e+02
5.444448897795590714e-01 2.055942764082109306e+02
5.466717434869738934e-01 2.044568117395885452e+02
5.488985971943887154e-01 2.033362481745618311e+02
5.511254509018035375e-01 2.022111853366791365e+02
5.533523046092183595e-01 2.010611459623761732e+02
5.555791583166331815e-01 1.998814553857867509e+02
5.578060120240480035e-01 1.986807094375835163e+02
5.600328657314628256e-01 1.974679157948899899e+02
5.622597194388776476e-01 1.962520821348299194e+02
5.644865731462925806e-01 1.950421217741862279e+02
5.667134268537074027e-01 1.938441976449815627e+02
5.689402805611222247e-01 1.926613552767758222e+02
5.711671342685370467e-01 1.914964720740274231e+02
5.733939879759518687e-01 1.903524254411948675e+02
5.756208416833666908e-01 1.892320727518924173e+02
5.778476953907815128e-01 1.881371386022252636e+02
5.800745490981963348e-01 1.870676303888694747e+02
5.823014028056111568e-01 1.860234122141867488e+02
5.845282565130259789e-01 1.850043481805386989e+02
5.867551102204408009e-01 1.840102743266901655e+02
5.889819639278556229e-01 1.830370995153951696e+02
5.912088176352704449e-01 1.820728014316445353e+02
5.934356713426852670e-01 1.811044026046451734e+02
5.956625250501000890e-01 1.801189255636039377e+02
5.978893787575150220e-01 1.791034032332469792e+02
6.001162324649298441e-01 1.780539821631130337e+02
6.023430861723446661e-01 1.769926180587015097e+02
6.045699398797594881e-01 1.759458036445151379e+02
6.067967935871743101e-01 1.749400316450564219e+02
6.090236472945891322e-01 1.740017947726914258e+02
6.112505010020039542e-01 1.731471242493074953e+02
6.134773547094187762e-01 1.723515172538370450e+02
6.157042084168335982e-01 1.715806552147631123e+02
6.179310621242484203e-01 1.708002195605686211e+02
6.201579158316632423e-01 1.699758917197365804e+02
6.223847695390780643e-01 1.690810753263228037e+02
6.246116232464928864e-01 1.681314835929788103e+02
6.268384769539077084e-01 1.671572456655286487e+02
6.290653306613225304e-01 1.661885028516487068e+02
6.312921843687374635e-01 1.652553964590152304e+02
6.335190380761522855e-01 1.643839435711399517e+02
6.357458917835671075e-01 1.635682132601469618e+02
6.379727454909819295e-01 1.627873603410161252e+02
6.401995991983967516e-01 1.620204555423716783e+02
6.424264529058115736e-01 1.612465695928380569e+02
6.446533066132263956e-01 1.604466149295481046e+02
6.468801603206412176e-01 1.596219413784082519e+02
6.491070140280560397e-01 1.587866366327711773e+02
6.513338677354708617e-01 1.579549814529814284e+02
6.535607214428856837e-01 1.571412565993834676e+02
6.557875751503005057e-01 1.563590248812785717e+02
6.580144288577153278e-01 1.556096790262185436e+02
6.602412825651301498e-01 1.548844548897576203e+02
6.624681362725449718e-01 1.541742771501618847e+02
6.646949899799599049e-01 1.534700704856973914e+02
6.669218436873747269e-01 1.527630081262221324e+02
6.691486973947895489e-01 1.520512562284793887e+02
6.713755511022043709e-01 1.513407662595350018e+02
6.736024048096191930e-01 1.506378972873452255e+02
6.758292585170340150e-01 1.499490083798663704e+02
6.780561122244488370e-01 1.492803452903578147e+02
6.802829659318636590e-01 1.486314382786025305e+02
6.825098196392784811e-01 1.479914562567439305e+02
6.847366733466933031e-01 1.473486823862244250e+02
6.869635270541081251e-01 1.466913998284860838e+02
6.891903807615229471e-01 1.460079376429891340e+02
6.914172344689377692e-01 1.452942499299958570e+02
6.936440881763525912e-01 1.445623700183859057e+02
6.958709418837674132e-01 1.438263692067434079e+02
6.980977955911823463e-01 1.431003187936525194e+02
7.003246492985971683e-01 1.423982838996404610e+02
7.025515030060119903e-01 1.417296864791506152e+02
7.047783567134268123e-01 1.410910585092040037e+02
7.070052104208416344e-01 1.404767132988895924e+02
7.092320641282564564e-01 1.398809641572965461e+02
7.114589178356712784e-01 1.392981243936966393e+02
7.136857715430861004e-01 1.387228129574764068e+02
7.159126252505009225e-01 1.381508405967135502e+02
7.181394789579157445e-01 1.375783085112609001e+02
7.203663326653305665e-01 1.370013179009715145e+02
7.225931863727453885e-01 1.364159699656983094e+02
7.248200400801602106e-01 1.358192844932818275e+02
7.270468937875750326e-01 1.352132779093164174e+02
7.292737474949898546e-01 1.346016573815355173e+02
7.315006012024047877e-01 1.339881314173865121e+02
7.337274549098196097e-01 1.333764085243169575e+02
7.359543086172344317e-01 1.327703536195230356e+02
7.381811623246492537e-01 1.321750339782329320e+02
7.404080160320640758e-01 1.315960744804235389e+02
7.426348697394788978e-01 1.310391030629320994e+02
7.448617234468937198e-01 1.305097476625956574e+02
7.470885771543085419e-01 1.300126270931720569e+02
7.493154308617233639e-01 1.295407054070769277e+02
7.515422845691381859e-01 1.290794635255910237e+02
7.537691382765530079e-01 1.286142592616998286e+02
7.559959919839678300e-01 1.281304504283887411e+02
7.582228456913826520e-01 1.276142444535287837e+02
7.604496993987974740e-01 1.270669364366989811e+02
7.626765531062122960e-01 1.265027847432006780e+02
7.649034068136272291e-01 1.259364694022035707e+02
7.671302605210420511e-01 1.253826704428775258e+02
7.693571142284568731e-01 1.248557154600458574e+02
7.715839679358716952e-01 1.243596723689079369e+02
7.738108216432865172e-01 1.238869877129767332e+02
7.760376753507013392e-01 1.234294819363862956e+02
7.782645290581161612e-01 1.229789754832706592e+02
7.804913827655309833e-01 1.225273302111190077e+02
7.827182364729458053e-01 1.220688212225780092e+02
7.849450901803606273e-01 1.216014235755773285e+02
7.871719438877754493e-01 1.211234259083034317e+02
7.893987975951902714e-01 1.206331168589428842e+02
7.916256513026050934e-01 1.201288123448571383e+02
7.938525050100199154e-01 1.196130240436487782e+02
7.960793587174347374e-01 1.190969445919434975e+02
7.983062124248496705e-01 1.185928425307410521e+02
8.005330661322644925e-01 1.181129864010412547e+02
8.027599198396793145e-01 1.176696368675579834e+02
8.049867735470941366e-01 1.172681882794532839e+02
8.072136272545089586e-01 1.168946037833513287e+02
8.094404809619237806e-01 1.165314332416081555e+02
8.116673346693386026e-01 1.161612265165796174e+02
8.138941883767534247e-01 1.157665334897916836e+02
8.161210420841682467e-01 1.153354491038669352e+02
8.183478957915830687e-01 1.148772504036044495e+02
8.205747494989978907e-01 1.144062715560638566e+02
8.228016032064127128e-01 1.139368467283046158e+02
8.250284569138275348e-01 1.134833100873862861e+02
8.272553106212423568e-01 1.130571095161899962e+02
8.294821643286571788e-01 1.126538908295500647e+02
8.317090180360721119e-01 1.122639195029504435e+02
8.339358717434869339e-01 1.118774565016002782e+02
8.361627254509017559e-01 1.114847627907087002e+02
8.383895791583165780e-01 1.110775179209979626e+02
8.406164328657314000e-01 1.106582232458076902e+02
8.428432865731462220e-01 1.102343657969726536e+02
8.450701402805610440e-01 1.098134591735086190e+02
8.472969939879758661e-01 1.094030169744312531e+02
8.495238476953906881e-01 1.090098970016472180e+02
8.517507014028055101e-01 1.086335680480564179e+02
8.539775551102203321e-01 1.082688409020412053e+02
8.562044088176351542e-01 1.079104534761297316e+02
8.584312625250499762e-01 1.075531436828498926e+02
8.606581162324647982e-01 1.071918790389553919e+02
8.628849699398796202e-01 1.068257412631237884e+02
8.651118236472945533e-01 1.064573666742262503e+02
8.673386773547093753e-01 1.060895085245425804e+02
8.695655310621241973e-01 1.057249200663524391e+02
8.717923847695390194e-01 1.053662784926455345e+02
8.740192384769538414e-01 1.050140222166787822e+02
8.762460921843686634e-01 1.046660396169554872e+02
8.784729458917834855e-01 1.043200804308112168e+02
8.806997995991983075e-01 1.039738943955817376e+02
8.829266533066131295e-01 1.036252624618229703e+02
8.851535070140279515e-01 1.032737542293990174e+02
8.873803607214427736e-01 1.029216643747211180e+02
8.896072144288575956e-01 1.025715165435679666e+02
8.918340681362724176e-01 1.022258343817182151e+02
8.940609218436872396e-01 1.018871315117045384e+02
8.962877755511020617e-01 1.015563431055377634e+02
8.985146292585168837e-01 1.012311192578966086e+02
9.007414829659318167e-01 1.009087000770888238e+02
9.029683366733466388e-01 1.005863256714220881e+02
9.051951903807614608e-01 1.002612371297955036e+02
9.074220440881762828e-01 9.993167657338970855e+01
9.096488977955911048e-01 9.959877404322720906e+01
9.118757515030059269e-01 9.926417726755033755e+01
9.141026052104207489e-01 9.892953397460138376e+01
9.163294589178355709e-01 9.859649189260719027e+01
9.185563126252503929e-01 9.826649412851166687e+01
9.207831663326652150e-01 9.794017566766503080e+01
9.230100200400800370e-01 9.761797202318170719e+01
9.252368737474948590e-01 9.730031870817596484e+01
9.274637274549096810e-01 9.698765123576211522e+01
9.296905811623245031e-01 9.668028955199464747e+01
9.319174348697393251e-01 9.637791676524427942e+01
9.341442885771542581e-01 9.607999780213621932e+01
9.363711422845690802e-01 9.578599739603919261e+01
9.385979959919839022e-01 9.549538028032189629e+01
9.408248496993987242e-01 9.520764937514589121e+01
9.430517034068135462e-01 9.492260092053533072e+01
9.452785571142283683e-01 9.464016709418598339e+01
9.475054108216431903e-01 9.436028081686471580e+01
9.497322645290580123e-01 9.408287500933856506e+01
9.519591182364728343e-01 9.380780560506995869e+01
9.541859719438876564e-01 9.353405445212789004e+01
9.564128256513024784e-01 9.326004923691607473e+01
9.586396793587173004e-01 9.298420883875527920e+01
9.608665330661321224e-01 9.270495213696628412e+01
9.630933867735469445e-01 9.242083159276728566e+01
9.653202404809617665e-01 9.213272503697457694e+01
9.675470941883766995e-01 9.184348365110437840e+01
9.697739478957915216e-01 9.155602119960373386e+01
9.720008016032063436e-01 9.127325144691975822e+01
9.742276553106211656e-01 9.099802273331269475e+01
9.764545090180359876e-01 9.073128124436405528e+01
9.786813627254508097e-01 9.047181991990707672e+01
9.809082164328656317e-01 9.021831581523852606e+01
9.831350701402804537e-01 8.996944598565529816e+01
9.853619238476952757e-01 8.972387738945755586e+01
9.875887775551100978e-01 8.947968962563447803e+01
9.898156312625249198e-01 8.923406234529196013e+01
9.920424849699397418e-01 8.898409899431305803e+01
9.942693386773545638e-01 8.872690301858091289e+01
9.964961923847693859e-01 8.845959590484046942e+01
9.987230460921842079e-01 8.818193418558958285e+01
1.000949899799599141e+00 8.789905526698061067e+01
1.003176753507013963e+00 8.761675317592749934e+01
1.005403607214428785e+00 8.734082193934409588e+01
1.007630460921843607e+00 8.707705383506446140e+01
1.009857314629258429e+00 8.682912782398804552e+01
1.012084168336673251e+00 8.659450723030910524e+01
1.014311022044088073e+00 8.636951839068326819e+01
1.016537875751502895e+00 8.615048764176607676e+01
1.018764729458917717e+00 8.593374132021314438e+01
1.020991583166332539e+00 8.571611734913422254e+01
1.023218436873747361e+00 8.549659959404152687e+01
1.025445290581162183e+00 8.527473450518945697e+01
1.027672144288577005e+00 8.505006853496489327e+01
1.029898997995991827e+00 8.482214813575477308e+01
1.032125851703406649e+00 8.459075070581276634e+01
1.034352705410821471e+00 8.435686626273624711e+01
1.036579559118236293e+00 8.412188143896860026e+01
1.038806412825651115e+00 8.388718309252702454e+01
1.041033266533065937e+00 8.365415808142859078e+01
1.043260120240480759e+00 8.342400915139771200e+01
1.045486973947895581e+00 8.319653563433486454e+01
1.047713827655310403e+00 8.297089073822509420e+01
1.049940681362725448e+00 8.274622423814201966e+01
1.052167535070140270e+00 8.252168590915925961e+01
1.054394388777555092e+00 8.229654179853064022e+01
1.056621242484969914e+00 8.207138821400113216e+01
1.058848096192384736e+00 8.184766964075124918e+01
1.061074949899799558e+00 8.162684425528814813e+01
1.063301803607214380e+00 8.141037023411890061e+01
1.065528657314629202e+00 8.119962169174023359e+01
1.067755511022044024e+00 8.099443897905626955e+01
1.069982364729458846e+00 8.079332249869479199e+01
1.072209218436873668e+00 8.059472757623746020e+01
1.074436072144288490e+00 8.039710953726591924e+01
1.076662925851703312e+00 8.019891711895211017e+01
1.078889779559118134e+00 7.999838592393129488e+01
1.081116633266532956e+00 7.979349726780318974e+01
1.083343486973947778e+00 7.958221756676269365e+01
1.085570340681362600e+00 7.936251323700470550e+01
1.087797194388777422e+00 7.913241608605410704e+01
1.090024048096192244e+00 7.889326574242379309e+01
1.092250901803607066e+00 7.865120318882448203e+01
1.094477755511021888e+00 7.841274656755174988e+01
1.096704609218436710e+00 7.818441402090127212e+01
1.098931462925851532e+00 7.797269808683782344e+01
1.101158316633266354e+00 7.778061418360043433e+01
1.103385170340681176e+00 7.760421054784991668e+01
1.105612024048095998e+00 7.743870421926237668e+01
1.107838877755510820e+00 7.727931223751399159e+01
1.110065731462925642e+00 7.712125164228082497e+01
1.112292585170340464e+00 7.695973947323902564e+01
1.114519438877755286e+00 7.678999277006469981e+01
1.116746292585170330e+00 7.660722857243396788e+01
1.118973146292585152e+00 7.640666392002296448e+01
1.121199999999999974e+00 7.618351585250782421e+01
