1.000000000000000021e-02 9.729246775567116856e+03
1.222685370741482917e-02 1.035328752728826112e+04
1.445370741482965987e-02 1.065087531296696397e+04
1.668056112224448884e-02 1.069074628992786347e+04
1.890741482965931780e-02 1.053224446931883904e+04
2.113426853707414677e-02 1.022622992331071146e+04
2.336112224448897573e-02 9.817095459090523946e+03
2.558797595190380469e-02 9.342958480179859180e+03
2.781482965931863366e-02 8.835760411382270831e+03
3.004168336673346262e-02 8.321321795681831645e+03
3.226853707414829159e-02 7.819779589424571896e+03
3.449539078156312055e-02 7.345911503542958599e+03
3.672224448897795646e-02 6.909443778600987571e+03
3.894909819639278542e-02 6.516094428537587191e+03
4.117595190380761438e-02 6.168015899500285741e+03
4.340280561122244335e-02 5.864657592321200354e+03
4.562965931863727231e-02 5.603403773247579920e+03
4.785651302605210128e-02 5.380027487935200952e+03
5.008336673346693024e-02 5.189195761235694590e+03
5.231022044088175921e-02 5.025366541762752604e+03
5.453707414829658817e-02 4.881850925886268669e+03
5.676392785571141714e-02 4.753655398190885535e+03
5.899078156312624610e-02 4.643995307985708678e+03
6.121763527054107507e-02 4.541982630640279240e+03
6.344448897795590403e-02 4.433024909831709010e+03
6.567134268537073993e-02 4.307902064063249782e+03
6.789819639278556196e-02 4.169378705703618834e+03
7.012505010020039786e-02 4.021840778307760502e+03
7.235190380761521989e-02 3.869674225430622300e+03
7.457875751503004191e-02 3.717264290072205768e+03
7.680561122244487782e-02 3.567956282728875976e+03
7.903246492985969984e-02 3.421968997548908192e+03
8.125931863727453575e-02 3.278936072756165686e+03
8.348617234468937165e-02 3.138491146574514914e+03
8.571302605210419367e-02 3.000267892504826705e+03
8.793987975951902958e-02 2.864464252078330901e+03
9.016673346693385160e-02 2.733272526498896696e+03
9.239358717434868751e-02 2.609325417474957703e+03
9.462044088176350953e-02 2.495255626714955724e+03
9.684729458917834544e-02 2.393695855927323919e+03
9.907414829659316746e-02 2.306613172759845384e+03
1.013010020040080034e-01 2.232862226718155853e+03
1.035278557114228254e-01 2.170388713923161504e+03
1.057547094188376613e-01 2.117138220913495388e+03
1.079815631262524833e-01 2.071056334227789193e+03
1.102084168336673192e-01 2.030183739724164752e+03
1.124352705410821412e-01 1.993124277322535136e+03
1.146621242484969772e-01 1.958688312056376390e+03
1.168889779559118131e-01 1.925686522279245992e+03
1.191158316633266351e-01 1.892929586344701420e+03
1.213426853707414710e-01 1.859308943768724475e+03
1.235695390781562930e-01 1.824395707473261155e+03
1.257963927855711428e-01 1.788101334310093307e+03
1.280232464929859648e-01 1.750339819228278429e+03
1.302501002004007868e-01 1.711025157176871971e+03
1.324769539078156089e-01 1.670084826193267418e+03
1.347038076152304586e-01 1.627634093843607843e+03
1.369306613226452807e-01 1.583925966782888054e+03
1.391575150300601027e-01 1.539216622214239123e+03
1.413843687374749525e-01 1.493762237340792353e+03
1.436112224448897745e-01 1.447833808193201321e+03
1.458380761523045965e-01 1.401993146086161460e+03
1.480649298597194186e-01 1.357067537384375555e+03
1.502917835671342683e-01 1.313894006024859209e+03
1.525186372745490904e-01 1.273309575944628250e+03
1.547454909819639124e-01 1.236135057139232003e+03
1.569723446893787622e-01 1.202694554218373241e+03
1.591991983967935842e-01 1.172735073204589298e+03
1.614260521042084062e-01 1.145971214022544928e+03
1.636529058116232282e-01 1.122117576596905110e+03
1.658797595190380780e-01 1.100887858014704534e+03
1.681066132264529001e-01 1.081935420294932328e+03
1.703334669338677221e-01 1.064816377771072666e+03
1.725603206412825441e-01 1.049078027923436593e+03
1.747871743486973939e-01 1.034267668232335836e+03
1.770140280561122159e-01 1.019933084216966677e+03
1.792408817635270379e-01 1.005710382475377855e+03
1.814677354709418600e-01 9.914257622278072404e+02
1.836945891783567097e-01 9.769300977674860178e+02
1.859214428857715318e-01 9.620742633876465106e+02
1.881482965931863538e-01 9.467091803910024055e+02
1.903751503006012036e-01 9.307376250244842595e+02
1.926020040080160256e-01 9.142133288187184235e+02
1.948288577154308476e-01 8.972173411326448331e+02
1.970557114228456697e-01 8.798307113252051295e+02
1.992825651302605194e-01 8.621344887553390208e+02
2.015094188376753415e-01 8.442335149815974091e+02
2.037362725450901635e-01 8.263300622375840021e+02
2.059631262525049855e-01 8.086513392696776918e+02
2.081899799599198353e-01 7.914245548359483564e+02
2.104168336673346573e-01 7.748769176944666697e+02
2.126436873747494793e-01 7.591995996886548710e+02
2.148705410821643014e-01 7.443860347109481381e+02
2.170973947895791512e-01 7.303621866648581999e+02
2.193242484969939732e-01 7.170539618072633630e+02
2.215511022044087952e-01 7.043872663950421611e+02
2.237779559118236450e-01 6.922980271932672167e+02
2.260048096192384670e-01 6.807987936866280734e+02
2.282316633266532890e-01 6.699374878656361716e+02
2.304585170340681111e-01 6.597622218725773564e+02
2.326853707414829608e-01 6.503211078497379276e+02
2.349122244488977829e-01 6.416487533026844403e+02
2.371390781563126049e-01 6.336195734897303282e+02
2.393659318637274269e-01 6.260030933603593439e+02
2.415927855711422767e-01 6.185670191612026656e+02
2.438196392785570987e-01 6.110790571388918124e+02
2.460464929859719208e-01 6.033169310473758742e+02
2.482733466933867428e-01 5.952419014101121775e+02
2.505002004008015648e-01 5.869759807303892103e+02
2.527270541082163868e-01 5.786466169470986642e+02
2.549539078156312089e-01 5.703812579991331404e+02
2.571807615230460309e-01 5.623043366226254420e+02
2.594076152304609084e-01 5.544468656498731889e+02
2.616344689378757304e-01 5.467307129073884653e+02
2.638613226452905525e-01 5.390715621177503181e+02
2.660881763527053745e-01 5.313850970035382488e+02
2.683150300601201965e-01 5.235882833653764692e+02
2.705418837675350741e-01 5.156743332296354083e+02
2.727687374749498961e-01 5.077542518018478859e+02
2.749955911823647181e-01 4.999491317664433723e+02
2.772224448897795401e-01 4.923800658078511105e+02
2.794492985971943622e-01 4.851677945070915712e+02
2.816761523046091842e-01 4.783771556540093570e+02
2.839030060120240062e-01 4.719564063960157796e+02
2.861298597194388282e-01 4.658392196028562466e+02
2.883567134268537058e-01 4.599592681442761091e+02
2.905835671342685278e-01 4.542502432414934219e+02
2.928104208416833498e-01 4.486629405334462035e+02
2.950372745490981718e-01 4.431969632629626403e+02
2.972641282565129939e-01 4.378605636053329704e+02
2.994909819639278159e-01 4.326619937358482275e+02
3.017178356713426379e-01 4.276095058297983087e+02
3.039446893787575155e-01 4.227084924157655337e+02
3.061715430861723375e-01 4.179528740345569418e+02
3.083983967935871595e-01 4.133336948554321566e+02
3.106252505010019815e-01 4.088419990476484145e+02
3.128521042084168036e-01 4.044688307804626106e+02
3.150789579158316256e-01 4.002004758269948184e+02
3.173058116232464476e-01 3.959965762507763429e+02
3.195326653306612696e-01 3.918075059221356469e+02
3.217595190380761472e-01 3.875836293582402732e+02
3.239863727454909692e-01 3.832753110762582196e+02
3.262132264529057912e-01 3.788423152942394836e+02
3.284400801603206133e-01 3.743167777360093282e+02
3.306669338677354353e-01 3.697644425979950142e+02
3.328937875751502573e-01 3.652512393913980873e+02
3.351206412825650793e-01 3.608430976274204340e+02
3.373474949899799569e-01 3.566017311730329311e+02
3.395743486973947789e-01 3.525400799691809084e+02
3.418012024048096009e-01 3.486397271638279562e+02
3.440280561122244229e-01 3.448817382230015482e+02
3.462549098196392450e-01 3.412471786127289306e+02
3.484817635270540670e-01 3.377172266079226119e+02
3.507086172344688890e-01 3.342751065368619834e+02
3.529354709418837110e-01 3.309058237219039711e+02
3.551623246492985886e-01 3.275944429623435781e+02
3.573891783567134106e-01 3.243260290574764895e+02
3.596160320641282326e-01 3.210860794647167609e+02
3.618428857715430547e-01 3.178727185633591148e+02
3.640697394789578767e-01 3.146983917130667123e+02
3.662965931863726987e-01 3.115763174275784877e+02
3.685234468937875207e-01 3.085197142206336594e+02
3.707503006012023983e-01 3.055415860029316377e+02
3.729771543086172203e-01 3.026431540671474067e+02
3.752040080160320423e-01 2.998079791439292876e+02
3.774308617234468644e-01 2.970181710751203354e+02
3.796577154308616864e-01 2.942558397025634349e+02
3.818845691382765084e-01 2.915031536288225880e+02
3.841114228456913304e-01 2.887509319570129946e+02
3.863382765531061525e-01 2.860076941359168927e+02
3.885651302605210300e-01 2.832841247431315992e+02
3.907919839679358520e-01 2.805909083562547153e+02
3.930188376753506740e-01 2.779387271624109985e+02
3.952456913827654961e-01 2.753363604784690892e+02
3.974725450901803181e-01 2.727872648948359711e+02
3.996993987975951401e-01 2.702939734482720837e+02
4.019262525050099621e-01 2.678590191755380943e+02
4.041531062124248397e-01 2.654849351108541100e+02
4.063799599198396617e-01 2.631719086428230980e+02
4.086068136272544837e-01 2.609110321075818888e+02
4.108336673346693058e-01 2.586911937710300435e+02
4.130605210420841278e-01 2.565012818990668393e+02
4.152873747494989498e-01 2.543301847575918089e+02
4.175142284569137718e-01 2.521689421508444582e+02
4.197410821643285939e-01 2.500203908119205494e+02
4.219679358717434714e-01 2.478913898373723157e+02
4.241947895791582934e-01 2.457888017387855371e+02
4.264216432865731155e-01 2.437194890277456238e+02
4.286484969939879375e-01 2.416888932814580926e+02
4.308753507014027595e-01 2.396912782838938085e+02
4.331022044088175815e-01 2.377156204983265013e+02
4.353290581162324036e-01 2.357508648914299556e+02
4.375559118236472811e-01 2.337859564298778423e+02
4.397827655310621031e-01 2.318112992188409578e+02
4.420096192384769251e-01 2.298335034597971855e+02
4.442364729458917472e-01 2.278692865952413911e+02
4.464633266533065692e-01 2.259355195425051477e+02
4.486901803607213912e-01 2.240490732189206255e+02
4.509170340681362132e-01 2.222257377167457832e+02
4.531438877755510353e-01 2.204633010657473733e+02
4.553707414829659128e-01 2.187446934724156904e+02
4.575975951903807348e-01 2.170524004388717572e+02
4.598244488977955569e-01 2.153689074672364541e+02
4.620513026052103789e-01 2.136772374311090630e+02
4.642781563126252009e-01 2.119759047775487204e+02
4.665050100200400229e-01 2.102808855596783246e+02
4.687318637274548450e-01 2.086090889794126326e+02
4.709587174348696670e-01 2.069774242386669698e+02
4.731855711422845445e-01 2.054025422724688497e+02
4.754124248496993665e-01 2.038867036230158476e+02
4.776392785571141886e-01 2.024104772424418002e+02
4.798661322645290106e-01 2.009526360483898770e+02
4.820929859719438326e-01 1.994919529585033331e+02
4.843198396793586546e-01 1.980073022460956054e+02
4.865466933867734767e-01 1.964921037643783848e+02
4.887735470941883542e-01 1.949693458193074775e+02
4.910004008016031762e-01 1.934656055315885226e+02
4.932272545090179983e-01 1.920074600219271304e+02
4.954541082164328203e-01 1.906214694402830503e+02
4.976809619238476423e-01 1.893213717279710977e+02
4.999078156312624643e-01 1.880852837811380027e+02
5.021346693386772309e-01 1.868851866888531958e+02
5.043615230460920529e-01 1.856930615401856812e+02
5.065883767535069859e-01 1.844808894390592116e+02
5.088152304609218080e-01 1.832281080161484397e+02
5.110420841683366300e-01 1.819428625218686761e+02
5.132689378757514520e-01 1.806402058992968023e+02
5.154957915831662740e-01 1.793351910915095004e+02
5.177226452905810961e-01 1.780428710415836235e+02
5.199494989979959181e-01 1.767765639569702785e+02
5.221763527054107401e-01 1.755401449869911801e+02
5.244032064128255621e-01 1.743342917058303101e+02
5.266300601202403842e-01 1.731596791374288387e+02
5.288569138276552062e-01 1.720169823057276517e+02
5.310837675350701392e-01 1.709061951746889463e+02
5.333106212424849613e-01 1.698219169452561061e+02
5.355374749498997833e-01 1.687561798797487143e+02
5.377643286573146053e-01 1.677010005736527205e+02
5.399911823647294273e-01 1.666483956224539895e+02
5.422180360721442494e-01 1.655911147138134538e+02
5.444448897795590714e-01 1.645302453777606502e+02
5.466717434869738934e-01 1.634721681334871448e+02
5.488985971943887154e-01 1.624233479207755977e+02
5.511254509018035375e-01 1.613902496794088108e+02
5.533523046092183595e-01 1.603789748700256439e+02
5.555791583166331815e-01 1.593894026214575206e+02
5.578060120240480035e-01 1.584161867550080274e+02
5.600328657314628256e-01 1.574538189259037040e+02
5.622597194388776476e-01 1.564967907893712322e+02
5.644865731462925806e-01 1.555396622206647237e+02
5.667134268537074027e-01 1.545789815503906084e+02
5.689402805611222247e-01 1.536135509085869728e+02
5.711671342685370467e-01 1.526422939752883678e+02
5.733939879759518687e-01 1.516641344305293444e+02
5.756208416833666908e-01 1.506780902956735702e+02
5.778476953907815128e-01 1.496885147509095759e+02
5.800745490981963348e-01 1.487078486473196790e+02
5.823014028056111568e-01 1.477492077239677144e+02
5.845282565130259789e-01 1.468257077199173750e+02
5.867551102204408009e-01 1.459503939571945352e+02
5.889819639278556229e-01 1.451264577072438726e+02
5.912088176352704449e-01 1.443371893695774020e+02
5.934356713426852670e-01 1.435634826715485417e+02
5.956625250501000890e-01 1.427862313405107670e+02
5.978893787575150220e-01 1.419863387397202530e+02
6.001162324649298441e-01 1.411531559107110354e+02
6.023430861723446661e-01 1.402999571363908728e+02
6.045699398797594881e-01 1.394442221917374525e+02
6.067967935871743101e-01 1.386034308517286888e+02
6.090236472945891322e-01 1.377950628841992113e+02
6.112505010020039542e-01 1.370304408597730799e+02
6.134773547094187762e-01 1.362970307010440933e+02
6.157042084168335982e-01 1.355765211890590081e+02
6.179310621242484203e-01 1.348506011048644666e+02
6.201579158316632423e-01 1.341009592295073389e+02
6.223847695390780643e-01 1.333138190435123249e+02
6.246116232464928864e-01 1.325002494193281564e+02
6.268384769539077084e-01 1.316797846767446174e+02
6.290653306613225304e-01 1.308719662773381458e+02
6.312921843687374635e-01 1.300963356826851509e+02
6.335190380761522855e-01 1.293697693978977838e+02
6.357458917835671075e-01 1.286885000309410145e+02
6.379727454909819295e-01 1.280391230206057287e+02
6.401995991983967516e-01 1.274081794714692961e+02
6.424264529058115736e-01 1.267822104881090581e+02
6.446533066132263956e-01 1.261485853376676118e+02
6.468801603206412176e-01 1.255038633845450278e+02
6.491070140280560397e-01 1.248503318403718509e+02
6.513338677354708617e-01 1.241903647333701173e+02
6.535607214428856837e-01 1.235263360917618485e+02
6.557875751503005057e-01 1.228606832883305913e+02
6.580144288577153278e-01 1.221969174577801880e+02
6.602412825651301498e-01 1.215394458719653272e+02
6.624681362725449718e-01 1.208927032578004059e+02
6.646949899799599049e-01 1.202611243421997642e+02
6.669218436873747269e-01 1.196489843203428194e+02
6.691486973947895489e-01 1.190560700083458698e+02
6.713755511022043709e-01 1.184771712554729106e+02
6.736024048096191930e-01 1.179068162941666600e+02
6.758292585170340150e-01 1.173395333568698788e+02
6.780561122244488370e-01 1.167698807767621219e+02
6.802829659318636590e-01 1.161942007800864189e+02
6.825098196392784811e-01 1.156115879650815685e+02
6.847366733466933031e-01 1.150213722194014707e+02
6.869635270541081251e-01 1.144228834307000113e+02
6.891903807615229471e-01 1.138154691527270757e+02
6.914172344689377692e-01 1.132014118089693824e+02
6.936440881763525912e-01 1.125891827001512695e+02
6.958709418837674132e-01 1.119880375392730372e+02
6.980977955911823463e-01 1.114072320393350282e+02
7.003246492985971683e-01 1.108560154805813482e+02
7.025515030060119903e-01 1.103388025560433476e+02
7.047783567134268123e-01 1.098465865736678637e+02
7.070052104208416344e-01 1.093680507057271427e+02
7.092320641282564564e-01 1.088918781244934451e+02
7.114589178356712784e-01 1.084067520040681245e+02
7.136857715430861004e-01 1.079044153859992861e+02
7.159126252505009225e-01 1.073885428150698118e+02
7.181394789579157445e-01 1.068657166478623850e+02
7.203663326653305665e-01 1.063425192409596605e+02
7.225931863727453885e-01 1.058255329509441935e+02
7.248200400801602106e-01 1.053200750146927618e+02
7.270468937875750326e-01 1.048245810801965234e+02
7.292737474949898546e-01 1.043351582311427563e+02
7.315006012024047877e-01 1.038479117061058759e+02
7.337274549098196097e-01 1.033589467436603400e+02
7.359543086172344317e-01 1.028651135945370640e+02
7.381811623246492537e-01 1.023689895907852758e+02
7.404080160320640758e-01 1.018758080518169464e+02
7.426348697394788978e-01 1.013908168575053423e+02
7.448617234468937198e-01 1.009192638877237300e+02
7.470885771543085419e-01 1.004658945628867315e+02
7.493154308617233639e-01 1.000296512005029115e+02
7.515422845691381859e-01 9.960575014045156195e+01
7.537691382765530079e-01 9.918934642490839337e+01
7.559959919839678300e-01 9.877559509604904520e+01
7.582228456913826520e-01 9.835976020570166156e+01
7.604496993987974740e-01 9.793904162611949005e+01
7.626765531062122960e-01 9.751230247853470701e+01
7.649034068136272291e-01 9.707845998566996570e+01
7.671302605210420511e-01 9.663643137024810414e+01
7.693571142284568731e-01 9.618528769526527356e+01
7.715839679358716952e-01 9.572857845192626769e+01
7.738108216432865172e-01 9.527492594858912867e+01
7.760376753507013392e-01 9.483322579075414183e+01
7.782645290581161612e-01 9.441237358392145040e+01
7.804913827655309833e-01 9.402112704410900790e+01
7.827182364729458053e-01 9.366020877103895259e+01
7.849450901803606273e-01 9.331802203131631757e+01
7.871719438877754493e-01 9.298192599794256807e+01
7.893987975951902714e-01 9.263927984391925463e+01
7.916256513026050934e-01 9.227748447844501811e+01
7.938525050100199154e-01 9.189036017922035171e+01
7.960793587174347374e-01 9.148500879193771596e+01
7.983062124248496705e-01 9.107017825888542006e+01
8.005330661322644925e-01 9.065461652235174483e+01
8.027599198396793145e-01 9.024706821444820548e+01
8.049867735470941366e-01 8.985339225202555724e+01
8.072136272545089586e-01 8.947128117547315185e+01
8.094404809619237806e-01 8.909699301981459030e+01
8.116673346693386026e-01 8.872678582007343095e+01
8.138941883767534247e-01 8.835691761577402303e+01
8.161210420841682467e-01 8.798494832284626455e+01
8.183478957915830687e-01 8.761341101776093865e+01
8.205747494989978907e-01 8.724602609450195700e+01
8.228016032064127128e-01 8.688651394705308917e+01
8.250284569138275348e-01 8.653859496939821838e+01
8.272553106212423568e-01 8.620471571146863710e+01
8.294821643286571788e-01 8.588034857610738015e+01
8.317090180360721119e-01 8.555859138595042168e+01
8.339358717434869339e-01 8.523253997305124585e+01
8.361627254509017559e-01 8.489529016946332263e+01
8.383895791583165780e-01 8.454119471013328280e+01
8.406164328657314000e-01 8.417419472273695646e+01
8.428432865731462220e-01 8.380264877307227778e+01
8.450701402805610440e-01 8.343493896613614424e+01
8.472969939879758661e-01 8.307944740692545338e+01
8.495238476953906881e-01 8.274384713030735838e+01
8.517507014028055101e-01 8.242782192340406766e+01
8.539775551102203321e-01 8.212601918049362837e+01
8.562044088176351542e-01 8.183300750000279322e+01
8.584312625250499762e-01 8.154335548035815862e+01
8.606581162324647982e-01 8.125180525103876050e+01
8.628849699398796202e-01 8.095620838686295428e+01
8.651118236472945533e-01 8.065710297031444043e+01
8.673386773547093753e-01 8.035511546020100582e+01
8.695655310621241973e-01 8.005087231533033787e+01
8.717923847695390194e-01 7.974501159132294958e+01
8.740192384769538414e-01 7.943851269210180988e+01
8.762460921843686634e-01 7.913274382716163302e+01
8.784729458917834855e-01 7.882909434471228849e+01
8.806997995991983075e-01 7.852895359296373101e+01
8.829266533066131295e-01 7.823369428090536815e+01
8.851535070140279515e-01 7.794373561993556621e+01
8.873803607214427736e-01 7.765804413091611025e+01
8.896072144288575956e-01 7.737546427515295022e+01
8.918340681362724176e-01 7.709484051395203608e+01
8.940609218436872396e-01 7.681501954712770441e+01
8.962877755511020617e-01 7.653520059250320173e+01
8.985146292585168837e-01 7.625531652974557062e+01
9.007414829659318167e-01 7.597539180146753779e+01
9.029683366733466388e-01 7.569545085028178733e+01
9.051951903807614608e-01 7.541551841143588319e+01
9.074220440881762828e-01 7.513591795517299943e+01
9.096488977955911048e-01 7.485783478480313136e+01
9.118757515030059269e-01 7.458260869544659499e+01
9.141026052104207489e-01 7.431157948222366372e+01
9.163294589178355709e-01 7.404608694021008830e+01
9.185563126252503929e-01 7.378688214946062374e+01
9.207831663326652150e-01 7.353239114683738364e+01
9.230100200400800370e-01 7.328046606848273825e+01
9.252368737474948590e-01 7.302895905053892989e+01
9.274637274549096810e-01 7.277572222914824351e+01
9.296905811623245031e-01 7.251907023896559679e+01
9.319174348697393251e-01 7.225986633431277539e+01
9.341442885771542581e-01 7.199984693123181501e+01
9.363711422845690802e-01 7.174074921917599568e+01
9.385979959919839022e-01 7.148431038759858325e+01
9.408248496993987242e-01 7.123211354455776245e+01
9.430517034068135462e-01 7.098455827024000087e+01
9.452785571142283683e-01 7.074149564456497785e+01
9.475054108216431903e-01 7.050277374920469242e+01
9.497322645290580123e-01 7.026824066583127149e+01
9.519591182364728343e-01 7.003763660389560641e+01
9.541859719438876564e-01 6.980947703152929762e+01
9.564128256513024784e-01 6.958150094274115816e+01
9.586396793587173004e-01 6.935143499132891520e+01
9.608665330661321224e-01 6.911700583109021068e+01
9.630933867735469445e-01 6.887611374548784227e+01
9.653202404809617665e-01 6.862968153190574583e+01
9.675470941883766995e-01 6.838119694770952606e+01
9.697739478957915216e-01 6.813422909551849216e+01
9.720008016032063436e-01 6.789234707795193913e+01
9.742276553106211656e-01 6.765902735123550826e+01
9.764545090180359876e-01 6.743505275353489026e+01
9.786813627254508097e-01 6.721815693795231539e+01
9.809082164328656317e-01 6.700590945491013883e+01
9.831350701402804537e-01 6.679587985483078683e+01
9.853619238476952757e-01 6.658565361952544492e+01
9.875887775551100978e-01 6.637374298654515314e+01
9.898156312625249198e-01 6.616008016219035426e+01
9.920424849699397418e-01 6.594471759198518157e+01
9.942693386773545638e-01 6.572770772145385365e+01
9.964961923847693859e-01 6.550910534957206721e+01
9.987230460921842079e-01 6.528930902011627779e+01
1.000949899799599141e+00 6.506941921812520491e+01
1.003176753507013963e+00 6.485062208558406383e+01
1.005403607214428785e+00 6.463410376447799877e+01
1.007630460921843607e+00 6.442105012356788052e+01
1.009857314629258429e+00 6.421231690976769357e+01
1.012084168336673251e+00 6.400778892359167571e+01
1.014311022044088073e+00 6.380717335640323995e+01
1.016537875751502895e+00 6.361017739956577799e+01
1.018764729458917717e+00 6.341650824444269574e+01
1.020991583166332539e+00 6.322568098062507147e+01
1.023218436873747361e+00 6.303640489189051976e+01
1.025445290581162183e+00 6.284717801028159556e+01
1.027672144288577005e+00 6.265649836704012188e+01
1.029898997995991827e+00 6.246286399340797857e+01
1.032125851703406649e+00 6.226525544621863872e+01
1.034352705410821471e+00 6.206518686246545258e+01
1.036579559118236293e+00 6.186500104438663783e+01
1.038806412825651115e+00 6.166704126552163245e+01
1.041033266533065937e+00 6.147365079940987442e+01
1.043260120240480759e+00 6.128676896700367394e+01
1.045486973947895581e+00 6.110525592144645657e+01
1.047713827655310403e+00 6.092655418415613156e+01
1.049940681362725448e+00 6.074809874455235104e+01
1.052167535070140270e+00 6.056732459205484531e+01
1.054394388777555092e+00 6.038190098865925393e+01
1.056621242484969914e+00 6.019217748971637860e+01
1.058848096192384736e+00 6.000021261236275194e+01
1.061074949899799558e+00 5.980809245988963596e+01
1.063301803607214380e+00 5.961790313558825005e+01
1.065528657314629202e+00 5.943166012227865025e+01
1.067755511022044024e+00 5.925009038842001274e+01
1.069982364729458846e+00 5.907279521230307040e+01
1.072209218436873668e+00 5.889933800300487832e+01
1.074436072144288490e+00 5.872928216960244185e+01
1.076662925851703312e+00 5.856217605892164357e+01
1.078889779559118134e+00 5.839708075515059704e+01
1.081116633266532956e+00 5.823247599806617103e+01
1.083343486973947778e+00 5.806680746481329436e+01
1.085570340681362600e+00 5.789852083253681059e+01
1.087797194388777422e+00 5.772609061137077191e+01
1.090024048096192244e+00 5.754944982845246670e+01
1.092250901803607066e+00 5.737064857129271189e+01
1.094477755511021888e+00 5.719190322832040607e+01
1.096704609218436710e+00 5.701543018796461837e+01
1.098931462925851532e+00 5.684343861713296775e+01
1.101158316633266354e+00 5.667715698558968285e+01
1.103385170340681176e+00 5.651584871857614445e+01
1.105612024048095998e+00 5.635854280807495797e+01
1.107838877755510820e+00 5.620426824606867910e+01
1.110065731462925642e+00 5.605205402453997010e+01
1.112292585170340464e+00 5.590092913547137243e+01
1.114519438877755286e+00 5.574992257084551284e+01
1.116746292585170330e+00 5.559806332264493278e+01
1.118973146292585152e+00 5.544438038285228743e+01
1.121199999999999974e+00 5.528790274345013955e+01
