1.000000000000000021e-02 8.781312572291662946e+03
1.222685370741482917e-02 9.345814348914944276e+03
1.445370741482965987e-02 9.615814949679308484e+03
1.668056112224448884e-02 9.653274351082278372e+03
1.890741482965931780e-02 9.511575711065590440e+03
2.113426853707414677e-02 9.236575618705799570e+03
2.336112224448897573e-02 8.868310551392016350e+03
2.558797595190380469e-02 8.441118051362467668e+03
2.781482965931863366e-02 7.983810931581218938e+03
3.004168336673346262e-02 7.519723074160567194e+03
3.226853707414829159e-02 7.067072909899978185e+03
3.449539078156312055e-02 6.639181177896624831e+03
3.672224448897795646e-02 6.244951693698154486e+03
3.894909819639278542e-02 5.889586932875375169e+03
4.117595190380761438e-02 5.575079876179582243e+03
4.340280561122244335e-02 5.301000642972101559e+03
4.562965931863727231e-02 5.064983056217982266e+03
4.785651302605210128e-02 4.863257633272933163e+03
5.008336673346693024e-02 4.691068462623436062e+03
5.231022044088175921e-02 4.543325324248555262e+03
5.453707414829658817e-02 4.414103336977515937e+03
5.676392785571141714e-02 4.298690329790016222e+03
5.899078156312624610e-02 4.198273321574588408e+03
6.121763527054107507e-02 4.104021900304225710e+03
6.344448897795590403e-02 4.004473217174757337e+03
6.567134268537073993e-02 3.892321662014181584e+03
6.789819639278556196e-02 3.769535592671085396e+03
7.012505010020039786e-02 3.639337981733542620e+03
7.235190380761521989e-02 3.504951801789624824e+03
7.457875751503004191e-02 3.369599544127994250e+03
7.680561122244487782e-02 3.235789239439018729e+03
7.903246492985969984e-02 3.103880920602803144e+03
8.125931863727453575e-02 2.973832603204689804e+03
8.348617234468937165e-02 2.845602302830024655e+03
8.571302605210419367e-02 2.719148064736225024e+03
8.793987975951902958e-02 2.594902549380678465e+03
9.016673346693385160e-02 2.474975906222301091e+03
9.239358717434868751e-02 2.361848712889417584e+03
9.462044088176350953e-02 2.258001547010357172e+03
9.684729458917834544e-02 2.165914986213441807e+03
9.907414829659316746e-02 2.087425464573628233e+03
1.013010020040080034e-01 2.021357484835782543e+03
1.035278557114228254e-01 1.965655942618732070e+03
1.057547094188376613e-01 1.918265627496974957e+03
1.079815631262524833e-01 1.877131329045009807e+03
1.102084168336673192e-01 1.840321529174492525e+03
1.124352705410821412e-01 1.806637184460996650e+03
1.146621242484969772e-01 1.775147871425168887e+03
1.168889779559118131e-01 1.744923574112058304e+03
1.191158316633266351e-01 1.715034276566712833e+03
1.213426853707414710e-01 1.684605473153998219e+03
1.235695390781562930e-01 1.653229824473183953e+03
1.257963927855711428e-01 1.620733922877685018e+03
1.280232464929859648e-01 1.586946105254889517e+03
1.302501002004007868e-01 1.551694708492184645e+03
1.324769539078156089e-01 1.514824334632282898e+03
1.347038076152304586e-01 1.476406123271996421e+03
1.369306613226452807e-01 1.436677373838773974e+03
1.391575150300601027e-01 1.395879210511235215e+03
1.413843687374749525e-01 1.354252757468000254e+03
1.436112224448897745e-01 1.312054034458495607e+03
1.458380761523045965e-01 1.269831382581351818e+03
1.480649298597194186e-01 1.228399992819153340e+03
1.502917835671342683e-01 1.188584844155433530e+03
1.525186372745490904e-01 1.151210915573727334e+03
1.547454909819639124e-01 1.117086974945428892e+03
1.569723446893787622e-01 1.086525171431009085e+03
1.591991983967935842e-01 1.059260656307282261e+03
1.614260521042084062e-01 1.034996180408042164e+03
1.636529058116232282e-01 1.013434494567084471e+03
1.658797595190380780e-01 9.942778718355770025e+02
1.681066132264529001e-01 9.771966558830415579e+02
1.703334669338677221e-01 9.618097268012589893e+02
1.725603206412825441e-01 9.477312987940123321e+02
1.747871743486973939e-01 9.345755860650839395e+02
1.770140280561122159e-01 9.219571332448276735e+02
1.792408817635270379e-01 9.095502827217209187e+02
1.814677354709418600e-01 8.971580790331584012e+02
1.836945891783567097e-01 8.846002729667947051e+02
1.859214428857715318e-01 8.716966153102850967e+02
1.881482965931863538e-01 8.582669038910788686e+02
1.903751503006012036e-01 8.441828249178189481e+02
1.926020040080160256e-01 8.294671172214503940e+02
1.948288577154308476e-01 8.141698550762481545e+02
1.970557114228456697e-01 7.983411127564867229e+02
1.992825651302605194e-01 7.820309645364403650e+02
2.015094188376753415e-01 7.653287058587886804e+02
2.037362725450901635e-01 7.484842455175135001e+02
2.059631262525049855e-01 7.317885998621420640e+02
2.081899799599198353e-01 7.155327852614736912e+02
2.104168336673346573e-01 7.000078180843087239e+02
2.126436873747494793e-01 6.854558294118203321e+02
2.148705410821643014e-01 6.718507121393354282e+02
2.170973947895791512e-01 6.590748338513449198e+02
2.193242484969939732e-01 6.470104839327416357e+02
2.215511022044087952e-01 6.355399517684188595e+02
2.237779559118236450e-01 6.245606843468783609e+02
2.260048096192384670e-01 6.140860326396160644e+02
2.282316633266532890e-01 6.041828541281259959e+02
2.304585170340681111e-01 5.949182939285387874e+02
2.326853707414829608e-01 5.863594971569843892e+02
2.349122244488977829e-01 5.785601542360949452e+02
2.371390781563126049e-01 5.714143557686516033e+02
2.393659318637274269e-01 5.647116899568486588e+02
2.415927855711422767e-01 5.582399330260053603e+02
2.438196392785570987e-01 5.517868612014411838e+02
2.460464929859719208e-01 5.451476931609943222e+02
2.482733466933867428e-01 5.382540052260953871e+02
2.505002004008015648e-01 5.311568035263351248e+02
2.527270541082163868e-01 5.239111324185906824e+02
2.549539078156312089e-01 5.165720362597403437e+02
2.571807615230460309e-01 5.091937439529823450e+02
2.594076152304609084e-01 5.018052192335090353e+02
2.616344689378757304e-01 4.944059078559225213e+02
2.638613226452905525e-01 4.869935831001329234e+02
2.660881763527053745e-01 4.795660182460507031e+02
2.683150300601201965e-01 4.721215344417603319e+02
2.705418837675350741e-01 4.646910350019585962e+02
2.727687374749498961e-01 4.573557595950666723e+02
2.749955911823647181e-01 4.502012585542620968e+02
2.772224448897795401e-01 4.433130822127215538e+02
2.794492985971943622e-01 4.367765009852799949e+02
2.816761523046091842e-01 4.306323431818574363e+02
2.839030060120240062e-01 4.248287567822304709e+02
2.861298597194388282e-01 4.193022954256339858e+02
2.883567134268537058e-01 4.139895127513029820e+02
2.905835671342685278e-01 4.088269827620179626e+02
2.928104208416833498e-01 4.037702592231439667e+02
2.950372745490981718e-01 3.988290548167251472e+02
2.972641282565129939e-01 3.940226794345690564e+02
2.994909819639278159e-01 3.893704429684838715e+02
3.017178356713426379e-01 3.848916553102769740e+02
3.039446893787575155e-01 3.805962163228508643e+02
3.061715430861723375e-01 3.764562758434704506e+02
3.083983967935871595e-01 3.724345186452992493e+02
3.106252505010019815e-01 3.684936295014928191e+02
3.128521042084168036e-01 3.645962931852063207e+02
3.150789579158316256e-01 3.607084731469009853e+02
3.173058116232464476e-01 3.568144911500997978e+02
3.195326653306612696e-01 3.529050550207397237e+02
3.217595190380761472e-01 3.489708790293648235e+02
3.239863727454909692e-01 3.450026774465191579e+02
3.262132264529057912e-01 3.409938755331592120e+02
3.284400801603206133e-01 3.369587713908487672e+02
3.306669338677354353e-01 3.329213562218299103e+02
3.328937875751502573e-01 3.289056746754256437e+02
3.351206412825650793e-01 3.249357714009593110e+02
3.373474949899799569e-01 3.210353154054009224e+02
3.395743486973947789e-01 3.172236296097284480e+02
3.418012024048096009e-01 3.135172428330332082e+02
3.440280561122244229e-01 3.099326377654521139e+02
3.462549098196392450e-01 3.064862970971215077e+02
3.484817635270540670e-01 3.031933895014041696e+02
3.507086172344688890e-01 3.000452508794818414e+02
3.529354709418837110e-01 2.970124718153475669e+02
3.551623246492985886e-01 2.940649500956568545e+02
3.573891783567134106e-01 2.911725835070654398e+02
3.596160320641282326e-01 2.883059476019495264e+02
3.618428857715430547e-01 2.854553982036073876e+02
3.640697394789578767e-01 2.826337251754171689e+02
3.662965931863726987e-01 2.798549295387284133e+02
3.685234468937875207e-01 2.771330123148904363e+02
3.707503006012023983e-01 2.744817348324244222e+02
3.729771543086172203e-01 2.719016982659065889e+02
3.752040080160320423e-01 2.693737784865429603e+02
3.774308617234468644e-01 2.668772308496241408e+02
3.796577154308616864e-01 2.643913107104403934e+02
3.818845691382765084e-01 2.618953479171252070e+02
3.841114228456913304e-01 2.593796388336757559e+02
3.863382765531061525e-01 2.568569191176764548e+02
3.885651302605210300e-01 2.543426692296699514e+02
3.907919839679358520e-01 2.518523696301985524e+02
3.930188376753506740e-01 2.494014966490233576e+02
3.952456913827654961e-01 2.470022384208161270e+02
3.974725450901803181e-01 2.446575853102159499e+02
3.996993987975951401e-01 2.423689317640345280e+02
4.019262525050099621e-01 2.401376722290836199e+02
4.041531062124248397e-01 2.379652011500250524e+02
4.063799599198396617e-01 2.358509278335172326e+02
4.086068136272544837e-01 2.337865643730665681e+02
4.108336673346693058e-01 2.317619575405135777e+02
4.130605210420841278e-01 2.297669541076986093e+02
4.152873747494989498e-01 2.277914008464621247e+02
4.175142284569137718e-01 2.258269540131226165e+02
4.197410821643285939e-01 2.238751913045120716e+02
4.219679358717434714e-01 2.219410733012826711e+02
4.241947895791582934e-01 2.200295634561945519e+02
4.264216432865731155e-01 2.181456252220075385e+02
4.286484969939879375e-01 2.162933209620440209e+02
4.308753507014027595e-01 2.144696246113644804e+02
4.331022044088175815e-01 2.126681571360958571e+02
4.353290581162324036e-01 2.108825195287096506e+02
4.375559118236472811e-01 2.091063127816774738e+02
4.397827655310621031e-01 2.073340902019960481e+02
4.420096192384769251e-01 2.055709820918802961e+02
4.442364729458917472e-01 2.038287152983200201e+02
4.464633266533065692e-01 2.021191168344758466e+02
4.486901803607213912e-01 2.004540137135087150e+02
4.509170340681362132e-01 1.988443582884594036e+02
4.531438877755510353e-01 1.972865347028378267e+02
4.553707414829659128e-01 1.957649033732744783e+02
4.575975951903807348e-01 1.942634648383896945e+02
4.598244488977955569e-01 1.927662196368035268e+02
4.620513026052103789e-01 1.912575882807466314e+02
4.642781563126252009e-01 1.897340984602574281e+02
4.665050100200400229e-01 1.882059246889182020e+02
4.687318637274548450e-01 1.866839707670022221e+02
4.709587174348696670e-01 1.851791404947830699e+02
4.731855711422845445e-01 1.837022349714589780e+02
4.754124248496993665e-01 1.822583328870227604e+02
4.776392785571141886e-01 1.808438871659211316e+02
4.798661322645290106e-01 1.794546365308118538e+02
4.820929859719438326e-01 1.780863197043527748e+02
4.843198396793586546e-01 1.767347063940109138e+02
4.865466933867734767e-01 1.754000129456874220e+02
4.887735470941883542e-01 1.740914948923989982e+02
4.910004008016031762e-01 1.728195048813174992e+02
4.932272545090179983e-01 1.715943955596146111e+02
4.954541082164328203e-01 1.704265081366575600e+02
4.976809619238476423e-01 1.693175420144085592e+02
4.999078156312624643e-01 1.682451890138871704e+02
5.021346693386772309e-01 1.671830055949983205e+02
5.043615230460920529e-01 1.661045482176465669e+02
5.065883767535069859e-01 1.649833733603202575e+02
5.088152304609218080e-01 1.638023659680176252e+02
5.110420841683366300e-01 1.625803255714787099e+02
5.132689378757514520e-01 1.613446935506321722e+02
5.154957915831662740e-01 1.601229112854066443e+02
5.177226452905810961e-01 1.589424201557307583e+02
5.199494989979959181e-01 1.578251802383232132e+02
5.221763527054107401e-01 1.567633140576711526e+02
5.244032064128255621e-01 1.557388406512481254e+02
5.266300601202403842e-01 1.547337709984377341e+02
5.288569138276552062e-01 1.537301160786235528e+02
5.310837675350701392e-01 1.527120835695897938e+02
5.333106212424849613e-01 1.516812814775304332e+02
5.355374749498997833e-01 1.506475972409149904e+02
5.377643286573146053e-01 1.496209688301917708e+02
5.399911823647294273e-01 1.486113342158089665e+02
5.422180360721442494e-01 1.476279409053761640e+02
5.444448897795590714e-01 1.466721834099641626e+02
5.466717434869738934e-01 1.457404710389893694e+02
5.488985971943887154e-01 1.448291335903376194e+02
5.511254509018035375e-01 1.439345008618946906e+02
5.533523046092183595e-01 1.430529097209032159e+02
5.555791583166331815e-01 1.421808180536096131e+02
5.578060120240480035e-01 1.413147853739994275e+02
5.600328657314628256e-01 1.404513743500486669e+02
5.622597194388776476e-01 1.395871476497334811e+02
5.644865731462925806e-01 1.387187090259989191e+02
5.667134268537074027e-01 1.378438597632065523e+02
5.689402805611222247e-01 1.369617584784956534e+02
5.711671342685370467e-01 1.360716369915237749e+02
5.733939879759518687e-01 1.351727271219484408e+02
5.756208416833666908e-01 1.342643612760307690e+02
5.778476953907815128e-01 1.333515601994948270e+02
5.800745490981963348e-01 1.324479677023481088e+02
5.823014028056111568e-01 1.315679471592940502e+02
5.845282565130259789e-01 1.307258619450361721e+02
5.867551102204408009e-01 1.299359966715342978e+02
5.889819639278556229e-01 1.292016140151239085e+02
5.912088176352704449e-01 1.285037171632624506e+02
5.934356713426852670e-01 1.278206285818070285e+02
5.956625250501000890e-01 1.271306707366147322e+02
5.978893787575150220e-01 1.264121772784727114e+02
6.001162324649298441e-01 1.256532875498673576e+02
6.023430861723446661e-01 1.248699099348653334e+02
6.045699398797594881e-01 1.240828343669159324e+02
6.067967935871743101e-01 1.233128507794685618e+02
6.090236472945891322e-01 1.225807490980283916e+02
6.112505010020039542e-01 1.219004715695729431e+02
6.134773547094187762e-01 1.212594284573102357e+02
6.157042084168335982e-01 1.206386050218424941e+02
6.179310621242484203e-01 1.200189865237719289e+02
6.201579158316632423e-01 1.193815582237007646e+02
6.223847695390780643e-01 1.187113282212520744e+02
6.246116232464928864e-01 1.180153455500964554e+02
6.268384769539077084e-01 1.173081691422026012e+02
6.290653306613225304e-01 1.166043642651869163e+02
6.312921843687374635e-01 1.159184961866657346e+02
6.335190380761522855e-01 1.152633663898446486e+02
6.357458917835671075e-01 1.146381133264857226e+02
6.379727454909819295e-01 1.140354971495002303e+02
6.401995991983967516e-01 1.134482420510472735e+02
6.424264529058115736e-01 1.128690722232860111e+02
6.446533066132263956e-01 1.122910706023665455e+02
6.468801603206412176e-01 1.117113010966612308e+02
6.491070140280560397e-01 1.111293088070781465e+02
6.513338677354708617e-01 1.105446764417921486e+02
6.535607214428856837e-01 1.099569867089780359e+02
6.557875751503005057e-01 1.093659257305455128e+02
6.580144288577153278e-01 1.087729326081058900e+02
6.602412825651301498e-01 1.081809094400537674e+02
6.624681362725449718e-01 1.075928031467888815e+02
6.646949899799599049e-01 1.070115606487109261e+02
6.669218436873747269e-01 1.064400815428407441e+02
6.691486973947895489e-01 1.058799339966643345e+02
6.713755511022043709e-01 1.053312038810174016e+02
6.736024048096191930e-01 1.047938994609100263e+02
6.758292585170340150e-01 1.042680290013523461e+02
6.780561122244488370e-01 1.037535692913851335e+02
6.802829659318636590e-01 1.032486317250696004e+02
6.825098196392784811e-01 1.027484495750099995e+02
6.847366733466933031e-01 1.022480100745706437e+02
6.869635270541081251e-01 1.017423004571157890e+02
6.891903807615229471e-01 1.012263284792414311e+02
6.914172344689377692e-01 1.006985114234180401e+02
6.936440881763525912e-01 1.001644563757425175e+02
6.958709418837674132e-01 9.963068169749296032e+01
6.980977955911823463e-01 9.910370574994749404e+01
7.003246492985971683e-01 9.859004432273626151e+01
7.025515030060119903e-01 9.809428046372472920e+01
7.047783567134268123e-01 9.761563170137620205e+01
7.070052104208416344e-01 9.715239203221548792e+01
7.092320641282564564e-01 9.670285545276745154e+01
7.114589178356712784e-01 9.626531595911707484e+01
7.136857715430861004e-01 9.583733165355985761e+01
7.159126252505009225e-01 9.541359112875329629e+01
7.181394789579157445e-01 9.498808365273335141e+01
7.203663326653305665e-01 9.455479849353589827e+01
7.225931863727453885e-01 9.410772491919688321e+01
7.248200400801602106e-01 9.364260447560937450e+01
7.270468937875750326e-01 9.316471018285817252e+01
7.292737474949898546e-01 9.268254028283857338e+01
7.315006012024047877e-01 9.220459557305426301e+01
7.337274549098196097e-01 9.173937685100911210e+01
7.359543086172344317e-01 9.129430926358233478e+01
7.381811623246492537e-01 9.086854918171151496e+01
7.404080160320640758e-01 9.045741825439036177e+01
7.426348697394788978e-01 9.005621710817808889e+01
7.448617234468937198e-01 8.966024636963375372e+01
7.470885771543085419e-01 8.926505394271863736e+01
7.493154308617233639e-01 8.886904363585804845e+01
7.515422845691381859e-01 8.847245293789207210e+01
7.537691382765530079e-01 8.807554950434720809e+01
7.559959919839678300e-01 8.767860099074997038e+01
7.582228456913826520e-01 8.728193078179322129e+01
7.604496993987974740e-01 8.688685191451780554e+01
7.626765531062122960e-01 8.649552773120763050e+01
7.649034068136272291e-01 8.611014923253185316e+01
7.671302605210420511e-01 8.573290741915980107e+01
7.693571142284568731e-01 8.536588537936840737e+01
7.715839679358716952e-01 8.500802477500101872e+01
7.738108216432865172e-01 8.465470890296667505e+01
7.760376753507013392e-01 8.430112935388234519e+01
7.782645290581161612e-01 8.394247771836492689e+01
7.804913827655309833e-01 8.357401474479040360e+01
7.827182364729458053e-01 8.319503115269758098e+01
7.849450901803606273e-01 8.281099635965249206e+01
7.871719438877754493e-01 8.242790344298632021e+01
7.893987975951902714e-01 8.205174548003044777e+01
7.916256513026050934e-01 8.168849619983163279e+01
7.938525050100199154e-01 8.134115340703577601e+01
7.960793587174347374e-01 8.100655776758256366e+01
7.983062124248496705e-01 8.068078684134843570e+01
8.005330661322644925e-01 8.035991818820983212e+01
8.027599198396793145e-01 8.004003062498776444e+01
8.049867735470941366e-01 7.971829873594786875e+01
8.072136272545089586e-01 7.939499805214357764e+01
8.094404809619237806e-01 7.907094881681820198e+01
8.116673346693386026e-01 7.874697127321499579e+01
8.138941883767534247e-01 7.842388566421230678e+01
8.161210420841682467e-01 7.810240667994492014e+01
8.183478957915830687e-01 7.778284579966067724e+01
8.205747494989978907e-01 7.746541823800005488e+01
8.228016032064127128e-01 7.715033920960351566e+01
8.250284569138275348e-01 7.683782392911152215e+01
8.272553106212423568e-01 7.652797319892860628e+01
8.294821643286571788e-01 7.622026142785934155e+01
8.317090180360721119e-01 7.591394974818493324e+01
8.339358717434869339e-01 7.560829911339938292e+01
8.361627254509017559e-01 7.530257047699674899e+01
8.383895791583165780e-01 7.499622392843238572e+01
8.406164328657314000e-01 7.469023868311373349e+01
8.428432865731462220e-01 7.438629382816624513e+01
8.450701402805610440e-01 7.408607218012132023e+01
8.472969939879758661e-01 7.379125655551024465e+01
8.495238476953906881e-01 7.350333287548923522e+01
8.517507014028055101e-01 7.322156859809479101e+01
8.539775551102203321e-01 7.294383267024724660e+01
8.562044088176351542e-01 7.266797215874822768e+01
8.584312625250499762e-01 7.239183413039916104e+01
8.606581162324647982e-01 7.211337490393039218e+01
8.628849699398796202e-01 7.183250844712823380e+01
8.651118236472945533e-01 7.155084010312764065e+01
8.673386773547093753e-01 7.127003085515639214e+01
8.695655310621241973e-01 7.099174168644228189e+01
8.717923847695390194e-01 7.071760731092395247e+01
8.740192384769538414e-01 7.044848921481268178e+01
8.762460921843686634e-01 7.018436815561345554e+01
8.784729458917834855e-01 6.992517700706970629e+01
8.806997995991983075e-01 6.967084864292486657e+01
8.829266533066131295e-01 6.942130651766801464e+01
8.851535070140279515e-01 6.917593432274139786e+01
8.873803607214427736e-01 6.893329339966484781e+01
8.896072144288575956e-01 6.869187599357195495e+01
8.918340681362724176e-01 6.845017434959633817e+01
8.940609218436872396e-01 6.820668248313879189e+01
8.962877755511020617e-01 6.796017318945723673e+01
8.985146292585168837e-01 6.770999946152664961e+01
9.007414829659318167e-01 6.745558670253724642e+01
9.029683366733466388e-01 6.719636031567932832e+01
9.051951903807614608e-01 6.693174685544697411e+01
9.074220440881762828e-01 6.666234817966279991e+01
9.096488977955911048e-01 6.639215682781365047e+01
9.118757515030059269e-01 6.612577315146580759e+01
9.141026052104207489e-01 6.586779750218549623e+01
9.163294589178355709e-01 6.562283023141105787e+01
9.185563126252503929e-01 6.539378173317707876e+01
9.207831663326652150e-01 6.517688816386998951e+01
9.230100200400800370e-01 6.496673824820557286e+01
9.252368737474948590e-01 6.475792071089944102e+01
9.274637274549096810e-01 6.454502427666731990e+01
9.296905811623245031e-01 6.432368547771119438e+01
9.319174348697393251e-01 6.409531483835088750e+01
9.341442885771542581e-01 6.386330106307811860e+01
9.363711422845690802e-01 6.363103460857632143e+01
9.385979959919839022e-01 6.340190593152889420e+01
9.408248496993987242e-01 6.317891699446288101e+01
9.430517034068135462e-01 6.296208566398846074e+01
9.452785571142283683e-01 6.275004684189836013e+01
9.475054108216431903e-01 6.254142787033377715e+01
9.497322645290580123e-01 6.233485609143595241e+01
9.519591182364728343e-01 6.212899987222729692e+01
9.541859719438876564e-01 6.192299336106491836e+01
9.564128256513024784e-01 6.171626600715645594e+01
9.586396793587173004e-01 6.150825195281481683e+01
9.608665330661321224e-01 6.129838534035294373e+01
9.630933867735469445e-01 6.108616529387112593e+01
9.653202404809617665e-01 6.087222212871389360e+01
9.675470941883766995e-01 6.065814610957544062e+01
9.697739478957915216e-01 6.044555794502591084e+01
9.720008016032063436e-01 6.023607834363543390e+01
9.742276553106211656e-01 6.003128616493118130e+01
9.764545090180359876e-01 5.983154354177229095e+01
9.786813627254508097e-01 5.963583526817477320e+01
9.809082164328656317e-01 5.944307201179281464e+01
9.831350701402804537e-01 5.925216444028066576e+01
9.853619238476952757e-01 5.906202782029723153e+01
9.875887775551100978e-01 5.887184495035813114e+01
9.898156312625249198e-01 5.868120853944363802e+01
9.920424849699397418e-01 5.848974600667536095e+01
9.942693386773545638e-01 5.829708477117500109e+01
9.964961923847693859e-01 5.810285592199533511e+01
9.987230460921842079e-01 5.790722657781751082e+01
1.000949899799599141e+00 5.771145845224634741e+01
1.003176753507013963e+00 5.751694683083039195e+01
1.005403607214428785e+00 5.732508699911809202e+01
1.007630460921843607e+00 5.713727387190003526e+01
1.009857314629258429e+00 5.695445439758542250e+01
1.012084168336673251e+00 5.677625797668641638e+01
1.014311022044088073e+00 5.660207299892074673e+01
1.016537875751502895e+00 5.643128785400610070e+01
1.018764729458917717e+00 5.626329093166019391e+01
1.020991583166332539e+00 5.609732296072647273e+01
1.023218436873747361e+00 5.593200527966255464e+01
1.025445290581162183e+00 5.576579684624884692e+01
1.027672144288577005e+00 5.559715661765023498e+01
1.029898997995991827e+00 5.542454355103169661e+01
1.032125851703406649e+00 5.524698123123435067e+01
1.034352705410821471e+00 5.506645791378811339e+01
1.036579559118236293e+00 5.488593151746908205e+01
1.038806412825651115e+00 5.470836051254682530e+01
1.041033266533065937e+00 5.453670336929090467e+01
1.043260120240480759e+00 5.437339362009819155e+01
1.045486973947895581e+00 5.421686340747299226e+01
1.047713827655310403e+00 5.406370265627830918e+01
1.049940681362725448e+00 5.391049150351771857e+01
1.052167535070140270e+00 5.375381008619485357e+01
1.054394388777555092e+00 5.359054362384745218e+01
1.056621242484969914e+00 5.342106776029976345e+01
1.058848096192384736e+00 5.324798364268163908e+01
1.061074949899799558e+00 5.307392834231917789e+01
1.063301803607214380e+00 5.290153893053840761e+01
1.065528657314629202e+00 5.273337248437408675e+01
1.067755511022044024e+00 5.257052653532996800e+01
1.069982364729458846e+00 5.241282350606771701e+01
1.072209218436873668e+00 5.226004292345890434e+01
1.074436072144288490e+00 5.211196431437505794e+01
1.076662925851703312e+00 5.196833228953123296e+01
1.078889779559118134e+00 5.182776192473375687e+01
1.081116633266532956e+00 5.168752066772223230e+01
1.083343486973947778e+00 5.154479700485295268e+01
1.085570340681362600e+00 5.139677942248216169e+01
1.087797194388777422e+00 5.124071157047170999e+01
1.090024048096192244e+00 5.107662754508719161e+01
1.092250901803607066e+00 5.090861181944441682e+01
1.094477755511021888e+00 5.074106703490682690e+01
1.096704609218436710e+00 5.057839583283790574e+01
1.098931462925851532e+00 5.042498455871719187e+01
1.101158316633266354e+00 5.028300654414832849e+01
1.103385170340681176e+00 5.015020085596281518e+01
1.105612024048095998e+00 5.002377754542586530e+01
1.107838877755510820e+00 4.990094666380267796e+01
1.110065731462925642e+00 4.977891826235848782e+01
1.112292585170340464e+00 4.965490239235850822e+01
1.114519438877755286e+00 4.952610910506794539e+01
1.116746292585170330e+00 4.938974845175199846e+01
1.118973146292585152e+00 4.924303048367592339e+01
1.121199999999999974e+00 4.908316525210490511e+01
