1.000000000000000021e-02 1.328002420076748604e+04
1.222685370741482917e-02 1.412713809515937464e+04
1.445370741482965987e-02 1.452827119583100466e+04
1.668056112224448884e-02 1.457768662553195827e+04
1.890741482965931780e-02 1.435671494822688328e+04
2.113426853707414677e-02 1.393517394027459886e+04
2.336112224448897573e-02 1.337356417609025084e+04
2.558797595190380469e-02 1.272395606368097287e+04
2.781482965931863366e-02 1.203023961423083711e+04
3.004168336673346262e-02 1.132742053905369175e+04
3.226853707414829159e-02 1.064279209708095186e+04
3.449539078156312055e-02 9.996494686934031051e+03
3.672224448897795646e-02 9.401602960469968821e+03
3.894909819639278542e-02 8.865764072471569307e+03
4.117595190380761438e-02 8.391773266766524102e+03
4.340280561122244335e-02 7.978728780624877800e+03
4.562965931863727231e-02 7.622979037917690221e+03
4.785651302605210128e-02 7.318685536609029441e+03
5.008336673346693024e-02 7.058508150736538482e+03
5.231022044088175921e-02 6.834973092286127212e+03
5.453707414829658817e-02 6.638902782367029431e+03
5.676392785571141714e-02 6.463616320649561203e+03
5.899078156312624610e-02 6.314996143843976824e+03
6.121763527054107507e-02 6.177492872970370627e+03
6.344448897795590403e-02 6.029922059768681720e+03
6.567134268537073993e-02 5.858936595357312399e+03
6.789819639278556196e-02 5.668672907690865031e+03
7.012505010020039786e-02 5.465632658566060854e+03
7.235190380761521989e-02 5.256317509779623833e+03
7.457875751503004191e-02 5.047228068376258307e+03
7.680561122244487782e-02 4.843299224224423597e+03
7.903246492985969984e-02 4.644758599816179412e+03
8.125931863727453575e-02 4.450952809810453800e+03
8.348617234468937165e-02 4.261228468866180265e+03
8.571302605210419367e-02 4.074932238877657710e+03
8.793987975951902958e-02 3.892166327938002269e+03
9.016673346693385160e-02 3.715703361014356233e+03
9.239358717434868751e-02 3.548905652564102184e+03
9.462044088176350953e-02 3.395135517044632707e+03
9.684729458917834544e-02 3.257755268913329019e+03
9.907414829659316746e-02 3.139296049653895352e+03
1.013010020040080034e-01 3.038402544218623007e+03
1.035278557114228254e-01 2.952584433309897577e+03
1.057547094188376613e-01 2.879351260795421695e+03
1.079815631262524833e-01 2.816212570542898447e+03
1.102084168336673192e-01 2.760736151015561518e+03
1.124352705410821412e-01 2.710834700406049706e+03
1.146621242484969772e-01 2.664547405422073552e+03
1.168889779559118131e-01 2.619913644667581593e+03
1.191158316633266351e-01 2.574972796746519634e+03
1.213426853707414710e-01 2.527928500028080180e+03
1.235695390781562930e-01 2.478366777566804103e+03
1.257963927855711428e-01 2.426565876406328243e+03
1.280232464929859648e-01 2.372809205814926372e+03
1.302501002004007868e-01 2.317380175060872716e+03
1.324769539078156089e-01 2.260561223016222812e+03
1.347038076152304586e-01 2.202621273085061148e+03
1.369306613226452807e-01 2.143819335401790795e+03
1.391575150300601027e-01 2.084414191912144361e+03
1.413843687374749525e-01 2.024664624561854680e+03
1.436112224448897745e-01 1.964844424438068472e+03
1.458380761523045965e-01 1.905521932768044508e+03
1.480649298597194186e-01 1.847534375247869775e+03
1.502917835671342683e-01 1.791728840202752053e+03
1.525186372745490904e-01 1.738952415957900030e+03
1.547454909819639124e-01 1.690036817930516236e+03
1.569723446893787622e-01 1.645342820760211225e+03
1.591991983967935842e-01 1.604684035183946662e+03
1.614260521042084062e-01 1.567843346777721536e+03
1.636529058116232282e-01 1.534603641117535290e+03
1.658797595190380780e-01 1.504745904890216252e+03
1.681066132264529001e-01 1.477924225323068185e+03
1.703334669338677221e-01 1.453588153887814997e+03
1.725603206412825441e-01 1.431168698049545128e+03
1.747871743486973939e-01 1.410096865273344520e+03
1.770140280561122159e-01 1.389804215078406514e+03
1.792408817635270379e-01 1.369822212986686282e+03
1.814677354709418600e-01 1.349897351264425197e+03
1.836945891783567097e-01 1.329804033837716361e+03
1.859214428857715318e-01 1.309316664632654010e+03
1.881482965931863538e-01 1.288209725443756724e+03
1.903751503006012036e-01 1.266343592711931933e+03
1.926020040080160256e-01 1.243828691372191543e+03
1.948288577154308476e-01 1.220820696725517337e+03
1.970557114228456697e-01 1.197475284072892237e+03
1.992825651302605194e-01 1.173948128715298708e+03
2.015094188376753415e-01 1.150406736148955588e+03
2.037362725450901635e-01 1.127067057323916742e+03
2.059631262525049855e-01 1.104157442372299329e+03
2.081899799599198353e-01 1.081906241432032402e+03
2.104168336673346573e-01 1.060541804641047293e+03
2.126436873747494793e-01 1.040254587843354557e+03
2.148705410821643014e-01 1.021027117316663748e+03
2.170973947895791512e-01 1.002770971877838747e+03
2.193242484969939732e-01 9.853976697259435014e+02
2.215511022044087952e-01 9.688187290600428696e+02
2.237779559118236450e-01 9.529543328489296528e+02
2.260048096192384670e-01 9.377909200045670559e+02
2.282316633266532890e-01 9.233455161728167013e+02
2.304585170340681111e-01 9.096353114244693643e+02
2.326853707414829608e-01 8.966774958303149106e+02
2.349122244488977829e-01 8.844774468019136293e+02
2.371390781563126049e-01 8.729004197714356224e+02
2.393659318637274269e-01 8.617199214257504991e+02
2.415927855711422767e-01 8.507078676116732368e+02
2.438196392785570987e-01 8.396361741760181303e+02
2.460464929859719208e-01 8.282881768212615725e+02
2.482733466933867428e-01 8.166564412858464266e+02
2.505002004008015648e-01 8.049167889174965467e+02
2.527270541082163868e-01 7.932512374048109223e+02
2.549539078156312089e-01 7.818418044363884292e+02
2.571807615230460309e-01 7.708658266180171950e+02
2.594076152304609084e-01 7.603556067581126854e+02
2.616344689378757304e-01 7.501740007484983153e+02
2.638613226452905525e-01 7.401742636995791145e+02
2.660881763527053745e-01 7.302096507217607950e+02
2.683150300601201965e-01 7.201352692029928448e+02
2.705418837675350741e-01 7.099163829856152006e+02
2.727687374749498961e-01 6.996884371745949238e+02
2.749955911823647181e-01 6.896014507229574519e+02
2.772224448897795401e-01 6.798054425837270855e+02
2.794492985971943622e-01 6.704499816185657437e+02
2.816761523046091842e-01 6.616131765361188855e+02
2.839030060120240062e-01 6.532241118125763251e+02
2.861298597194388282e-01 6.451932289424139526e+02
2.883567134268537058e-01 6.374309694201086813e+02
2.905835671342685278e-01 6.298477968339658446e+02
2.928104208416833498e-01 6.223747672388651608e+02
2.950372745490981718e-01 6.150016974711498960e+02
2.972641282565129939e-01 6.077288170485845740e+02
2.994909819639278159e-01 6.005563554889353099e+02
3.017178356713426379e-01 5.934845423099662867e+02
3.039446893787575155e-01 5.865189127597875540e+02
3.061715430861723375e-01 5.796862869793105801e+02
3.083983967935871595e-01 5.730188218707155556e+02
3.106252505010019815e-01 5.665486743361889239e+02
3.128521042084168036e-01 5.603080012779158778e+02
3.150789579158316256e-01 5.543162254263137356e+02
3.173058116232464476e-01 5.485214670046805168e+02
3.195326653306612696e-01 5.428470431806564420e+02
3.217595190380761472e-01 5.372162460914413487e+02
3.239863727454909692e-01 5.315523678742347329e+02
3.262132264529057912e-01 5.257899113582845985e+02
3.284400801603206133e-01 5.199496943178020274e+02
3.306669338677354353e-01 5.140926181680921445e+02
3.328937875751502573e-01 5.082798053428621188e+02
3.351206412825650793e-01 5.025723782758191192e+02
3.373474949899799569e-01 4.970275270991705838e+02
3.395743486973947789e-01 4.916569462220599576e+02
3.418012024048096009e-01 4.864430808197485590e+02
3.440280561122244229e-01 4.813678931801043746e+02
3.462549098196392450e-01 4.764133455909952204e+02
3.484817635270540670e-01 4.715619419871564446e+02
3.507086172344688890e-01 4.668060103380218493e+02
3.529354709418837110e-01 4.621464299772708841e+02
3.551623246492985886e-01 4.575843658144708002e+02
3.573891783567134106e-01 4.531209827591895873e+02
3.596160320641282326e-01 4.487573005689287697e+02
3.618428857715430547e-01 4.444901028070296434e+02
3.640697394789578767e-01 4.403113685045823900e+02
3.662965931863726987e-01 4.362128173079427143e+02
3.685234468937875207e-01 4.321861688634659799e+02
3.707503006012023983e-01 4.282231267245864501e+02
3.729771543086172203e-01 4.243145108750318286e+02
3.752040080160320423e-01 4.204498169462013379e+02
3.774308617234468644e-01 4.166184317684293319e+02
3.796577154308616864e-01 4.128097421720494822e+02
3.818845691382765084e-01 4.090131840819970535e+02
3.841114228456913304e-01 4.052254209191834775e+02
3.863382765531061525e-01 4.014579047489836512e+02
3.885651302605210300e-01 3.977238966025901163e+02
3.907919839679358520e-01 3.940366575111954148e+02
3.930188376753506740e-01 3.904094466233864864e+02
3.952456913827654961e-01 3.868540244914733535e+02
3.974725450901803181e-01 3.833779597802553667e+02
3.996993987975951401e-01 3.799880938143194840e+02
4.019262525050099621e-01 3.766912679182524926e+02
4.041531062124248397e-01 3.734943234089642488e+02
4.063799599198396617e-01 3.703970132703029208e+02
4.086068136272544837e-01 3.673716060440418119e+02
4.108336673346693058e-01 3.643837097671365655e+02
4.130605210420841278e-01 3.613989324765424840e+02
4.152873747494989498e-01 3.583828822092152677e+02
4.175142284569137718e-01 3.553110798836799518e+02
4.197410821643285939e-01 3.522133989514651375e+02
4.219679358717434714e-01 3.491382452842908037e+02
4.241947895791582934e-01 3.461340404881163977e+02
4.264216432865731155e-01 3.432492061689010825e+02
4.286484969939879375e-01 3.405234897584816167e+02
4.308753507014027595e-01 3.379284032190045082e+02
4.331022044088175815e-01 3.354031817649971572e+02
4.353290581162324036e-01 3.328868683382141285e+02
4.375559118236472811e-01 3.303185058804099867e+02
4.397827655310621031e-01 3.276435571027352012e+02
4.420096192384769251e-01 3.248787866532765634e+02
4.442364729458917472e-01 3.220854279928394703e+02
4.464633266533065692e-01 3.193253898252335716e+02
4.486901803607213912e-01 3.166605808542688010e+02
4.509170340681362132e-01 3.141492705102279501e+02
4.531438877755510353e-01 3.117891130220559717e+02
4.553707414829659128e-01 3.095277344649927613e+02
4.575975951903807348e-01 3.073112635389136926e+02
4.598244488977955569e-01 3.050858289436935706e+02
4.620513026052103789e-01 3.027991393028560765e+02
4.642781563126252009e-01 3.004444499506185480e+02
4.665050100200400229e-01 2.980663550165571110e+02
4.687318637274548450e-01 2.957121921771299071e+02
4.709587174348696670e-01 2.934292991087960445e+02
4.731855711422845445e-01 2.912643612564785940e+02
4.754124248496993665e-01 2.892277223253320813e+02
4.776392785571141886e-01 2.872749457146106806e+02
4.798661322645290106e-01 2.853570590878983353e+02
4.820929859719438326e-01 2.834250901087788179e+02
4.843198396793586546e-01 2.814302739471550012e+02
4.865466933867734767e-01 2.793536250614722007e+02
4.887735470941883542e-01 2.772366936531400370e+02
4.910004008016031762e-01 2.751283773343081407e+02
4.932272545090179983e-01 2.730775737171259721e+02
4.954541082164328203e-01 2.711331526707982675e+02
4.976809619238476423e-01 2.693230229452707931e+02
4.999078156312624643e-01 2.676168617489076951e+02
5.021346693386772309e-01 2.659743157729087102e+02
5.043615230460920529e-01 2.643550317084731773e+02
5.065883767535069859e-01 2.627186562666127543e+02
5.088152304609218080e-01 2.610347813022111723e+02
5.110420841683366300e-01 2.593112874630546685e+02
5.132689378757514520e-01 2.575652685332377132e+02
5.154957915831662740e-01 2.558138182968545777e+02
5.177226452905810961e-01 2.540740305379997324e+02
5.199494989979959181e-01 2.523613782233026086e+02
5.221763527054107401e-01 2.506825113763977129e+02
5.244032064128255621e-01 2.490410924269876887e+02
5.266300601202403842e-01 2.474407814220040791e+02
5.288569138276552062e-01 2.458852384083782283e+02
5.310837675350701392e-01 2.443766864784992094e+02
5.333106212424849613e-01 2.429059664244213366e+02
5.355374749498997833e-01 2.414585031068124863e+02
5.377643286573146053e-01 2.400196883312080161e+02
5.399911823647294273e-01 2.385749139031432549e+02
5.422180360721442494e-01 2.371109942370189856e+02
5.444448897795590714e-01 2.356309238250978808e+02
5.466717434869738934e-01 2.341479685191834506e+02
5.488985971943887154e-01 2.326755579942458212e+02
5.511254509018035375e-01 2.312271219252550623e+02
5.533523046092183595e-01 2.298152911332990413e+02
5.555791583166331815e-01 2.284390210085495028e+02
5.578060120240480035e-01 2.270857827686326118e+02
5.600328657314628256e-01 2.257426912228292508e+02
5.622597194388776476e-01 2.243968611804206148e+02
5.644865731462925806e-01 2.230358035118056819e+02
5.667134268537074027e-01 2.216585733490553594e+02
5.689402805611222247e-01 2.202773105788819237e+02
5.711671342685370467e-01 2.189048607638699764e+02
5.733939879759518687e-01 2.175540694666038632e+02
5.756208416833666908e-01 2.162376460907711930e+02
5.778476953907815128e-01 2.149606000283344542e+02
5.800745490981963348e-01 2.137162680739156428e+02
5.823014028056111568e-01 2.124970129845229962e+02
5.845282565130259789e-01 2.112951975171648087e+02
5.867551102204408009e-01 2.101032014263321344e+02
5.889819639278556229e-01 2.089157830677596053e+02
5.912088176352704449e-01 2.077325045312752252e+02
5.934356713426852670e-01 2.065535064228541273e+02
5.956625250501000890e-01 2.053789293484713312e+02
5.978893787575150220e-01 2.042089167305501007e+02
6.001162324649298441e-01 2.030460811370914769e+02
6.023430861723446661e-01 2.019000275858215048e+02
6.045699398797594881e-01 2.007815903046474091e+02
6.067967935871743101e-01 1.997016035214764429e+02
6.090236472945891322e-01 1.986709014565571749e+02
6.112505010020039542e-01 1.976937166966542918e+02
6.134773547094187762e-01 1.967487031697595228e+02
6.157042084168335982e-01 1.958083206590657142e+02
6.179310621242484203e-01 1.948450289477656270e+02
6.201579158316632423e-01 1.938312878190521644e+02
6.223847695390780643e-01 1.927464434889526217e+02
6.246116232464928864e-01 1.916075725950051094e+02
6.268384769539077084e-01 1.904446074744053874e+02
6.290653306613225304e-01 1.892874913099268213e+02
6.312921843687374635e-01 1.881661672843425492e+02
6.335190380761522855e-01 1.871071798549326104e+02
6.357458917835671075e-01 1.861107454918385713e+02
6.379727454909819295e-01 1.851647899981708463e+02
6.401995991983967516e-01 1.842571698824455098e+02
6.424264529058115736e-01 1.833757416531788067e+02
6.446533066132263956e-01 1.825087676786503721e+02
6.468801603206412176e-01 1.816490141417975792e+02
6.491070140280560397e-01 1.807920542864181641e+02
6.513338677354708617e-01 1.799335039027405969e+02
6.535607214428856837e-01 1.790689787809932625e+02
6.557875751503005057e-01 1.781944740656959993e+02
6.580144288577153278e-01 1.773124153854219855e+02
6.602412825651301498e-01 1.764305951037234479e+02
6.624681362725449718e-01 1.755569700054462601e+02
6.646949899799599049e-01 1.746994968754363811e+02
6.669218436873747269e-01 1.738658064321179211e+02
6.691486973947895489e-01 1.730543556097778151e+02
6.713755511022043709e-01 1.722533880575501257e+02
6.736024048096191930e-01 1.714506127067539296e+02
6.758292585170340150e-01 1.706337384887084454e+02
6.780561122244488370e-01 1.697906235210038517e+02
6.802829659318636590e-01 1.689179673112396074e+02
6.825098196392784811e-01 1.680261107644535343e+02
6.847366733466933031e-01 1.671265609348916712e+02
6.869635270541081251e-01 1.662308248767999714e+02
6.891903807615229471e-01 1.653503929699663217e+02
6.914172344689377692e-01 1.644939854653270572e+02
6.936440881763525912e-01 1.636644811322761370e+02
6.958709418837674132e-01 1.628640183587693002e+02
6.980977955911823463e-01 1.620947355327620585e+02
7.003246492985971683e-01 1.613587668647580813e+02
7.025515030060119903e-01 1.606551069691501539e+02
7.047783567134268123e-01 1.599740345707304812e+02
7.070052104208416344e-01 1.593043281849331549e+02
7.092320641282564564e-01 1.586347663271922670e+02
7.114589178356712784e-01 1.579541275150201898e+02
7.136857715430861004e-01 1.572546669791551324e+02
7.159126252505009225e-01 1.565421968823992245e+02
7.181394789579157445e-01 1.558258333305908820e+02
7.203663326653305665e-01 1.551146924295684641e+02
7.225931863727453885e-01 1.544178902851702730e+02
7.248200400801602106e-01 1.537425418353093960e+02
7.270468937875750326e-01 1.530848767120352534e+02
7.292737474949898546e-01 1.524374412214833399e+02
7.315006012024047877e-01 1.517927787511872850e+02
7.337274549098196097e-01 1.511434326886809174e+02
7.359543086172344317e-01 1.504830731544438152e+02
7.381811623246492537e-01 1.498140317265562089e+02
7.404080160320640758e-01 1.491426568148230274e+02
7.426348697394788978e-01 1.484753188498329735e+02
7.448617234468937198e-01 1.478183882621744374e+02
7.470885771543085419e-01 1.471775983345600594e+02
7.493154308617233639e-01 1.465513236770228787e+02
7.515422845691381859e-01 1.459332141428184002e+02
7.537691382765530079e-01 1.453168418561418775e+02
7.559959919839678300e-01 1.446957789411882800e+02
7.582228456913826520e-01 1.440640967992096648e+02
7.604496993987974740e-01 1.434247331171730764e+02
7.626765531062122960e-01 1.427882434584100508e+02
7.649034068136272291e-01 1.421654311774556447e+02
7.671302605210420511e-01 1.415670996288452557e+02
7.693571142284568731e-01 1.410036481996447151e+02
7.715839679358716952e-01 1.404737164219161514e+02
7.738108216432865172e-01 1.399626231733747659e+02
7.760376753507013392e-01 1.394549696837990496e+02
7.782645290581161612e-01 1.389353571829673513e+02
7.804913827655309833e-01 1.383885648263937469e+02
7.827182364729458053e-01 1.378097398843677581e+02
7.849450901803606273e-01 1.372099258824428034e+02
7.871719438877754493e-01 1.366015135926735411e+02
7.893987975951902714e-01 1.359968937871147716e+02
7.916256513026050934e-01 1.354084240341796317e+02
7.938525050100199154e-01 1.348433549106337637e+02
7.960793587174347374e-01 1.342983707114061360e+02
7.983062124248496705e-01 1.337688461631147447e+02
8.005330661322644925e-01 1.332501559923776426e+02
8.027599198396793145e-01 1.327376763840891840e+02
8.049867735470941366e-01 1.322280548057739509e+02
8.072136272545089586e-01 1.317215363676928632e+02
8.094404809619237806e-01 1.312189981418877096e+02
8.116673346693386026e-01 1.307213172003999375e+02
8.138941883767534247e-01 1.302293706122570143e+02
8.161210420841682467e-01 1.297431635724768455e+02
8.183478957915830687e-01 1.292593707222682156e+02
8.205747494989978907e-01 1.287738715495703161e+02
8.228016032064127128e-01 1.282825455423221399e+02
8.250284569138275348e-01 1.277812721884628360e+02
8.272553106212423568e-01 1.272670426036133904e+02
8.294821643286571788e-01 1.267429339348417727e+02
8.317090180360721119e-01 1.262140955209304281e+02
8.339358717434869339e-01 1.256856784377556409e+02
8.361627254509017559e-01 1.251628337611936530e+02
8.383895791583165780e-01 1.246503773203769185e+02
8.406164328657314000e-01 1.241505674855771133e+02
8.428432865731462220e-01 1.236644843882737916e+02
8.450701402805610440e-01 1.231932018814664929e+02
8.472969939879758661e-01 1.227377938181546568e+02
8.495238476953906881e-01 1.222990841805769691e+02
8.517507014028055101e-01 1.218750816026321218e+02
8.539775551102203321e-01 1.214620199328213772e+02
8.562044088176351542e-01 1.210561052526052777e+02
8.584312625250499762e-01 1.206535436434440953e+02
8.606581162324647982e-01 1.202506182484283812e+02
8.628849699398796202e-01 1.198449930524252380e+02
8.651118236472945533e-01 1.194355250640125519e+02
8.673386773547093753e-01 1.190211105379061536e+02
8.695655310621241973e-01 1.186006457288216751e+02
8.717923847695390194e-01 1.181730885926123307e+02
8.740192384769538414e-01 1.177392132374497180e+02
8.762460921843686634e-01 1.173018624214322898e+02
8.784729458917834855e-01 1.168639913717298811e+02
8.806997995991983075e-01 1.164285553155124830e+02
8.829266533066131295e-01 1.159984770325212793e+02
8.851535070140279515e-01 1.155748199278338859e+02
8.873803607214427736e-01 1.151558145771603705e+02
8.896072144288575956e-01 1.147394535331179384e+02
8.918340681362724176e-01 1.143237293483237380e+02
8.940609218436872396e-01 1.139066473360833953e+02
8.962877755511020617e-01 1.134882223498422888e+02
8.985146292585168837e-01 1.130726515057580315e+02
9.007414829659318167e-01 1.126646538774765247e+02
9.029683366733466388e-01 1.122689485386437127e+02
9.051951903807614608e-01 1.118902518370439054e+02
9.074220440881762828e-01 1.115304974372594842e+02
9.096488977955911048e-01 1.111835911248712989e+02
9.118757515030059269e-01 1.108419996114590731e+02
9.141026052104207489e-01 1.104981896086026154e+02
9.163294589178355709e-01 1.101446278280740358e+02
9.185563126252503929e-01 1.097763220678794767e+02
9.207831663326652150e-01 1.093983157715229169e+02
9.230100200400800370e-01 1.090181295253824345e+02
9.252368737474948590e-01 1.086432839158360224e+02
9.274637274549096810e-01 1.082812995292617018e+02
9.296905811623245031e-01 1.079378730348240083e+02
9.319174348697393251e-01 1.076086503206496729e+02
9.341442885771542581e-01 1.072858338590526017e+02
9.363711422845690802e-01 1.069616230723089529e+02
9.385979959919839022e-01 1.066282173826948707e+02
9.408248496993987242e-01 1.062790365958298509e+02
9.430517034068135462e-01 1.059168745089165213e+02
9.452785571142283683e-01 1.055488692502117374e+02
9.475054108216431903e-01 1.051821826952347010e+02
9.497322645290580123e-01 1.048239767195048842e+02
9.519591182364728343e-01 1.044808433180776603e+02
9.541859719438876564e-01 1.041529042739023936e+02
9.564128256513024784e-01 1.038361793181809105e+02
9.586396793587173004e-01 1.035266229897497681e+02
9.608665330661321224e-01 1.032201898274455232e+02
9.630933867735469445e-01 1.029129555361159873e+02
9.653202404809617665e-01 1.026031050566985670e+02
9.675470941883766995e-01 1.022906132660259999e+02
9.697739478957915216e-01 1.019755118070367246e+02
9.720008016032063436e-01 1.016578323226692362e+02
9.742276553106211656e-01 1.013375939203774578e+02
9.764545090180359876e-01 1.010144512486657078e+02
9.786813627254508097e-01 1.006876463872325616e+02
9.809082164328656317e-01 1.003563992119270409e+02
9.831350701402804537e-01 1.000199295985982246e+02
9.853619238476952757e-01 9.967749465420473598e+01
9.875887775551100978e-01 9.933051728210827491e+01
9.898156312625249198e-01 9.898373880397402047e+01
9.920424849699397418e-01 9.864218153641229492e+01
9.942693386773545638e-01 9.831086779603342052e+01
9.964961923847693859e-01 9.799480180317156908e+01
9.987230460921842079e-01 9.769634463860354856e+01
1.000949899799599141e+00 9.741245998156404085e+01
1.003176753507013963e+00 9.713945287365065440e+01
1.005403607214428785e+00 9.687362835646078452e+01
1.007630460921843607e+00 9.661129201547045398e+01
1.009857314629258429e+00 9.634940657465836011e+01
1.012084168336673251e+00 9.608686751788911806e+01
1.014311022044088073e+00 9.582292387670227640e+01
1.016537875751502895e+00 9.555682468263736951e+01
1.018764729458917717e+00 9.528781896723400280e+01
1.020991583166332539e+00 9.501528677004677093e+01
1.023218436873747361e+00 9.473915766757004064e+01
1.025445290581162183e+00 9.445950530405021084e+01
1.027672144288577005e+00 9.417640332427961880e+01
1.029898997995991827e+00 9.388992537305078656e+01
1.032125851703406649e+00 9.360060757440706425e+01
1.034352705410821471e+00 9.331141437593542776e+01
1.036579559118236293e+00 9.302610446388790422e+01
1.038806412825651115e+00 9.274843697623765593e+01
1.041033266533065937e+00 9.248217105095787360e+01
1.043260120240480759e+00 9.223025344811003379e+01
1.045486973947895581e+00 9.198943849826277130e+01
1.047713827655310403e+00 9.175362957190317559e+01
1.049940681362725448e+00 9.151671489212434096e+01
1.052167535070140270e+00 9.127258268201943281e+01
1.054394388777555092e+00 9.101570345466411993e+01
1.056621242484969914e+00 9.074720965513454018e+01
1.058848096192384736e+00 9.047248139310919157e+01
1.061074949899799558e+00 9.019696734430105778e+01
1.063301803607214380e+00 8.992611618442315091e+01
1.065528657314629202e+00 8.966511178872418952e+01
1.067755511022044024e+00 8.941430658350901695e+01
1.069982364729458846e+00 8.916983207621605345e+01
1.072209218436873668e+00 8.892767777883686620e+01
1.074436072144288490e+00 8.868383320336292286e+01
1.076662925851703312e+00 8.843440090805627563e+01
1.078889779559118134e+00 8.817914048911227098e+01
1.081116633266532956e+00 8.792217468982492790e+01
1.083343486973947778e+00 8.766788190275777026e+01
1.085570340681362600e+00 8.742064052047429357e+01
1.087797194388777422e+00 8.718475770207108155e+01
1.090024048096192244e+00 8.696093726110800048e+01
1.092250901803607066e+00 8.674465269841586235e+01
1.094477755511021888e+00 8.653096665936746490e+01
1.096704609218436710e+00 8.631494178933570538e+01
1.098931462925851532e+00 8.609165872932179298e+01
1.101158316633266354e+00 8.585864196293086081e+01
1.103385170340681176e+00 8.561831275515946515e+01
1.105612024048095998e+00 8.537367656561454510e+01
1.107838877755510820e+00 8.512773885390302553e+01
1.110065731462925642e+00 8.488350507963190239e+01
1.112292585170340464e+00 8.464398070240810057e+01
1.114519438877755286e+00 8.441217118183851653e+01
1.116746292585170330e+00 8.419108197753010359e+01
1.118973146292585152e+00 8.398371854908988610e+01
1.121199999999999974e+00 8.379308635612473211e+01
