    1.02795e-05     2.49751e+01
    1.03470e-05     2.51333e+01
    1.04150e-05     2.52927e+01
    1.04834e-05     2.54530e+01
    1.05523e-05     2.56144e+01
    1.06216e-05     2.57767e+01
    1.06914e-05     2.59402e+01
    1.07617e-05     2.61047e+01
    1.08324e-05     2.62702e+01
    1.09035e-05     2.64366e+01
    1.09752e-05     2.66043e+01
    1.10473e-05     2.67730e+01
    1.11198e-05     2.69425e+01
    1.11929e-05     2.71134e+01
    1.12664e-05     2.72852e+01
    1.13405e-05     2.74584e+01
    1.14150e-05     2.76324e+01
    1.14900e-05     2.78076e+01
    1.15655e-05     2.79839e+01
    1.16414e-05     2.81611e+01
    1.17179e-05     2.83396e+01
    1.17949e-05     2.85193e+01
    1.18724e-05     2.87001e+01
    1.19504e-05     2.88821e+01
    1.20289e-05     2.90651e+01
    1.21079e-05     2.92493e+01
    1.21875e-05     2.94349e+01
    1.22676e-05     2.96215e+01
    1.23482e-05     2.98093e+01
    1.24293e-05     2.99982e+01
    1.25110e-05     3.01885e+01
    1.25932e-05     3.03799e+01
    1.26759e-05     3.05724e+01
    1.27592e-05     3.07662e+01
    1.28430e-05     3.09612e+01
    1.29274e-05     3.11575e+01
    1.30123e-05     3.13549e+01
    1.30978e-05     3.15537e+01
    1.31838e-05     3.17536e+01
    1.32705e-05     3.19551e+01
    1.33577e-05     3.21577e+01
    1.34454e-05     3.23615e+01
    1.35338e-05     3.25668e+01
    1.36227e-05     3.27732e+01
    1.37122e-05     3.29809e+01
    1.38023e-05     3.31900e+01
    1.38929e-05     3.34002e+01
    1.39842e-05     3.36120e+01
    1.40761e-05     3.38252e+01
    1.41686e-05     3.40396e+01
    1.42617e-05     3.42555e+01
    1.43554e-05     3.44726e+01
    1.44497e-05     3.46911e+01
    1.45446e-05     3.49109e+01
    1.46402e-05     3.51324e+01
    1.47363e-05     3.53549e+01
    1.48332e-05     3.55792e+01
    1.49306e-05     3.58046e+01
    1.50287e-05     3.60316e+01
    1.51275e-05     3.62602e+01
    1.52268e-05     3.64898e+01
    1.53269e-05     3.67213e+01
    1.54276e-05     3.69541e+01
    1.55289e-05     3.71882e+01
    1.56310e-05     3.74241e+01
    1.57337e-05     3.76614e+01
    1.58370e-05     3.79000e+01
    1.59411e-05     3.81403e+01
    1.60458e-05     3.83820e+01
    1.61512e-05     3.86253e+01
    1.62573e-05     3.88701e+01
    1.63642e-05     3.91168e+01
    1.64717e-05     3.93647e+01
    1.65799e-05     3.96142e+01
    1.66888e-05     3.98653e+01
    1.67985e-05     4.01181e+01
    1.69088e-05     4.03723e+01
    1.70199e-05     4.06282e+01
    1.71317e-05     4.08857e+01
    1.72443e-05     4.11450e+01
    1.73576e-05     4.14059e+01
    1.74716e-05     4.16683e+01
    1.75864e-05     4.19324e+01
    1.77020e-05     4.21984e+01
    1.78183e-05     4.24659e+01
    1.79353e-05     4.27350e+01
    1.80532e-05     4.30060e+01
    1.81718e-05     4.32786e+01
    1.82912e-05     4.35530e+01
    1.84113e-05     4.38289e+01
    1.85323e-05     4.41069e+01
    1.86541e-05     4.43866e+01
    1.87766e-05     4.46678e+01
    1.89000e-05     4.49510e+01
    1.90241e-05     4.52358e+01
    1.91491e-05     4.55226e+01
    1.92749e-05     4.58110e+01
    1.94016e-05     4.61016e+01
    1.95290e-05     4.63936e+01
    1.96574e-05     4.66879e+01
    1.97865e-05     4.69838e+01
    1.99165e-05     4.72815e+01
    2.00473e-05     4.75811e+01
    2.01791e-05     4.78830e+01
    2.03116e-05     4.81862e+01
    2.04451e-05     4.84918e+01
    2.05794e-05     4.87992e+01
    2.07146e-05     4.91085e+01
    2.08507e-05     4.94199e+01
    2.09877e-05     4.97332e+01
    2.11256e-05     5.00485e+01
    2.12644e-05     5.03656e+01
    2.14041e-05     5.06850e+01
    2.15447e-05     5.10063e+01
    2.16863e-05     5.13297e+01
    2.18287e-05     5.16549e+01
    2.19722e-05     5.19826e+01
    2.21165e-05     5.23120e+01
    2.22618e-05     5.26436e+01
    2.24081e-05     5.29774e+01
    2.25553e-05     5.33132e+01
    2.27035e-05     5.36512e+01
    2.28526e-05     5.39912e+01
    2.30028e-05     5.43336e+01
    2.31539e-05     5.46780e+01
    2.33060e-05     5.50245e+01
    2.34592e-05     5.53735e+01
    2.36133e-05     5.57245e+01
    2.37684e-05     5.60777e+01
    2.39246e-05     5.64333e+01
    2.40818e-05     5.67910e+01
    2.42400e-05     5.71510e+01
    2.43992e-05     5.75132e+01
    2.45595e-05     5.78778e+01
    2.47209e-05     5.82448e+01
    2.48833e-05     5.86140e+01
    2.50468e-05     5.89856e+01
    2.52114e-05     5.93596e+01
    2.53770e-05     5.97358e+01
    2.55437e-05     6.01145e+01
    2.57115e-05     6.04955e+01
    2.58805e-05     6.08792e+01
    2.60505e-05     6.12650e+01
    2.62217e-05     6.16535e+01
    2.63939e-05     6.20443e+01
    2.65673e-05     6.24376e+01
    2.67419e-05     6.28335e+01
    2.69176e-05     6.32319e+01
    2.70944e-05     6.36325e+01
    2.72724e-05     6.40358e+01
    2.74516e-05     6.44418e+01
    2.76320e-05     6.48504e+01
    2.78135e-05     6.52615e+01
    2.79963e-05     6.56753e+01
    2.81802e-05     6.60914e+01
    2.83653e-05     6.65103e+01
    2.85517e-05     6.69320e+01
    2.87393e-05     6.73562e+01
    2.89281e-05     6.77832e+01
    2.91181e-05     6.82126e+01
    2.93095e-05     6.86453e+01
    2.95020e-05     6.90803e+01
    2.96958e-05     6.95180e+01
    2.98909e-05     6.99587e+01
    3.00873e-05     7.04022e+01
    3.02850e-05     7.08484e+01
    3.04840e-05     7.12976e+01
    3.06843e-05     7.17497e+01
    3.08859e-05     7.22045e+01
    3.10888e-05     7.26622e+01
    3.12930e-05     7.31227e+01
    3.14986e-05     7.35863e+01
    3.17056e-05     7.40529e+01
    3.19139e-05     7.45223e+01
    3.21235e-05     7.49946e+01
    3.23346e-05     7.54701e+01
    3.25470e-05     7.59484e+01
    3.27609e-05     7.64300e+01
    3.29761e-05     7.69145e+01
    3.31928e-05     7.74022e+01
    3.34108e-05     7.78927e+01
    3.36303e-05     7.83864e+01
    3.38513e-05     7.88835e+01
    3.40737e-05     7.93835e+01
    3.42976e-05     7.98868e+01
    3.45229e-05     8.03930e+01
    3.47497e-05     8.09026e+01
    3.49780e-05     8.14155e+01
    3.52078e-05     8.19316e+01
    3.54391e-05     8.24508e+01
    3.56720e-05     8.29736e+01
    3.59063e-05     8.34993e+01
    3.61422e-05     8.40286e+01
    3.63797e-05     8.45614e+01
    3.66187e-05     8.50973e+01
    3.68593e-05     8.56367e+01
    3.71015e-05     8.61795e+01
    3.73452e-05     8.67257e+01
    3.75906e-05     8.72756e+01
    3.78375e-05     8.78285e+01
    3.80861e-05     8.83853e+01
    3.83364e-05     8.89458e+01
    3.85882e-05     8.95093e+01
    3.88418e-05     9.00769e+01
    3.90969e-05     9.06477e+01
    3.93538e-05     9.12223e+01
    3.96124e-05     9.18007e+01
    3.98726e-05     9.23825e+01
    4.01346e-05     9.29680e+01
    4.03983e-05     9.35574e+01
    4.06637e-05     9.41505e+01
    4.09308e-05     9.47470e+01
    4.11998e-05     9.53478e+01
    4.14704e-05     9.59521e+01
    4.17429e-05     9.65602e+01
    4.20172e-05     9.71725e+01
    4.22932e-05     9.77884e+01
    4.25711e-05     9.84082e+01
    4.28508e-05     9.90320e+01
    4.31323e-05     9.96598e+01
    4.34157e-05     1.00291e+02
    4.37009e-05     1.00927e+02
    4.39880e-05     1.01567e+02
    4.42770e-05     1.02210e+02
    4.45679e-05     1.02858e+02
    4.48607e-05     1.03510e+02
    4.51555e-05     1.04167e+02
    4.54521e-05     1.04827e+02
    4.57508e-05     1.05491e+02
    4.60513e-05     1.06160e+02
    4.63539e-05     1.06833e+02
    4.66584e-05     1.07510e+02
    4.69650e-05     1.08192e+02
    4.72736e-05     1.08877e+02
    4.75841e-05     1.09567e+02
    4.78968e-05     1.10262e+02
    4.82114e-05     1.10961e+02
    4.85282e-05     1.11664e+02
    4.88470e-05     1.12372e+02
    4.91680e-05     1.13085e+02
    4.94910e-05     1.13801e+02
    4.98161e-05     1.14523e+02
    5.01434e-05     1.15248e+02
    5.04729e-05     1.15979e+02
    5.08045e-05     1.16714e+02
    5.11383e-05     1.17454e+02
    5.14742e-05     1.18198e+02
    5.18124e-05     1.18947e+02
    5.21528e-05     1.19701e+02
    5.24955e-05     1.20460e+02
    5.28404e-05     1.21224e+02
    5.31875e-05     1.21992e+02
    5.35370e-05     1.22765e+02
    5.38887e-05     1.23543e+02
    5.42428e-05     1.24326e+02
    5.45991e-05     1.25114e+02
    5.49579e-05     1.25907e+02
    5.53189e-05     1.26705e+02
    5.56824e-05     1.27508e+02
    5.60482e-05     1.28316e+02
    5.64164e-05     1.29129e+02
    5.67871e-05     1.29948e+02
    5.71602e-05     1.30771e+02
    5.75357e-05     1.31600e+02
    5.79137e-05     1.32434e+02
    5.82942e-05     1.33273e+02
    5.86772e-05     1.34118e+02
    5.90627e-05     1.34968e+02
    5.94508e-05     1.35824e+02
    5.98414e-05     1.36685e+02
    6.02345e-05     1.37551e+02
    6.06303e-05     1.38423e+02
    6.10286e-05     1.39300e+02
    6.14296e-05     1.40183e+02
    6.18332e-05     1.41072e+02
    6.22394e-05     1.41966e+02
    6.26483e-05     1.42865e+02
    6.30599e-05     1.43771e+02
    6.34742e-05     1.44682e+02
    6.38912e-05     1.45599e+02
    6.43110e-05     1.46522e+02
    6.47335e-05     1.47450e+02
    6.51588e-05     1.48385e+02
    6.55869e-05     1.49326e+02
    6.60178e-05     1.50272e+02
    6.64516e-05     1.51225e+02
    6.68881e-05     1.52183e+02
    6.73276e-05     1.53147e+02
    6.77699e-05     1.54118e+02
    6.82152e-05     1.55095e+02
    6.86634e-05     1.56078e+02
    6.91145e-05     1.57067e+02
    6.95686e-05     1.58062e+02
    7.00256e-05     1.59064e+02
    7.04857e-05     1.60072e+02
    7.09488e-05     1.61086e+02
    7.14149e-05     1.62107e+02
    7.18841e-05     1.63135e+02
    7.23564e-05     1.64168e+02
    7.28318e-05     1.65209e+02
    7.33103e-05     1.66256e+02
    7.37919e-05     1.67309e+02
    7.42767e-05     1.68370e+02
    7.47647e-05     1.69437e+02
    7.52559e-05     1.70510e+02
    7.57504e-05     1.71591e+02
    7.62480e-05     1.72678e+02
    7.67490e-05     1.73773e+02
    7.72532e-05     1.74874e+02
    7.77608e-05     1.75982e+02
    7.82717e-05     1.77098e+02
    7.87859e-05     1.78220e+02
    7.93035e-05     1.79349e+02
    7.98246e-05     1.80486e+02
    8.03490e-05     1.81630e+02
    8.08769e-05     1.82781e+02
    8.14083e-05     1.83939e+02
    8.19431e-05     1.85105e+02
    8.24815e-05     1.86278e+02
    8.30234e-05     1.87458e+02
    8.35689e-05     1.88646e+02
    8.41179e-05     1.89842e+02
    8.46706e-05     1.91045e+02
    8.52268e-05     1.92255e+02
    8.57868e-05     1.93474e+02
    8.63504e-05     1.94700e+02
    8.69177e-05     1.95933e+02
    8.74888e-05     1.97175e+02
    8.80636e-05     1.98424e+02
    8.86421e-05     1.99682e+02
    8.92245e-05     2.00947e+02
    8.98107e-05     2.02220e+02
    9.04008e-05     2.03502e+02
    9.09947e-05     2.04791e+02
    9.15926e-05     2.06089e+02
    9.21943e-05     2.07395e+02
    9.28000e-05     2.08709e+02
    9.34097e-05     2.10031e+02
    9.40234e-05     2.11362e+02
    9.46412e-05     2.12701e+02
    9.52630e-05     2.14049e+02
    9.58888e-05     2.15405e+02
    9.65188e-05     2.16770e+02
    9.71529e-05     2.18143e+02
    9.77912e-05     2.19526e+02
    9.84337e-05     2.20916e+02
    9.90804e-05     2.22316e+02
    9.97314e-05     2.23725e+02
    1.00387e-04     2.25143e+02
    1.01046e-04     2.26568e+02
    1.01710e-04     2.28004e+02
    1.02378e-04     2.29448e+02
    1.03051e-04     2.30903e+02
    1.03728e-04     2.32365e+02
    1.04409e-04     2.33836e+02
    1.05095e-04     2.35318e+02
    1.05786e-04     2.36810e+02
    1.06481e-04     2.38311e+02
    1.07180e-04     2.39819e+02
    1.07885e-04     2.41340e+02
    1.08593e-04     2.42867e+02
    1.09307e-04     2.44407e+02
    1.10025e-04     2.45955e+02
    1.10748e-04     2.47513e+02
    1.11476e-04     2.49082e+02
    1.12208e-04     2.50659e+02
    1.12945e-04     2.52247e+02
    1.13687e-04     2.53844e+02
    1.14434e-04     2.55453e+02
    1.15186e-04     2.57071e+02
    1.15943e-04     2.58700e+02
    1.16704e-04     2.60337e+02
    1.17471e-04     2.61986e+02
    1.18243e-04     2.63646e+02
    1.19020e-04     2.65317e+02
    1.19802e-04     2.66997e+02
    1.20589e-04     2.68688e+02
    1.21381e-04     2.70389e+02
    1.22179e-04     2.72103e+02
    1.22981e-04     2.73825e+02
    1.23789e-04     2.75559e+02
    1.24603e-04     2.77306e+02
    1.25421e-04     2.79061e+02
    1.26245e-04     2.80828e+02
    1.27075e-04     2.82608e+02
    1.27910e-04     2.84399e+02
    1.28750e-04     2.86199e+02
    1.29596e-04     2.88012e+02
    1.30447e-04     2.89835e+02
    1.31304e-04     2.91671e+02
    1.32167e-04     2.93519e+02
    1.33035e-04     2.95377e+02
    1.33909e-04     2.97247e+02
    1.34789e-04     2.99131e+02
    1.35675e-04     3.01026e+02
    1.36566e-04     3.02932e+02
    1.37463e-04     3.04849e+02
    1.38366e-04     3.06779e+02
    1.39276e-04     3.08724e+02
    1.40191e-04     3.10679e+02
    1.41112e-04     3.12646e+02
    1.42039e-04     3.14626e+02
    1.42972e-04     3.16618e+02
    1.43911e-04     3.18622e+02
    1.44857e-04     3.20641e+02
    1.45808e-04     3.22669e+02
    1.46766e-04     3.24712e+02
    1.47731e-04     3.26770e+02
    1.48701e-04     3.28838e+02
    1.49678e-04     3.30920e+02
    1.50662e-04     3.33016e+02
    1.51651e-04     3.35123e+02
    1.52648e-04     3.37246e+02
    1.53651e-04     3.39382e+02
    1.54660e-04     3.41529e+02
    1.55676e-04     3.43691e+02
    1.56699e-04     3.45868e+02
    1.57729e-04     3.48059e+02
    1.58765e-04     3.50262e+02
    1.59808e-04     3.52479e+02
    1.60858e-04     3.54711e+02
    1.61915e-04     3.56956e+02
    1.62979e-04     3.59217e+02
    1.64049e-04     3.61489e+02
    1.65127e-04     3.63778e+02
    1.66212e-04     3.66080e+02
    1.67304e-04     3.68397e+02
    1.68403e-04     3.70729e+02
    1.69510e-04     3.73076e+02
    1.70623e-04     3.75436e+02
    1.71744e-04     3.77812e+02
    1.72873e-04     3.80205e+02
    1.74008e-04     3.82609e+02
    1.75152e-04     3.85032e+02
    1.76302e-04     3.87467e+02
    1.77461e-04     3.89920e+02
    1.78627e-04     3.92388e+02
    1.79800e-04     3.94870e+02
    1.80981e-04     3.97367e+02
    1.82170e-04     3.99882e+02
    1.83367e-04     4.02412e+02
    1.84572e-04     4.04959e+02
    1.85785e-04     4.07522e+02
    1.87005e-04     4.10099e+02
    1.88234e-04     4.12694e+02
    1.89471e-04     4.15306e+02
    1.90715e-04     4.17932e+02
    1.91968e-04     4.20576e+02
    1.93230e-04     4.23238e+02
    1.94499e-04     4.25915e+02
    1.95777e-04     4.28609e+02
    1.97063e-04     4.31320e+02
    1.98358e-04     4.34049e+02
    1.99661e-04     4.36794e+02
    2.00973e-04     4.39558e+02
    2.02293e-04     4.42337e+02
    2.03622e-04     4.45135e+02
    2.04960e-04     4.47951e+02
    2.06307e-04     4.50785e+02
    2.07662e-04     4.53634e+02
    2.09027e-04     4.56505e+02
    2.10400e-04     4.59392e+02
    2.11782e-04     4.62296e+02
    2.13174e-04     4.65221e+02
    2.14574e-04     4.68161e+02
    2.15984e-04     4.71123e+02
    2.17403e-04     4.74102e+02
    2.18831e-04     4.77099e+02
    2.20269e-04     4.80115e+02
    2.21716e-04     4.83151e+02
    2.23173e-04     4.86207e+02
    2.24639e-04     4.89280e+02
    2.26115e-04     4.92374e+02
    2.27601e-04     4.95487e+02
    2.29096e-04     4.98618e+02
    2.30601e-04     5.01770e+02
    2.32116e-04     5.04943e+02
    2.33641e-04     5.08133e+02
    2.35176e-04     5.11345e+02
    2.36721e-04     5.14577e+02
    2.38276e-04     5.17829e+02
    2.39842e-04     5.21103e+02
    2.41418e-04     5.24396e+02
    2.43004e-04     5.27710e+02
    2.44600e-04     5.31044e+02
    2.46207e-04     5.34399e+02
    2.47825e-04     5.37777e+02
    2.49453e-04     5.41174e+02
    2.51092e-04     5.44594e+02
    2.52742e-04     5.48035e+02
    2.54402e-04     5.51496e+02
    2.56074e-04     5.54981e+02
    2.57756e-04     5.58485e+02
    2.59450e-04     5.62014e+02
    2.61154e-04     5.65562e+02
    2.62870e-04     5.69135e+02
    2.64597e-04     5.72729e+02
    2.66335e-04     5.76345e+02
    2.68085e-04     5.79984e+02
    2.69846e-04     5.83646e+02
    2.71619e-04     5.87331e+02
    2.73404e-04     5.91041e+02
    2.75200e-04     5.94772e+02
    2.77008e-04     5.98527e+02
    2.78828e-04     6.02305e+02
    2.80660e-04     6.06108e+02
    2.82504e-04     6.09935e+02
    2.84360e-04     6.13784e+02
    2.86228e-04     6.17657e+02
    2.88109e-04     6.21557e+02
    2.90002e-04     6.25480e+02
    2.91907e-04     6.29427e+02
    2.93825e-04     6.33399e+02
    2.95755e-04     6.37395e+02
    2.97698e-04     6.41416e+02
    2.99654e-04     6.45463e+02
    3.01623e-04     6.49536e+02
    3.03605e-04     6.53635e+02
    3.05599e-04     6.57757e+02
    3.07607e-04     6.61906e+02
    3.09628e-04     6.66081e+02
    3.11662e-04     6.70281e+02
    3.13710e-04     6.74510e+02
    3.15771e-04     6.78764e+02
    3.17846e-04     6.83044e+02
    3.19934e-04     6.87350e+02
    3.22036e-04     6.91684e+02
    3.24152e-04     6.96046e+02
    3.26281e-04     7.00433e+02
    3.28425e-04     7.04849e+02
    3.30583e-04     7.09292e+02
    3.32755e-04     7.13763e+02
    3.34941e-04     7.18260e+02
    3.37141e-04     7.22786e+02
    3.39356e-04     7.27340e+02
    3.41586e-04     7.31924e+02
    3.43830e-04     7.36535e+02
    3.46089e-04     7.41175e+02
    3.48363e-04     7.45844e+02
    3.50652e-04     7.50542e+02
    3.52955e-04     7.55269e+02
    3.55274e-04     7.60025e+02
    3.57609e-04     7.64812e+02
    3.59958e-04     7.69627e+02
    3.62323e-04     7.74474e+02
    3.64703e-04     7.79348e+02
    3.67100e-04     7.84256e+02
    3.69511e-04     7.89191e+02
    3.71939e-04     7.94160e+02
    3.74383e-04     7.99158e+02
    3.76842e-04     8.04186e+02
    3.79318e-04     8.09245e+02
    3.81810e-04     8.14337e+02
    3.84319e-04     8.19461e+02
    3.86844e-04     8.24616e+02
    3.89385e-04     8.29801e+02
    3.91944e-04     8.35021e+02
    3.94519e-04     8.40272e+02
    3.97111e-04     8.45557e+02
    3.99720e-04     8.50873e+02
    4.02346e-04     8.56222e+02
    4.04989e-04     8.61604e+02
    4.07650e-04     8.67021e+02
    4.10328e-04     8.72470e+02
    4.13024e-04     8.77953e+02
    4.15738e-04     8.83472e+02
    4.18469e-04     8.89022e+02
    4.21218e-04     8.94607e+02
    4.23986e-04     9.00229e+02
    4.26771e-04     9.05884e+02
    4.29575e-04     9.11573e+02
    4.32398e-04     9.17300e+02
    4.35238e-04     9.23058e+02
    4.38098e-04     9.28855e+02
    4.40976e-04     9.34686e+02
    4.43873e-04     9.40553e+02
    4.46790e-04     9.46458e+02
    4.49725e-04     9.52398e+02
    4.52680e-04     9.58374e+02
    4.55654e-04     9.64388e+02
    4.58648e-04     9.70438e+02
    4.61661e-04     9.76524e+02
    4.64694e-04     9.82648e+02
    4.67747e-04     9.88810e+02
    4.70820e-04     9.95010e+02
    4.73913e-04     1.00125e+03
    4.77027e-04     1.00752e+03
    4.80161e-04     1.01384e+03
    4.83316e-04     1.02019e+03
    4.86491e-04     1.02658e+03
    4.89687e-04     1.03301e+03
    4.92905e-04     1.03948e+03
    4.96143e-04     1.04599e+03
    4.99403e-04     1.05254e+03
    5.02684e-04     1.05914e+03
    5.05986e-04     1.06577e+03
    5.09311e-04     1.07244e+03
    5.12657e-04     1.07915e+03
    5.16025e-04     1.08590e+03
    5.19415e-04     1.09270e+03
    5.22828e-04     1.09953e+03
    5.26263e-04     1.10641e+03
    5.29720e-04     1.11333e+03
    5.33201e-04     1.12029e+03
    5.36704e-04     1.12730e+03
    5.40230e-04     1.13434e+03
    5.43779e-04     1.14143e+03
    5.47352e-04     1.14857e+03
    5.50948e-04     1.15574e+03
    5.54568e-04     1.16296e+03
    5.58211e-04     1.17023e+03
    5.61879e-04     1.17754e+03
    5.65570e-04     1.18489e+03
    5.69286e-04     1.19229e+03
    5.73026e-04     1.19973e+03
    5.76791e-04     1.20722e+03
    5.80580e-04     1.21475e+03
    5.84395e-04     1.22233e+03
    5.88234e-04     1.22995e+03
    5.92099e-04     1.23762e+03
    5.95989e-04     1.24534e+03
    5.99905e-04     1.25310e+03
    6.03846e-04     1.26091e+03
    6.07813e-04     1.26877e+03
    6.11807e-04     1.27668e+03
    6.15826e-04     1.28463e+03
    6.19872e-04     1.29263e+03
    6.23945e-04     1.30068e+03
    6.28044e-04     1.30878e+03
    6.32170e-04     1.31692e+03
    6.36324e-04     1.32512e+03
    6.40504e-04     1.33336e+03
    6.44712e-04     1.34165e+03
    6.48948e-04     1.35000e+03
    6.53212e-04     1.35839e+03
    6.57503e-04     1.36684e+03
    6.61823e-04     1.37533e+03
    6.66171e-04     1.38388e+03
    6.70548e-04     1.39248e+03
    6.74954e-04     1.40113e+03
    6.79388e-04     1.40983e+03
    6.83852e-04     1.41858e+03
    6.88344e-04     1.42738e+03
    6.92867e-04     1.43624e+03
    6.97419e-04     1.44515e+03
    7.02001e-04     1.45412e+03
    7.06613e-04     1.46313e+03
    7.11256e-04     1.47220e+03
    7.15929e-04     1.48133e+03
    7.20632e-04     1.49051e+03
    7.25367e-04     1.49974e+03
    7.30132e-04     1.50903e+03
    7.34929e-04     1.51837e+03
    7.39758e-04     1.52778e+03
    7.44618e-04     1.53723e+03
    7.49510e-04     1.54674e+03
    7.54435e-04     1.55631e+03
    7.59391e-04     1.56593e+03
    7.64380e-04     1.57561e+03
    7.69402e-04     1.58535e+03
    7.74457e-04     1.59514e+03
    7.79545e-04     1.60500e+03
    7.84667e-04     1.61491e+03
    7.89822e-04     1.62488e+03
    7.95011e-04     1.63491e+03
    8.00235e-04     1.64500e+03
    8.05492e-04     1.65515e+03
    8.10784e-04     1.66535e+03
    8.16111e-04     1.67562e+03
    8.21473e-04     1.68595e+03
    8.26870e-04     1.69634e+03
    8.32303e-04     1.70679e+03
    8.37771e-04     1.71730e+03
    8.43275e-04     1.72787e+03
    8.48815e-04     1.73851e+03
    8.54392e-04     1.74921e+03
    8.60005e-04     1.75997e+03
    8.65656e-04     1.77079e+03
    8.71343e-04     1.78168e+03
    8.77068e-04     1.79263e+03
    8.82830e-04     1.80364e+03
    8.88630e-04     1.81472e+03
    8.94468e-04     1.82586e+03
    9.00345e-04     1.83707e+03
    9.06260e-04     1.84834e+03
    9.12214e-04     1.85968e+03
    9.18208e-04     1.87108e+03
    9.24240e-04     1.88255e+03
    9.30313e-04     1.89408e+03
    9.36425e-04     1.90568e+03
    9.42577e-04     1.91735e+03
    9.48770e-04     1.92909e+03
    9.55003e-04     1.94089e+03
    9.61278e-04     1.95276e+03
    9.67593e-04     1.96470e+03
    9.73950e-04     1.97671e+03
    9.80349e-04     1.98878e+03
    9.86790e-04     2.00093e+03
    9.93273e-04     2.01314e+03
    9.99799e-04     2.02543e+03
    1.00637e-03     2.03779e+03
    1.01298e-03     2.05021e+03
    1.01963e-03     2.06270e+03
    1.02633e-03     2.07527e+03
    1.03308e-03     2.08793e+03
    1.03986e-03     2.10063e+03
    1.04670e-03     2.11343e+03
    1.05357e-03     2.12628e+03
    1.06049e-03     2.13921e+03
    1.06746e-03     2.15222e+03
    1.07448e-03     2.16531e+03
    1.08153e-03     2.17845e+03
    1.08864e-03     2.19168e+03
    1.09579e-03     2.20498e+03
    1.10299e-03     2.21836e+03
    1.11024e-03     2.23182e+03
    1.11753e-03     2.24534e+03
    1.12488e-03     2.25896e+03
    1.13227e-03     2.27264e+03
    1.13970e-03     2.28637e+03
    1.14719e-03     2.30021e+03
    1.15473e-03     2.31413e+03
    1.16232e-03     2.32812e+03
    1.16995e-03     2.34217e+03
    1.17764e-03     2.35633e+03
    1.18538e-03     2.37056e+03
    1.19316e-03     2.38484e+03
    1.20100e-03     2.39922e+03
    1.20889e-03     2.41369e+03
    1.21684e-03     2.42824e+03
    1.22483e-03     2.44285e+03
    1.23288e-03     2.45756e+03
    1.24098e-03     2.47235e+03
    1.24913e-03     2.48721e+03
    1.25734e-03     2.50216e+03
    1.26560e-03     2.51719e+03
    1.27391e-03     2.53229e+03
    1.28228e-03     2.54749e+03
    1.29071e-03     2.56278e+03
    1.29919e-03     2.57814e+03
    1.30772e-03     2.59358e+03
    1.31631e-03     2.60910e+03
    1.32496e-03     2.62472e+03
    1.33367e-03     2.64043e+03
    1.34243e-03     2.65621e+03
    1.35125e-03     2.67208e+03
    1.36013e-03     2.68804e+03
    1.36906e-03     2.70408e+03
    1.37806e-03     2.72021e+03
    1.38711e-03     2.73642e+03
    1.39623e-03     2.75274e+03
    1.40540e-03     2.76912e+03
    1.41463e-03     2.78559e+03
    1.42393e-03     2.80217e+03
    1.43328e-03     2.81882e+03
    1.44270e-03     2.83556e+03
    1.45218e-03     2.85240e+03
    1.46172e-03     2.86932e+03
    1.47132e-03     2.88633e+03
    1.48099e-03     2.90344e+03
    1.49072e-03     2.92063e+03
    1.50051e-03     2.93791e+03
    1.51037e-03     2.95529e+03
    1.52029e-03     2.97275e+03
    1.53028e-03     2.99030e+03
    1.54034e-03     3.00797e+03
    1.55046e-03     3.02571e+03
    1.56064e-03     3.04353e+03
    1.57090e-03     3.06147e+03
    1.58122e-03     3.07949e+03
    1.59160e-03     3.09759e+03
    1.60206e-03     3.11581e+03
    1.61259e-03     3.13412e+03
    1.62318e-03     3.15250e+03
    1.63385e-03     3.17101e+03
    1.64458e-03     3.18959e+03
    1.65539e-03     3.20828e+03
    1.66626e-03     3.22705e+03
    1.67721e-03     3.24593e+03
    1.68823e-03     3.26491e+03
    1.69932e-03     3.28397e+03
    1.71048e-03     3.30313e+03
    1.72172e-03     3.32239e+03
    1.73303e-03     3.34175e+03
    1.74442e-03     3.36122e+03
    1.75588e-03     3.38077e+03
    1.76742e-03     3.40043e+03
    1.77903e-03     3.42018e+03
    1.79072e-03     3.44003e+03
    1.80248e-03     3.45997e+03
    1.81432e-03     3.48001e+03
    1.82624e-03     3.50017e+03
    1.83824e-03     3.52042e+03
    1.85032e-03     3.54077e+03
    1.86248e-03     3.56122e+03
    1.87471e-03     3.58176e+03
    1.88703e-03     3.60241e+03
    1.89943e-03     3.62317e+03
    1.91191e-03     3.64402e+03
    1.92447e-03     3.66498e+03
    1.93711e-03     3.68603e+03
    1.94984e-03     3.70719e+03
    1.96265e-03     3.72845e+03
    1.97554e-03     3.74980e+03
    1.98852e-03     3.77127e+03
    2.00159e-03     3.79286e+03
    2.01474e-03     3.81453e+03
    2.02797e-03     3.83629e+03
    2.04130e-03     3.85818e+03
    2.05471e-03     3.88017e+03
    2.06821e-03     3.90226e+03
    2.08180e-03     3.92445e+03
    2.09547e-03     3.94674e+03
    2.10924e-03     3.96915e+03
    2.12310e-03     3.99166e+03
    2.13705e-03     4.01427e+03
    2.15109e-03     4.03699e+03
    2.16522e-03     4.05982e+03
    2.17945e-03     4.08275e+03
    2.19377e-03     4.10579e+03
    2.20818e-03     4.12892e+03
    2.22269e-03     4.15218e+03
    2.23729e-03     4.17553e+03
    2.25199e-03     4.19898e+03
    2.26678e-03     4.22254e+03
    2.28168e-03     4.24623e+03
    2.29667e-03     4.27000e+03
    2.31176e-03     4.29389e+03
    2.32694e-03     4.31787e+03
    2.34223e-03     4.34196e+03
    2.35762e-03     4.36617e+03
    2.37311e-03     4.39048e+03
    2.38870e-03     4.41490e+03
    2.40440e-03     4.43944e+03
    2.42019e-03     4.46406e+03
    2.43609e-03     4.48880e+03
    2.45210e-03     4.51365e+03
    2.46821e-03     4.53861e+03
    2.48442e-03     4.56367e+03
    2.50075e-03     4.58885e+03
    2.51718e-03     4.61414e+03
    2.53371e-03     4.63951e+03
    2.55036e-03     4.66501e+03
    2.56712e-03     4.69062e+03
    2.58398e-03     4.71632e+03
    2.60096e-03     4.74214e+03
    2.61805e-03     4.76808e+03
    2.63525e-03     4.79411e+03
    2.65256e-03     4.82025e+03
    2.66999e-03     4.84650e+03
    2.68753e-03     4.87286e+03
    2.70519e-03     4.89933e+03
    2.72296e-03     4.92590e+03
    2.74085e-03     4.95258e+03
    2.75886e-03     4.97937e+03
    2.77698e-03     5.00626e+03
    2.79523e-03     5.03328e+03
    2.81359e-03     5.06038e+03
    2.83208e-03     5.08760e+03
    2.85069e-03     5.11494e+03
    2.86942e-03     5.14237e+03
    2.88827e-03     5.16990e+03
    2.90724e-03     5.19754e+03
    2.92634e-03     5.22530e+03
    2.94557e-03     5.25316e+03
    2.96492e-03     5.28112e+03
    2.98440e-03     5.30919e+03
    3.00401e-03     5.33737e+03
    3.02375e-03     5.36566e+03
    3.04361e-03     5.39404e+03
    3.06361e-03     5.42255e+03
    3.08374e-03     5.45115e+03
    3.10400e-03     5.47985e+03
    3.12439e-03     5.50865e+03
    3.14492e-03     5.53757e+03
    3.16558e-03     5.56659e+03
    3.18638e-03     5.59572e+03
    3.20731e-03     5.62494e+03
    3.22838e-03     5.65427e+03
    3.24959e-03     5.68370e+03
    3.27094e-03     5.71325e+03
    3.29243e-03     5.74288e+03
    3.31406e-03     5.77263e+03
    3.33584e-03     5.80248e+03
    3.35775e-03     5.83242e+03
    3.37981e-03     5.86247e+03
    3.40202e-03     5.89262e+03
    3.42437e-03     5.92287e+03
    3.44687e-03     5.95323e+03
    3.46952e-03     5.98368e+03
    3.49231e-03     6.01423e+03
    3.51525e-03     6.04487e+03
    3.53835e-03     6.07561e+03
    3.56160e-03     6.10647e+03
    3.58500e-03     6.13742e+03
    3.60855e-03     6.16844e+03
    3.63226e-03     6.19959e+03
    3.65612e-03     6.23081e+03
    3.68014e-03     6.26214e+03
    3.70432e-03     6.29357e+03
    3.72866e-03     6.32508e+03
    3.75316e-03     6.35669e+03
    3.77781e-03     6.38838e+03
    3.80263e-03     6.42018e+03
    3.82762e-03     6.45209e+03
    3.85276e-03     6.48406e+03
    3.87808e-03     6.51613e+03
    3.90356e-03     6.54830e+03
    3.92920e-03     6.58053e+03
    3.95502e-03     6.61289e+03
    3.98100e-03     6.64531e+03
    4.00716e-03     6.67782e+03
    4.03348e-03     6.71041e+03
    4.05998e-03     6.74310e+03
    4.08666e-03     6.77588e+03
    4.11351e-03     6.80873e+03
    4.14053e-03     6.84166e+03
    4.16774e-03     6.87469e+03
    4.19512e-03     6.90780e+03
    4.22268e-03     6.94098e+03
    4.25042e-03     6.97423e+03
    4.27835e-03     7.00759e+03
    4.30646e-03     7.04101e+03
    4.33475e-03     7.07450e+03
    4.36323e-03     7.10808e+03
    4.39190e-03     7.14173e+03
    4.42075e-03     7.17545e+03
    4.44979e-03     7.20926e+03
    4.47903e-03     7.24313e+03
    4.50846e-03     7.27709e+03
    4.53808e-03     7.31109e+03
    4.56789e-03     7.34517e+03
    4.59790e-03     7.37932e+03
    4.62811e-03     7.41355e+03
    4.65852e-03     7.44786e+03
    4.68913e-03     7.48222e+03
    4.71993e-03     7.51662e+03
    4.75094e-03     7.55110e+03
    4.78216e-03     7.58567e+03
    4.81358e-03     7.62027e+03
    4.84520e-03     7.65493e+03
    4.87703e-03     7.68965e+03
    4.90908e-03     7.72444e+03
    4.94133e-03     7.75928e+03
    4.97379e-03     7.79417e+03
    5.00647e-03     7.82911e+03
    5.03936e-03     7.86412e+03
    5.07247e-03     7.89916e+03
    5.10580e-03     7.93427e+03
    5.13934e-03     7.96939e+03
    5.17311e-03     8.00460e+03
    5.20709e-03     8.03983e+03
    5.24131e-03     8.07511e+03
    5.27574e-03     8.11043e+03
    5.31040e-03     8.14579e+03
    5.34529e-03     8.18120e+03
    5.38041e-03     8.21663e+03
    5.41576e-03     8.25211e+03
    5.45134e-03     8.28761e+03
    5.48716e-03     8.32316e+03
    5.52321e-03     8.35874e+03
    5.55949e-03     8.39433e+03
    5.59602e-03     8.42998e+03
    5.63279e-03     8.46564e+03
    5.66979e-03     8.50132e+03
    5.70704e-03     8.53703e+03
    5.74454e-03     8.57275e+03
    5.78228e-03     8.60850e+03
    5.82027e-03     8.64428e+03
    5.85851e-03     8.68005e+03
    5.89700e-03     8.71585e+03
    5.93574e-03     8.75167e+03
    5.97474e-03     8.78748e+03
    6.01399e-03     8.82330e+03
    6.05351e-03     8.85914e+03
    6.09328e-03     8.89497e+03
    6.13331e-03     8.93081e+03
    6.17361e-03     8.96667e+03
    6.21417e-03     9.00248e+03
    6.25499e-03     9.03833e+03
    6.29609e-03     9.07416e+03
    6.33745e-03     9.10996e+03
    6.37909e-03     9.14577e+03
    6.42100e-03     9.18155e+03
    6.46319e-03     9.21735e+03
    6.50565e-03     9.25310e+03
    6.54839e-03     9.28886e+03
    6.59142e-03     9.32458e+03
    6.63472e-03     9.36026e+03
    6.67831e-03     9.39595e+03
    6.72219e-03     9.43159e+03
    6.76635e-03     9.46719e+03
    6.81081e-03     9.50278e+03
    6.85556e-03     9.53830e+03
    6.90060e-03     9.57381e+03
    6.94593e-03     9.60926e+03
    6.99157e-03     9.64467e+03
    7.03750e-03     9.68004e+03
    7.08374e-03     9.71537e+03
    7.13028e-03     9.75063e+03
    7.17712e-03     9.78586e+03
    7.22428e-03     9.82101e+03
    7.27174e-03     9.85611e+03
    7.31952e-03     9.89115e+03
    7.36761e-03     9.92613e+03
    7.41601e-03     9.96102e+03
    7.46473e-03     9.99585e+03
    7.51378e-03     1.00306e+04
    7.56314e-03     1.00653e+04
    7.61283e-03     1.00999e+04
    7.66285e-03     1.01344e+04
    7.71319e-03     1.01689e+04
    7.76387e-03     1.02032e+04
    7.81488e-03     1.02375e+04
    7.86622e-03     1.02716e+04
    7.91790e-03     1.03057e+04
    7.96992e-03     1.03397e+04
    8.02229e-03     1.03735e+04
    8.07499e-03     1.04073e+04
    8.12805e-03     1.04409e+04
    8.18145e-03     1.04745e+04
    8.23520e-03     1.05079e+04
    8.28930e-03     1.05412e+04
    8.34376e-03     1.05744e+04
    8.39858e-03     1.06074e+04
    8.45376e-03     1.06403e+04
    8.50930e-03     1.06731e+04
    8.56521e-03     1.07058e+04
    8.62148e-03     1.07383e+04
    8.67812e-03     1.07706e+04
    8.73514e-03     1.08029e+04
    8.79253e-03     1.08350e+04
    8.85030e-03     1.08669e+04
    8.90844e-03     1.08986e+04
    8.96697e-03     1.09302e+04
    9.02588e-03     1.09617e+04
    9.08518e-03     1.09929e+04
    9.14487e-03     1.10240e+04
    9.20496e-03     1.10549e+04
    9.26543e-03     1.10857e+04
    9.32631e-03     1.11162e+04
    9.38758e-03     1.11466e+04
    9.44926e-03     1.11768e+04
    9.51134e-03     1.12067e+04
    9.57383e-03     1.12365e+04
    9.63673e-03     1.12661e+04
    9.70004e-03     1.12954e+04
    9.76377e-03     1.13246e+04
    9.82792e-03     1.13535e+04
    9.89249e-03     1.13823e+04
    9.95748e-03     1.14108e+04
    1.00229e-02     1.14391e+04
    1.00888e-02     1.14671e+04
    1.01550e-02     1.14949e+04
    1.02218e-02     1.15225e+04
    1.02889e-02     1.15498e+04
    1.03565e-02     1.15769e+04
    1.04246e-02     1.16037e+04
    1.04930e-02     1.16302e+04
    1.05620e-02     1.16566e+04
    1.06314e-02     1.16827e+04
    1.07012e-02     1.17084e+04
    1.07715e-02     1.17339e+04
    1.08423e-02     1.17591e+04
    1.09135e-02     1.17840e+04
    1.09852e-02     1.18086e+04
    1.10574e-02     1.18330e+04
    1.11301e-02     1.18571e+04
    1.12032e-02     1.18809e+04
    1.12768e-02     1.19043e+04
    1.13509e-02     1.19275e+04
    1.14254e-02     1.19502e+04
    1.15005e-02     1.19727e+04
    1.15761e-02     1.19949e+04
    1.16521e-02     1.20167e+04
    1.17287e-02     1.20383e+04
    1.18057e-02     1.20594e+04
    1.18833e-02     1.20802e+04
    1.19614e-02     1.21007e+04
    1.20400e-02     1.21209e+04
    1.21191e-02     1.21406e+04
    1.21987e-02     1.21600e+04
    1.22788e-02     1.21790e+04
    1.23595e-02     1.21977e+04
    1.24407e-02     1.22160e+04
    1.25224e-02     1.22339e+04
    1.26047e-02     1.22514e+04
    1.26875e-02     1.22686e+04
    1.27709e-02     1.22853e+04
    1.28548e-02     1.23017e+04
    1.29392e-02     1.23176e+04
    1.30242e-02     1.23331e+04
    1.31098e-02     1.23482e+04
    1.31959e-02     1.23629e+04
    1.32826e-02     1.23771e+04
    1.33699e-02     1.23910e+04
    1.34578e-02     1.24045e+04
    1.35462e-02     1.24174e+04
    1.36352e-02     1.24299e+04
    1.37248e-02     1.24420e+04
    1.38149e-02     1.24536e+04
    1.39057e-02     1.24648e+04
    1.39970e-02     1.24754e+04
    1.40890e-02     1.24856e+04
    1.41816e-02     1.24954e+04
    1.42747e-02     1.25046e+04
    1.43685e-02     1.25134e+04
    1.44629e-02     1.25217e+04
    1.45580e-02     1.25295e+04
    1.46536e-02     1.25368e+04
    1.47499e-02     1.25436e+04
    1.48468e-02     1.25499e+04
    1.49443e-02     1.25557e+04
    1.50425e-02     1.25610e+04
    1.51413e-02     1.25657e+04
    1.52408e-02     1.25699e+04
    1.53409e-02     1.25736e+04
    1.54417e-02     1.25768e+04
    1.55432e-02     1.25794e+04
    1.56453e-02     1.25815e+04
    1.57481e-02     1.25831e+04
    1.58516e-02     1.25841e+04
    1.59557e-02     1.25845e+04
    1.60605e-02     1.25843e+04
    1.61661e-02     1.25837e+04
    1.62723e-02     1.25825e+04
    1.63792e-02     1.25806e+04
    1.64868e-02     1.25783e+04
    1.65951e-02     1.25753e+04
    1.67041e-02     1.25717e+04
    1.68139e-02     1.25676e+04
    1.69243e-02     1.25628e+04
    1.70355e-02     1.25575e+04
    1.71475e-02     1.25516e+04
    1.72601e-02     1.25451e+04
    1.73735e-02     1.25380e+04
    1.74877e-02     1.25303e+04
    1.76026e-02     1.25220e+04
    1.77182e-02     1.25130e+04
    1.78346e-02     1.25035e+04
    1.79518e-02     1.24933e+04
    1.80697e-02     1.24825e+04
    1.81884e-02     1.24710e+04
    1.83079e-02     1.24590e+04
    1.84282e-02     1.24464e+04
    1.85493e-02     1.24331e+04
    1.86712e-02     1.24192e+04
    1.87938e-02     1.24046e+04
    1.89173e-02     1.23894e+04
    1.90416e-02     1.23735e+04
    1.91667e-02     1.23571e+04
    1.92926e-02     1.23400e+04
    1.94194e-02     1.23222e+04
    1.95470e-02     1.23038e+04
    1.96754e-02     1.22848e+04
    1.98047e-02     1.22651e+04
    1.99348e-02     1.22448e+04
    2.00657e-02     1.22238e+04
    2.01976e-02     1.22022e+04
    2.03303e-02     1.21799e+04
    2.04638e-02     1.21570e+04
    2.05983e-02     1.21335e+04
    2.07336e-02     1.21092e+04
    2.08698e-02     1.20844e+04
    2.10070e-02     1.20590e+04
    2.11450e-02     1.20328e+04
    2.12839e-02     1.20060e+04
    2.14237e-02     1.19786e+04
    2.15645e-02     1.19506e+04
    2.17062e-02     1.19219e+04
    2.18488e-02     1.18926e+04
    2.19923e-02     1.18626e+04
    2.21368e-02     1.18321e+04
    2.22822e-02     1.18008e+04
    2.24286e-02     1.17690e+04
    2.25760e-02     1.17366e+04
    2.27243e-02     1.17035e+04
    2.28736e-02     1.16698e+04
    2.30239e-02     1.16355e+04
    2.31752e-02     1.16006e+04
    2.33274e-02     1.15651e+04
    2.34807e-02     1.15290e+04
    2.36350e-02     1.14923e+04
    2.37902e-02     1.14550e+04
    2.39465e-02     1.14170e+04
    2.41039e-02     1.13786e+04
    2.42622e-02     1.13396e+04
    2.44216e-02     1.13000e+04
    2.45821e-02     1.12599e+04
    2.47436e-02     1.12192e+04
    2.49061e-02     1.11779e+04
    2.50698e-02     1.11361e+04
    2.52345e-02     1.10938e+04
    2.54003e-02     1.10509e+04
    2.55672e-02     1.10076e+04
    2.57351e-02     1.09637e+04
    2.59042e-02     1.09193e+04
    2.60744e-02     1.08744e+04
    2.62457e-02     1.08291e+04
    2.64182e-02     1.07833e+04
    2.65917e-02     1.07370e+04
    2.67664e-02     1.06902e+04
    2.69423e-02     1.06431e+04
    2.71193e-02     1.05954e+04
    2.72975e-02     1.05474e+04
    2.74768e-02     1.04989e+04
    2.76573e-02     1.04500e+04
    2.78390e-02     1.04008e+04
    2.80219e-02     1.03512e+04
    2.82060e-02     1.03011e+04
    2.83914e-02     1.02508e+04
    2.85779e-02     1.02001e+04
    2.87656e-02     1.01490e+04
    2.89546e-02     1.00977e+04
    2.91449e-02     1.00460e+04
    2.93364e-02     9.99407e+03
    2.95291e-02     9.94180e+03
    2.97231e-02     9.88928e+03
    2.99184e-02     9.83653e+03
    3.01149e-02     9.78354e+03
    3.03128e-02     9.73029e+03
    3.05119e-02     9.67687e+03
    3.07124e-02     9.62322e+03
    3.09142e-02     9.56942e+03
    3.11173e-02     9.51542e+03
    3.13217e-02     9.46127e+03
    3.15275e-02     9.40699e+03
    3.17347e-02     9.35258e+03
    3.19432e-02     9.29806e+03
    3.21530e-02     9.24343e+03
    3.23643e-02     9.18880e+03
    3.25769e-02     9.13405e+03
    3.27909e-02     9.07927e+03
    3.30064e-02     9.02443e+03
    3.32232e-02     8.96962e+03
    3.34415e-02     8.91480e+03
    3.36612e-02     8.85998e+03
    3.38824e-02     8.80521e+03
    3.41050e-02     8.75053e+03
    3.43290e-02     8.69582e+03
    3.45546e-02     8.64130e+03
    3.47816e-02     8.58680e+03
    3.50101e-02     8.53242e+03
    3.52401e-02     8.47821e+03
    3.54717e-02     8.42415e+03
    3.57047e-02     8.37020e+03
    3.59393e-02     8.31644e+03
    3.61754e-02     8.26290e+03
    3.64131e-02     8.20956e+03
    3.66523e-02     8.15643e+03
    3.68931e-02     8.10355e+03
    3.71355e-02     8.05091e+03
    3.73795e-02     7.99860e+03
    3.76251e-02     7.94653e+03
    3.78723e-02     7.89475e+03
    3.81211e-02     7.84330e+03
    3.83715e-02     7.79214e+03
    3.86236e-02     7.74133e+03
    3.88774e-02     7.69088e+03
    3.91328e-02     7.64081e+03
    3.93899e-02     7.59108e+03
    3.96487e-02     7.54176e+03
    3.99092e-02     7.49289e+03
    4.01714e-02     7.44436e+03
    4.04353e-02     7.39628e+03
    4.07010e-02     7.34866e+03
    4.09684e-02     7.30149e+03
    4.12376e-02     7.25483e+03
    4.15085e-02     7.20856e+03
    4.17812e-02     7.16280e+03
    4.20557e-02     7.11755e+03
    4.23320e-02     7.07276e+03
    4.26101e-02     7.02848e+03
    4.28901e-02     6.98473e+03
    4.31719e-02     6.94148e+03
    4.34555e-02     6.89878e+03
    4.37410e-02     6.85657e+03
    4.40284e-02     6.81487e+03
    4.43177e-02     6.77374e+03
    4.46088e-02     6.73313e+03
    4.49019e-02     6.69309e+03
    4.51969e-02     6.65363e+03
    4.54939e-02     6.61470e+03
    4.57927e-02     6.57628e+03
    4.60936e-02     6.53851e+03
    4.63964e-02     6.50122e+03
    4.67013e-02     6.46452e+03
    4.70081e-02     6.42834e+03
    4.73169e-02     6.39271e+03
    4.76278e-02     6.35762e+03
    4.79407e-02     6.32307e+03
    4.82557e-02     6.28908e+03
    4.85727e-02     6.25558e+03
    4.88919e-02     6.22264e+03
    4.92131e-02     6.19019e+03
    4.95364e-02     6.15830e+03
    4.98619e-02     6.12688e+03
    5.01894e-02     6.09600e+03
    5.05192e-02     6.06556e+03
    5.08511e-02     6.03563e+03
    5.11852e-02     6.00612e+03
    5.15215e-02     5.97709e+03
    5.18600e-02     5.94848e+03
    5.22007e-02     5.92025e+03
    5.25437e-02     5.89242e+03
    5.28889e-02     5.86501e+03
    5.32363e-02     5.83794e+03
    5.35861e-02     5.81122e+03
    5.39382e-02     5.78484e+03
    5.42925e-02     5.75881e+03
    5.46492e-02     5.73303e+03
    5.50083e-02     5.70757e+03
    5.53697e-02     5.68230e+03
    5.57335e-02     5.65730e+03
    5.60996e-02     5.63250e+03
    5.64682e-02     5.60784e+03
    5.68392e-02     5.58338e+03
    5.72126e-02     5.55904e+03
    5.75885e-02     5.53484e+03
    5.79669e-02     5.51066e+03
    5.83477e-02     5.48660e+03
    5.87311e-02     5.46258e+03
    5.91169e-02     5.43853e+03
    5.95053e-02     5.41448e+03
    5.98963e-02     5.39036e+03
    6.02898e-02     5.36618e+03
    6.06859e-02     5.34189e+03
    6.10846e-02     5.31745e+03
    6.14859e-02     5.29289e+03
    6.18899e-02     5.26809e+03
    6.22965e-02     5.24312e+03
    6.27058e-02     5.21786e+03
    6.31178e-02     5.19240e+03
    6.35325e-02     5.16659e+03
    6.39499e-02     5.14048e+03
    6.43700e-02     5.11401e+03
    6.47929e-02     5.08721e+03
    6.52186e-02     5.05996e+03
    6.56471e-02     5.03232e+03
    6.60784e-02     5.00423e+03
    6.65125e-02     4.97570e+03
    6.69495e-02     4.94664e+03
    6.73894e-02     4.91714e+03
    6.78321e-02     4.88709e+03
    6.82778e-02     4.85656e+03
    6.87264e-02     4.82545e+03
    6.91779e-02     4.79380e+03
    6.96324e-02     4.76158e+03
    7.00899e-02     4.72877e+03
    7.05504e-02     4.69539e+03
    7.10139e-02     4.66143e+03
    7.14805e-02     4.62686e+03
    7.19501e-02     4.59176e+03
    7.24228e-02     4.55604e+03
    7.28986e-02     4.51976e+03
    7.33775e-02     4.48297e+03
    7.38596e-02     4.44557e+03
    7.43449e-02     4.40767e+03
    7.48333e-02     4.36921e+03
    7.53250e-02     4.33021e+03
    7.58199e-02     4.29077e+03
    7.63180e-02     4.25083e+03
    7.68194e-02     4.21041e+03
    7.73241e-02     4.16961e+03
    7.78321e-02     4.12837e+03
    7.83435e-02     4.08672e+03
    7.88582e-02     4.04469e+03
    7.93763e-02     4.00235e+03
    7.98978e-02     3.95974e+03
    8.04227e-02     3.91686e+03
    8.09511e-02     3.87374e+03
    8.14830e-02     3.83051e+03
    8.20183e-02     3.78712e+03
    8.25572e-02     3.74363e+03
    8.30996e-02     3.70009e+03
    8.36455e-02     3.65659e+03
    8.41951e-02     3.61311e+03
    8.47483e-02     3.56972e+03
    8.53050e-02     3.52648e+03
    8.58655e-02     3.48344e+03
    8.64296e-02     3.44064e+03
    8.69975e-02     3.39810e+03
    8.75691e-02     3.35589e+03
    8.81444e-02     3.31403e+03
    8.87235e-02     3.27264e+03
    8.93064e-02     3.23168e+03
    8.98931e-02     3.19125e+03
    9.04837e-02     3.15138e+03
    9.10782e-02     3.11212e+03
    9.16766e-02     3.07351e+03
    9.22789e-02     3.03560e+03
    9.28852e-02     2.99838e+03
    9.34954e-02     2.96188e+03
    9.41097e-02     2.92617e+03
    9.47280e-02     2.89122e+03
    9.53504e-02     2.85708e+03
    9.59768e-02     2.82379e+03
    9.66074e-02     2.79135e+03
    9.72421e-02     2.75984e+03
    9.78810e-02     2.72920e+03
    9.85241e-02     2.69953e+03
    9.91714e-02     2.67086e+03
    9.98229e-02     2.64311e+03
    1.00479e-01     2.61631e+03
    1.01139e-01     2.59040e+03
    1.01803e-01     2.56539e+03
    1.02472e-01     2.54133e+03
    1.03145e-01     2.51811e+03
    1.03823e-01     2.49580e+03
    1.04505e-01     2.47433e+03
    1.05192e-01     2.45371e+03
    1.05883e-01     2.43393e+03
    1.06579e-01     2.41496e+03
    1.07279e-01     2.39677e+03
    1.07984e-01     2.37935e+03
    1.08693e-01     2.36254e+03
    1.09407e-01     2.34641e+03
    1.10126e-01     2.33088e+03
    1.10850e-01     2.31589e+03
    1.11578e-01     2.30135e+03
    1.12311e-01     2.28727e+03
    1.13049e-01     2.27353e+03
    1.13792e-01     2.26021e+03
    1.14539e-01     2.24708e+03
    1.15292e-01     2.23427e+03
    1.16049e-01     2.22156e+03
    1.16812e-01     2.20899e+03
    1.17579e-01     2.19640e+03
    1.18351e-01     2.18381e+03
    1.19129e-01     2.17115e+03
    1.19912e-01     2.15836e+03
    1.20700e-01     2.14535e+03
    1.21493e-01     2.13204e+03
    1.22291e-01     2.11841e+03
    1.23094e-01     2.10440e+03
    1.23903e-01     2.09001e+03
    1.24717e-01     2.07518e+03
    1.25536e-01     2.05988e+03
    1.26361e-01     2.04408e+03
    1.27191e-01     2.02774e+03
    1.28027e-01     2.01083e+03
    1.28868e-01     1.99332e+03
    1.29715e-01     1.97519e+03
    1.30567e-01     1.95644e+03
    1.31425e-01     1.93709e+03
    1.32288e-01     1.91716e+03
    1.33157e-01     1.89668e+03
    1.34032e-01     1.87567e+03
    1.34913e-01     1.85415e+03
    1.35799e-01     1.83214e+03
    1.36691e-01     1.80965e+03
    1.37589e-01     1.78673e+03
    1.38493e-01     1.76344e+03
    1.39403e-01     1.73985e+03
    1.40319e-01     1.71603e+03
    1.41241e-01     1.69203e+03
    1.42169e-01     1.66792e+03
    1.43103e-01     1.64376e+03
    1.44043e-01     1.61963e+03
    1.44990e-01     1.59558e+03
    1.45942e-01     1.57166e+03
    1.46901e-01     1.54797e+03
    1.47866e-01     1.52455e+03
    1.48838e-01     1.50150e+03
    1.49816e-01     1.47884e+03
    1.50800e-01     1.45666e+03
    1.51791e-01     1.43502e+03
    1.52788e-01     1.41395e+03
    1.53792e-01     1.39352e+03
    1.54802e-01     1.37373e+03
    1.55819e-01     1.35462e+03
    1.56843e-01     1.33622e+03
    1.57873e-01     1.31855e+03
    1.58911e-01     1.30165e+03
    1.59955e-01     1.28553e+03
    1.61006e-01     1.27020e+03
    1.62063e-01     1.25562e+03
    1.63128e-01     1.24178e+03
    1.64200e-01     1.22865e+03
    1.65279e-01     1.21621e+03
    1.66364e-01     1.20443e+03
    1.67458e-01     1.19331e+03
    1.68558e-01     1.18277e+03
    1.69665e-01     1.17278e+03
    1.70780e-01     1.16327e+03
    1.71902e-01     1.15418e+03
    1.73031e-01     1.14544e+03
    1.74168e-01     1.13700e+03
    1.75312e-01     1.12878e+03
    1.76464e-01     1.12075e+03
    1.77624e-01     1.11281e+03
    1.78790e-01     1.10490e+03
    1.79965e-01     1.09697e+03
    1.81148e-01     1.08894e+03
    1.82338e-01     1.08075e+03
    1.83536e-01     1.07233e+03
    1.84741e-01     1.06364e+03
    1.85955e-01     1.05466e+03
    1.87177e-01     1.04535e+03
    1.88407e-01     1.03567e+03
    1.89644e-01     1.02559e+03
    1.90890e-01     1.01508e+03
    1.92145e-01     1.00416e+03
    1.93407e-01     9.92836e+02
    1.94678e-01     9.81129e+02
    1.95957e-01     9.69059e+02
    1.97244e-01     9.56647e+02
    1.98540e-01     9.43922e+02
    1.99844e-01     9.30928e+02
    2.01157e-01     9.17729e+02
    2.02479e-01     9.04380e+02
    2.03809e-01     8.90933e+02
    2.05148e-01     8.77449e+02
    2.06496e-01     8.63989e+02
    2.07853e-01     8.50612e+02
    2.09218e-01     8.37373e+02
    2.10593e-01     8.24340e+02
    2.11977e-01     8.11575e+02
    2.13369e-01     7.99125e+02
    2.14771e-01     7.87040e+02
    2.16182e-01     7.75353e+02
    2.17602e-01     7.64085e+02
    2.19032e-01     7.53267e+02
    2.20471e-01     7.42928e+02
    2.21920e-01     7.33086e+02
    2.23378e-01     7.23728e+02
    2.24845e-01     7.14839e+02
    2.26322e-01     7.06406e+02
    2.27809e-01     6.98419e+02
    2.29306e-01     6.90855e+02
    2.30813e-01     6.83679e+02
    2.32329e-01     6.76833e+02
    2.33855e-01     6.70280e+02
    2.35392e-01     6.63971e+02
    2.36938e-01     6.57852e+02
    2.38495e-01     6.51877e+02
    2.40062e-01     6.45993e+02
    2.41639e-01     6.40144e+02
    2.43227e-01     6.34279e+02
    2.44825e-01     6.28349e+02
    2.46433e-01     6.22318e+02
    2.48052e-01     6.16153e+02
    2.49682e-01     6.09830e+02
    2.51322e-01     6.03310e+02
    2.52974e-01     5.96585e+02
    2.54636e-01     5.89649e+02
    2.56309e-01     5.82511e+02
    2.57993e-01     5.75178e+02
    2.59688e-01     5.67664e+02
    2.61394e-01     5.59984e+02
    2.63111e-01     5.52188e+02
    2.64840e-01     5.44306e+02
    2.66580e-01     5.36373e+02
    2.68331e-01     5.28431e+02
    2.70094e-01     5.20523e+02
    2.71869e-01     5.12689e+02
    2.73655e-01     5.04973e+02
    2.75453e-01     4.97417e+02
    2.77262e-01     4.90045e+02
    2.79084e-01     4.82886e+02
    2.80918e-01     4.75968e+02
    2.82763e-01     4.69311e+02
    2.84621e-01     4.62923e+02
    2.86491e-01     4.56797e+02
    2.88373e-01     4.50938e+02
    2.90268e-01     4.45338e+02
    2.92175e-01     4.39973e+02
    2.94094e-01     4.34828e+02
    2.96027e-01     4.29871e+02
    2.97972e-01     4.25074e+02
    2.99929e-01     4.20408e+02
    3.01900e-01     4.15839e+02
    3.03883e-01     4.11330e+02
    3.05880e-01     4.06848e+02
    3.07889e-01     4.02367e+02
    3.09912e-01     3.97861e+02
    3.11948e-01     3.93307e+02
    3.13998e-01     3.88689e+02
    3.16061e-01     3.83994e+02
    3.18137e-01     3.79222e+02
    3.20227e-01     3.74368e+02
    3.22331e-01     3.69438e+02
    3.24449e-01     3.64450e+02
    3.26581e-01     3.59422e+02
    3.28726e-01     3.54364e+02
    3.30886e-01     3.49309e+02
    3.33060e-01     3.44274e+02
    3.35248e-01     3.39286e+02
    3.37451e-01     3.34370e+02
    3.39668e-01     3.29542e+02
    3.41899e-01     3.24824e+02
    3.44146e-01     3.20233e+02
    3.46407e-01     3.15775e+02
    3.48683e-01     3.11458e+02
    3.50973e-01     3.07282e+02
    3.53279e-01     3.03248e+02
    3.55600e-01     2.99342e+02
    3.57937e-01     2.95558e+02
    3.60288e-01     2.91879e+02
    3.62655e-01     2.88285e+02
    3.65038e-01     2.84764e+02
    3.67436e-01     2.81292e+02
    3.69850e-01     2.77859e+02
    3.72280e-01     2.74441e+02
    3.74726e-01     2.71027e+02
    3.77188e-01     2.67606e+02
    3.79666e-01     2.64174e+02
    3.82161e-01     2.60725e+02
    3.84672e-01     2.57259e+02
    3.87199e-01     2.53781e+02
    3.89743e-01     2.50294e+02
    3.92303e-01     2.46810e+02
    3.94881e-01     2.43342e+02
    3.97475e-01     2.39902e+02
    4.00086e-01     2.36500e+02
    4.02715e-01     2.33147e+02
    4.05361e-01     2.29857e+02
    4.08024e-01     2.26630e+02
    4.10705e-01     2.23479e+02
    4.13403e-01     2.20406e+02
    4.16119e-01     2.17407e+02
    4.18853e-01     2.14482e+02
    4.21605e-01     2.11628e+02
    4.24375e-01     2.08834e+02
    4.27163e-01     2.06092e+02
    4.29970e-01     2.03398e+02
    4.32794e-01     2.00737e+02
    4.35638e-01     1.98107e+02
    4.38500e-01     1.95495e+02
    4.41381e-01     1.92896e+02
    4.44281e-01     1.90310e+02
    4.47200e-01     1.87732e+02
    4.50138e-01     1.85164e+02
    4.53095e-01     1.82606e+02
    4.56072e-01     1.80064e+02
    4.59068e-01     1.77542e+02
    4.62085e-01     1.75044e+02
    4.65120e-01     1.72577e+02
    4.68176e-01     1.70145e+02
    4.71252e-01     1.67753e+02
    4.74348e-01     1.65403e+02
    4.77465e-01     1.63098e+02
    4.80602e-01     1.60839e+02
    4.83759e-01     1.58623e+02
    4.86938e-01     1.56446e+02
    4.90137e-01     1.54310e+02
    4.93357e-01     1.52203e+02
    4.96598e-01     1.50129e+02
    4.99861e-01     1.48079e+02
    5.03145e-01     1.46051e+02
    5.06451e-01     1.44042e+02
    5.09778e-01     1.42051e+02
    5.13127e-01     1.40079e+02
    5.16499e-01     1.38122e+02
    5.19892e-01     1.36184e+02
    5.23308e-01     1.34264e+02
    5.26746e-01     1.32369e+02
    5.30206e-01     1.30496e+02
    5.33690e-01     1.28648e+02
    5.37196e-01     1.26830e+02
    5.40726e-01     1.25040e+02
    5.44278e-01     1.23280e+02
    5.47854e-01     1.21546e+02
    5.51453e-01     1.19843e+02
    5.55077e-01     1.18164e+02
    5.58723e-01     1.16508e+02
    5.62394e-01     1.14877e+02
    5.66089e-01     1.13267e+02
    5.69808e-01     1.11677e+02
    5.73552e-01     1.10104e+02
    5.77320e-01     1.08549e+02
    5.81113e-01     1.07011e+02
    5.84931e-01     1.05490e+02
    5.88774e-01     1.03989e+02
    5.92642e-01     1.02507e+02
    5.96536e-01     1.01045e+02
    6.00455e-01     9.96012e+01
    6.04400e-01     9.81805e+01
    6.08371e-01     9.67800e+01
    6.12368e-01     9.54000e+01
    6.16391e-01     9.40405e+01
    6.20441e-01     9.27009e+01
    6.24517e-01     9.13799e+01
    6.28620e-01     9.00762e+01
    6.32750e-01     8.87902e+01
    6.36908e-01     8.75214e+01
    6.41092e-01     8.62687e+01
    6.45304e-01     8.50313e+01
    6.49544e-01     8.38099e+01
    6.53811e-01     8.26047e+01
    6.58107e-01     8.14158e+01
    6.62430e-01     8.02430e+01
    6.66783e-01     7.90865e+01
    6.71163e-01     7.79456e+01
    6.75573e-01     7.68210e+01
    6.80011e-01     7.57127e+01
    6.84479e-01     7.46205e+01
    6.88976e-01     7.35436e+01
    6.93503e-01     7.24812e+01
    6.98059e-01     7.14331e+01
    7.02645e-01     7.03996e+01
    7.07262e-01     6.93800e+01
    7.11908e-01     6.83732e+01
    7.16586e-01     6.73805e+01
    7.21294e-01     6.64019e+01
    7.26032e-01     6.54363e+01
    7.30802e-01     6.44840e+01
    7.35604e-01     6.35453e+01
    7.40437e-01     6.26195e+01
    7.45301e-01     6.17065e+01
    7.50198e-01     6.08065e+01
    7.55127e-01     5.99193e+01
    7.60088e-01     5.90444e+01
    7.65082e-01     5.81818e+01
    7.70108e-01     5.73308e+01
    7.75168e-01     5.64915e+01
    7.80261e-01     5.56642e+01
    7.85387e-01     5.48482e+01
    7.90547e-01     5.40432e+01
    7.95741e-01     5.32499e+01
    8.00969e-01     5.24676e+01
    8.06231e-01     5.16957e+01
    8.11528e-01     5.09356e+01
    8.16860e-01     5.01862e+01
    8.22227e-01     4.94469e+01
    8.27629e-01     4.87179e+01
    8.33066e-01     4.79992e+01
    8.38540e-01     4.72907e+01
    8.44049e-01     4.65923e+01
    8.49594e-01     4.59035e+01
    8.55176e-01     4.52249e+01
    8.60795e-01     4.45558e+01
    8.66450e-01     4.38957e+01
    8.72142e-01     4.32449e+01
    8.77872e-01     4.26035e+01
    8.83640e-01     4.19713e+01
    8.89446e-01     4.13487e+01
    8.95289e-01     4.07346e+01
    9.01171e-01     4.01289e+01
    9.07092e-01     3.95321e+01
    9.13052e-01     3.89440e+01
    9.19050e-01     3.83630e+01
    9.25088e-01     3.77920e+01
    9.31166e-01     3.72287e+01
    9.37284e-01     3.66734e+01
    9.43442e-01     3.61258e+01
    9.49640e-01     3.55864e+01
    9.55880e-01     3.50546e+01
    9.62160e-01     3.45301e+01
    9.68481e-01     3.40135e+01
    9.74844e-01     3.35043e+01
    9.81249e-01     3.30024e+01
    9.87695e-01     3.25077e+01
    9.94185e-01     3.20200e+01
    1.00072e+00     3.15393e+01
    1.00729e+00     3.10663e+01
    1.01391e+00     3.05988e+01
    1.02057e+00     3.01385e+01
    1.02728e+00     2.96855e+01
    1.03402e+00     2.92381e+01
    1.04082e+00     2.87979e+01
    1.04766e+00     2.83639e+01
    1.05454e+00     2.79364e+01
    1.06147e+00     2.75146e+01
    1.06844e+00     2.70988e+01
    1.07546e+00     2.66896e+01
    1.08253e+00     2.62863e+01
    1.08964e+00     2.58887e+01
    1.09680e+00     2.54971e+01
    1.10400e+00     2.51104e+01
    1.11126e+00     2.47304e+01
    1.11856e+00     2.43552e+01
    1.12591e+00     2.39861e+01
    1.13330e+00     2.36215e+01
    1.14075e+00     2.32633e+01
    1.14825e+00     2.29094e+01
    1.15579e+00     2.25615e+01
    1.16338e+00     2.22182e+01
    1.17103e+00     2.18797e+01
    1.17872e+00     2.15470e+01
    1.18646e+00     2.12184e+01
    1.19426e+00     2.08952e+01
    1.20211e+00     2.05765e+01
    1.21000e+00     2.02623e+01
    1.21795e+00     1.99530e+01
    1.22595e+00     1.96480e+01
    1.23401e+00     1.93477e+01
    1.24212e+00     1.90519e+01
    1.25028e+00     1.87602e+01
    1.25849e+00     1.84730e+01
    1.26676e+00     1.81902e+01
    1.27508e+00     1.79112e+01
    1.28346e+00     1.76367e+01
    1.29189e+00     1.73663e+01
    1.30038e+00     1.70995e+01
    1.30892e+00     1.68369e+01
    1.31752e+00     1.65782e+01
    1.32618e+00     1.63233e+01
    1.33489e+00     1.60724e+01
    1.34366e+00     1.58249e+01
    1.35249e+00     1.55814e+01
    1.36138e+00     1.53412e+01
    1.37032e+00     1.51050e+01
    1.37932e+00     1.48718e+01
    1.38839e+00     1.46426e+01
    1.39751e+00     1.44167e+01
    1.40669e+00     1.41941e+01
    1.41593e+00     1.39748e+01
    1.42523e+00     1.37586e+01
    1.43460e+00     1.35459e+01
    1.44402e+00     1.33364e+01
    1.45351e+00     1.31300e+01
    1.46306e+00     1.29267e+01
    1.47267e+00     1.27263e+01
    1.48235e+00     1.25291e+01
    1.49209e+00     1.23348e+01
    1.50189e+00     1.21433e+01
    1.51176e+00     1.19547e+01
    1.52169e+00     1.17691e+01
    1.53169e+00     1.15862e+01
    1.54175e+00     1.14059e+01
    1.55188e+00     1.12284e+01
    1.56207e+00     1.10537e+01
    1.57234e+00     1.08815e+01
    1.58267e+00     1.07122e+01
    1.59307e+00     1.05452e+01
    1.60353e+00     1.03807e+01
    1.61407e+00     1.02188e+01
    1.62467e+00     1.00592e+01
    1.63535e+00     9.90229e+00
    1.64609e+00     9.74757e+00
    1.65690e+00     9.59502e+00
    1.66779e+00     9.44519e+00
    1.67875e+00     9.29739e+00
    1.68978e+00     9.15202e+00
    1.70088e+00     9.00867e+00
    1.71205e+00     8.86743e+00
    1.72330e+00     8.72862e+00
    1.73462e+00     8.59161e+00
    1.74602e+00     8.45690e+00
    1.75749e+00     8.32416e+00
    1.76904e+00     8.19370e+00
    1.78066e+00     8.06489e+00
    1.79236e+00     7.93806e+00
    1.80414e+00     7.81347e+00
    1.81599e+00     7.69050e+00
    1.82792e+00     7.56966e+00
    1.83993e+00     7.45037e+00
    1.85202e+00     7.33318e+00
    1.86419e+00     7.21771e+00
    1.87643e+00     7.10390e+00
    1.88876e+00     6.99183e+00
    1.90117e+00     6.88154e+00
    1.91366e+00     6.77302e+00
    1.92623e+00     6.66617e+00
    1.93889e+00     6.56092e+00
    1.95163e+00     6.45722e+00
    1.96445e+00     6.35516e+00
    1.97736e+00     6.25468e+00
    1.99035e+00     6.15581e+00
    2.00342e+00     6.05830e+00
    2.01659e+00     5.96235e+00
    2.02984e+00     5.86800e+00
    2.04317e+00     5.77497e+00
    2.05659e+00     5.68337e+00
    2.07011e+00     5.59330e+00
    2.08371e+00     5.50453e+00
    2.09740e+00     5.41717e+00
    2.11118e+00     5.33111e+00
    2.12505e+00     5.24645e+00
    2.13901e+00     5.16316e+00
    2.15306e+00     5.08099e+00
    2.16721e+00     5.00021e+00
    2.18145e+00     4.92062e+00
    2.19578e+00     4.84237e+00
    2.21020e+00     4.76522e+00
    2.22473e+00     4.68927e+00
    2.23934e+00     4.61455e+00
    2.25405e+00     4.54101e+00
    2.26886e+00     4.46855e+00
    2.28377e+00     4.39733e+00
    2.29877e+00     4.32708e+00
    2.31388e+00     4.25808e+00
    2.32908e+00     4.19004e+00
    2.34438e+00     4.12306e+00
    2.35978e+00     4.05720e+00
    2.37529e+00     3.99232e+00
    2.39089e+00     3.92846e+00
    2.40660e+00     3.86557e+00
    2.42241e+00     3.80371e+00
    2.43833e+00     3.74280e+00
    2.45435e+00     3.68284e+00
    2.47047e+00     3.62386e+00
    2.48670e+00     3.56573e+00
    2.50304e+00     3.50855e+00
    2.51949e+00     3.45227e+00
    2.53604e+00     3.39685e+00
    2.55270e+00     3.34232e+00
    2.56947e+00     3.28864e+00
    2.58635e+00     3.23582e+00
    2.60335e+00     3.18381e+00
    2.62045e+00     3.13257e+00
    2.63767e+00     3.08223e+00
    2.65500e+00     3.03262e+00
    2.67244e+00     2.98380e+00
    2.69000e+00     2.93574e+00
    2.70767e+00     2.88846e+00
    2.72546e+00     2.84191e+00
    2.74337e+00     2.79610e+00
    2.76139e+00     2.75099e+00
    2.77953e+00     2.70663e+00
    2.79779e+00     2.66294e+00
    2.81618e+00     2.61997e+00
    2.83468e+00     2.57765e+00
    2.85330e+00     2.53602e+00
    2.87205e+00     2.49502e+00
    2.89092e+00     2.45469e+00
    2.90991e+00     2.41500e+00
    2.92903e+00     2.37593e+00
    2.94827e+00     2.33746e+00
    2.96764e+00     2.29964e+00
    2.98714e+00     2.26240e+00
    3.00677e+00     2.22578e+00
    3.02652e+00     2.18969e+00
    3.04640e+00     2.15420e+00
    3.06642e+00     2.11929e+00
    3.08657e+00     2.08491e+00
    3.10684e+00     2.05107e+00
    3.12726e+00     2.01779e+00
    3.14780e+00     1.98503e+00
    3.16848e+00     1.95278e+00
    3.18930e+00     1.92105e+00
    3.21025e+00     1.88982e+00
    3.23135e+00     1.85911e+00
    3.25258e+00     1.82888e+00
    3.27394e+00     1.79911e+00
    3.29545e+00     1.76985e+00
    3.31711e+00     1.74105e+00
    3.33890e+00     1.71267e+00
    3.36084e+00     1.68479e+00
    3.38292e+00     1.65733e+00
    3.40514e+00     1.63032e+00
    3.42751e+00     1.60373e+00
    3.45003e+00     1.57756e+00
    3.47270e+00     1.55183e+00
    3.49551e+00     1.52648e+00
    3.51848e+00     1.50156e+00
    3.54160e+00     1.47706e+00
    3.56486e+00     1.45291e+00
    3.58829e+00     1.42919e+00
    3.61186e+00     1.40582e+00
    3.63559e+00     1.38281e+00
    3.65948e+00     1.36020e+00
    3.68352e+00     1.33795e+00
    3.70772e+00     1.31605e+00
    3.73208e+00     1.29450e+00
    3.75660e+00     1.27331e+00
    3.78128e+00     1.25244e+00
    3.80612e+00     1.23192e+00
    3.83113e+00     1.21173e+00
    3.85630e+00     1.19186e+00
    3.88164e+00     1.17232e+00
    3.90714e+00     1.15309e+00
    3.93281e+00     1.13416e+00
    3.95865e+00     1.11554e+00
    3.98465e+00     1.09722e+00
    4.01083e+00     1.07919e+00
    4.03718e+00     1.06146e+00
    4.06371e+00     1.04402e+00
    4.09041e+00     1.02685e+00
    4.11728e+00     1.00996e+00
    4.14433e+00     9.93345e-01
    4.17156e+00     9.76995e-01
    4.19897e+00     9.60915e-01
    4.22655e+00     9.45090e-01
    4.25432e+00     9.29522e-01
    4.28227e+00     9.14208e-01
    4.31041e+00     8.99144e-01
    4.33873e+00     8.84320e-01
    4.36723e+00     8.69740e-01
    4.39593e+00     8.55388e-01
    4.42481e+00     8.41281e-01
    4.45388e+00     8.27396e-01
    4.48314e+00     8.13737e-01
    4.51259e+00     8.00302e-01
    4.54224e+00     7.87082e-01
    4.57208e+00     7.74078e-01
    4.60212e+00     7.61286e-01
    4.63236e+00     7.48700e-01
    4.66279e+00     7.36321e-01
    4.69343e+00     7.24143e-01
    4.72426e+00     7.12161e-01
    4.75530e+00     7.00376e-01
    4.78654e+00     6.88777e-01
    4.81799e+00     6.77377e-01
    4.84965e+00     6.66158e-01
    4.88151e+00     6.55121e-01
    4.91358e+00     6.44261e-01
    4.94586e+00     6.33583e-01
    4.97836e+00     6.23077e-01
