    1.02795e-05     4.09003e+01
    1.03470e-05     4.11595e+01
    1.04150e-05     4.14205e+01
    1.04834e-05     4.16829e+01
    1.05523e-05     4.19473e+01
    1.06216e-05     4.22131e+01
    1.06914e-05     4.24808e+01
    1.07617e-05     4.27503e+01
    1.08324e-05     4.30213e+01
    1.09035e-05     4.32937e+01
    1.09752e-05     4.35684e+01
    1.10473e-05     4.38446e+01
    1.11198e-05     4.41222e+01
    1.11929e-05     4.44021e+01
    1.12664e-05     4.46834e+01
    1.13405e-05     4.49670e+01
    1.14150e-05     4.52520e+01
    1.14900e-05     4.55389e+01
    1.15655e-05     4.58276e+01
    1.16414e-05     4.61178e+01
    1.17179e-05     4.64102e+01
    1.17949e-05     4.67045e+01
    1.18724e-05     4.70006e+01
    1.19504e-05     4.72986e+01
    1.20289e-05     4.75983e+01
    1.21079e-05     4.79000e+01
    1.21875e-05     4.82038e+01
    1.22676e-05     4.85095e+01
    1.23482e-05     4.88170e+01
    1.24293e-05     4.91264e+01
    1.25110e-05     4.94380e+01
    1.25932e-05     4.97514e+01
    1.26759e-05     5.00666e+01
    1.27592e-05     5.03841e+01
    1.28430e-05     5.07034e+01
    1.29274e-05     5.10249e+01
    1.30123e-05     5.13482e+01
    1.30978e-05     5.16738e+01
    1.31838e-05     5.20012e+01
    1.32705e-05     5.23311e+01
    1.33577e-05     5.26629e+01
    1.34454e-05     5.29965e+01
    1.35338e-05     5.33327e+01
    1.36227e-05     5.36708e+01
    1.37122e-05     5.40110e+01
    1.38023e-05     5.43534e+01
    1.38929e-05     5.46977e+01
    1.39842e-05     5.50445e+01
    1.40761e-05     5.53936e+01
    1.41686e-05     5.57448e+01
    1.42617e-05     5.60982e+01
    1.43554e-05     5.64539e+01
    1.44497e-05     5.68117e+01
    1.45446e-05     5.71717e+01
    1.46402e-05     5.75343e+01
    1.47363e-05     5.78987e+01
    1.48332e-05     5.82660e+01
    1.49306e-05     5.86352e+01
    1.50287e-05     5.90069e+01
    1.51275e-05     5.93812e+01
    1.52268e-05     5.97573e+01
    1.53269e-05     6.01364e+01
    1.54276e-05     6.05176e+01
    1.55289e-05     6.09010e+01
    1.56310e-05     6.12874e+01
    1.57337e-05     6.16759e+01
    1.58370e-05     6.20666e+01
    1.59411e-05     6.24603e+01
    1.60458e-05     6.28561e+01
    1.61512e-05     6.32545e+01
    1.62573e-05     6.36554e+01
    1.63642e-05     6.40593e+01
    1.64717e-05     6.44654e+01
    1.65799e-05     6.48740e+01
    1.66888e-05     6.52851e+01
    1.67985e-05     6.56992e+01
    1.69088e-05     6.61154e+01
    1.70199e-05     6.65346e+01
    1.71317e-05     6.69563e+01
    1.72443e-05     6.73809e+01
    1.73576e-05     6.78081e+01
    1.74716e-05     6.82378e+01
    1.75864e-05     6.86704e+01
    1.77020e-05     6.91059e+01
    1.78183e-05     6.95440e+01
    1.79353e-05     6.99846e+01
    1.80532e-05     7.04285e+01
    1.81718e-05     7.08750e+01
    1.82912e-05     7.13243e+01
    1.84113e-05     7.17762e+01
    1.85323e-05     7.22313e+01
    1.86541e-05     7.26894e+01
    1.87766e-05     7.31500e+01
    1.89000e-05     7.36137e+01
    1.90241e-05     7.40801e+01
    1.91491e-05     7.45497e+01
    1.92749e-05     7.50221e+01
    1.94016e-05     7.54980e+01
    1.95290e-05     7.59762e+01
    1.96574e-05     7.64582e+01
    1.97865e-05     7.69427e+01
    1.99165e-05     7.74303e+01
    2.00473e-05     7.79210e+01
    2.01791e-05     7.84153e+01
    2.03116e-05     7.89119e+01
    2.04451e-05     7.94124e+01
    2.05794e-05     7.99157e+01
    2.07146e-05     8.04223e+01
    2.08507e-05     8.09321e+01
    2.09877e-05     8.14452e+01
    2.11256e-05     8.19616e+01
    2.12644e-05     8.24810e+01
    2.14041e-05     8.30040e+01
    2.15447e-05     8.35301e+01
    2.16863e-05     8.40598e+01
    2.18287e-05     8.45924e+01
    2.19722e-05     8.51290e+01
    2.21165e-05     8.56684e+01
    2.22618e-05     8.62115e+01
    2.24081e-05     8.67582e+01
    2.25553e-05     8.73081e+01
    2.27035e-05     8.78616e+01
    2.28526e-05     8.84183e+01
    2.30028e-05     8.89791e+01
    2.31539e-05     8.95430e+01
    2.33060e-05     9.01106e+01
    2.34592e-05     9.06821e+01
    2.36133e-05     9.12569e+01
    2.37684e-05     9.18353e+01
    2.39246e-05     9.24176e+01
    2.40818e-05     9.30035e+01
    2.42400e-05     9.35930e+01
    2.43992e-05     9.41861e+01
    2.45595e-05     9.47832e+01
    2.47209e-05     9.53842e+01
    2.48833e-05     9.59888e+01
    2.50468e-05     9.65974e+01
    2.52114e-05     9.72099e+01
    2.53770e-05     9.78260e+01
    2.55437e-05     9.84461e+01
    2.57115e-05     9.90701e+01
    2.58805e-05     9.96984e+01
    2.60505e-05     1.00330e+02
    2.62217e-05     1.00966e+02
    2.63939e-05     1.01606e+02
    2.65673e-05     1.02251e+02
    2.67419e-05     1.02899e+02
    2.69176e-05     1.03551e+02
    2.70944e-05     1.04207e+02
    2.72724e-05     1.04868e+02
    2.74516e-05     1.05533e+02
    2.76320e-05     1.06202e+02
    2.78135e-05     1.06875e+02
    2.79963e-05     1.07553e+02
    2.81802e-05     1.08234e+02
    2.83653e-05     1.08920e+02
    2.85517e-05     1.09611e+02
    2.87393e-05     1.10306e+02
    2.89281e-05     1.11005e+02
    2.91181e-05     1.11708e+02
    2.93095e-05     1.12416e+02
    2.95020e-05     1.13129e+02
    2.96958e-05     1.13846e+02
    2.98909e-05     1.14567e+02
    3.00873e-05     1.15294e+02
    3.02850e-05     1.16025e+02
    3.04840e-05     1.16760e+02
    3.06843e-05     1.17500e+02
    3.08859e-05     1.18245e+02
    3.10888e-05     1.18995e+02
    3.12930e-05     1.19749e+02
    3.14986e-05     1.20508e+02
    3.17056e-05     1.21272e+02
    3.19139e-05     1.22041e+02
    3.21235e-05     1.22814e+02
    3.23346e-05     1.23593e+02
    3.25470e-05     1.24376e+02
    3.27609e-05     1.25165e+02
    3.29761e-05     1.25958e+02
    3.31928e-05     1.26757e+02
    3.34108e-05     1.27560e+02
    3.36303e-05     1.28369e+02
    3.38513e-05     1.29183e+02
    3.40737e-05     1.30002e+02
    3.42976e-05     1.30826e+02
    3.45229e-05     1.31655e+02
    3.47497e-05     1.32490e+02
    3.49780e-05     1.33330e+02
    3.52078e-05     1.34175e+02
    3.54391e-05     1.35025e+02
    3.56720e-05     1.35881e+02
    3.59063e-05     1.36742e+02
    3.61422e-05     1.37609e+02
    3.63797e-05     1.38481e+02
    3.66187e-05     1.39359e+02
    3.68593e-05     1.40242e+02
    3.71015e-05     1.41131e+02
    3.73452e-05     1.42026e+02
    3.75906e-05     1.42926e+02
    3.78375e-05     1.43832e+02
    3.80861e-05     1.44744e+02
    3.83364e-05     1.45662e+02
    3.85882e-05     1.46584e+02
    3.88418e-05     1.47514e+02
    3.90969e-05     1.48449e+02
    3.93538e-05     1.49390e+02
    3.96124e-05     1.50337e+02
    3.98726e-05     1.51290e+02
    4.01346e-05     1.52249e+02
    4.03983e-05     1.53214e+02
    4.06637e-05     1.54185e+02
    4.09308e-05     1.55162e+02
    4.11998e-05     1.56146e+02
    4.14704e-05     1.57135e+02
    4.17429e-05     1.58131e+02
    4.20172e-05     1.59134e+02
    4.22932e-05     1.60143e+02
    4.25711e-05     1.61158e+02
    4.28508e-05     1.62179e+02
    4.31323e-05     1.63207e+02
    4.34157e-05     1.64242e+02
    4.37009e-05     1.65283e+02
    4.39880e-05     1.66330e+02
    4.42770e-05     1.67384e+02
    4.45679e-05     1.68445e+02
    4.48607e-05     1.69513e+02
    4.51555e-05     1.70588e+02
    4.54521e-05     1.71669e+02
    4.57508e-05     1.72757e+02
    4.60513e-05     1.73852e+02
    4.63539e-05     1.74954e+02
    4.66584e-05     1.76063e+02
    4.69650e-05     1.77179e+02
    4.72736e-05     1.78302e+02
    4.75841e-05     1.79432e+02
    4.78968e-05     1.80570e+02
    4.82114e-05     1.81715e+02
    4.85282e-05     1.82866e+02
    4.88470e-05     1.84026e+02
    4.91680e-05     1.85192e+02
    4.94910e-05     1.86366e+02
    4.98161e-05     1.87547e+02
    5.01434e-05     1.88736e+02
    5.04729e-05     1.89932e+02
    5.08045e-05     1.91136e+02
    5.11383e-05     1.92348e+02
    5.14742e-05     1.93566e+02
    5.18124e-05     1.94794e+02
    5.21528e-05     1.96028e+02
    5.24955e-05     1.97270e+02
    5.28404e-05     1.98521e+02
    5.31875e-05     1.99779e+02
    5.35370e-05     2.01045e+02
    5.38887e-05     2.02320e+02
    5.42428e-05     2.03602e+02
    5.45991e-05     2.04892e+02
    5.49579e-05     2.06191e+02
    5.53189e-05     2.07498e+02
    5.56824e-05     2.08813e+02
    5.60482e-05     2.10136e+02
    5.64164e-05     2.11468e+02
    5.67871e-05     2.12808e+02
    5.71602e-05     2.14157e+02
    5.75357e-05     2.15514e+02
    5.79137e-05     2.16880e+02
    5.82942e-05     2.18254e+02
    5.86772e-05     2.19638e+02
    5.90627e-05     2.21030e+02
    5.94508e-05     2.22431e+02
    5.98414e-05     2.23841e+02
    6.02345e-05     2.25259e+02
    6.06303e-05     2.26687e+02
    6.10286e-05     2.28124e+02
    6.14296e-05     2.29570e+02
    6.18332e-05     2.31025e+02
    6.22394e-05     2.32489e+02
    6.26483e-05     2.33962e+02
    6.30599e-05     2.35446e+02
    6.34742e-05     2.36938e+02
    6.38912e-05     2.38440e+02
    6.43110e-05     2.39951e+02
    6.47335e-05     2.41471e+02
    6.51588e-05     2.43002e+02
    6.55869e-05     2.44542e+02
    6.60178e-05     2.46092e+02
    6.64516e-05     2.47652e+02
    6.68881e-05     2.49221e+02
    6.73276e-05     2.50801e+02
    6.77699e-05     2.52390e+02
    6.82152e-05     2.53990e+02
    6.86634e-05     2.55600e+02
    6.91145e-05     2.57220e+02
    6.95686e-05     2.58850e+02
    7.00256e-05     2.60490e+02
    7.04857e-05     2.62141e+02
    7.09488e-05     2.63802e+02
    7.14149e-05     2.65474e+02
    7.18841e-05     2.67156e+02
    7.23564e-05     2.68849e+02
    7.28318e-05     2.70553e+02
    7.33103e-05     2.72268e+02
    7.37919e-05     2.73993e+02
    7.42767e-05     2.75729e+02
    7.47647e-05     2.77477e+02
    7.52559e-05     2.79235e+02
    7.57504e-05     2.81005e+02
    7.62480e-05     2.82786e+02
    7.67490e-05     2.84578e+02
    7.72532e-05     2.86381e+02
    7.77608e-05     2.88196e+02
    7.82717e-05     2.90023e+02
    7.87859e-05     2.91861e+02
    7.93035e-05     2.93710e+02
    7.98246e-05     2.95572e+02
    8.03490e-05     2.97445e+02
    8.08769e-05     2.99330e+02
    8.14083e-05     3.01227e+02
    8.19431e-05     3.03136e+02
    8.24815e-05     3.05057e+02
    8.30234e-05     3.06990e+02
    8.35689e-05     3.08936e+02
    8.41179e-05     3.10893e+02
    8.46706e-05     3.12864e+02
    8.52268e-05     3.14846e+02
    8.57868e-05     3.16841e+02
    8.63504e-05     3.18849e+02
    8.69177e-05     3.20869e+02
    8.74888e-05     3.22902e+02
    8.80636e-05     3.24949e+02
    8.86421e-05     3.27008e+02
    8.92245e-05     3.29079e+02
    8.98107e-05     3.31165e+02
    9.04008e-05     3.33264e+02
    9.09947e-05     3.35375e+02
    9.15926e-05     3.37500e+02
    9.21943e-05     3.39638e+02
    9.28000e-05     3.41791e+02
    9.34097e-05     3.43956e+02
    9.40234e-05     3.46135e+02
    9.46412e-05     3.48329e+02
    9.52630e-05     3.50536e+02
    9.58888e-05     3.52757e+02
    9.65188e-05     3.54992e+02
    9.71529e-05     3.57241e+02
    9.77912e-05     3.59505e+02
    9.84337e-05     3.61782e+02
    9.90804e-05     3.64074e+02
    9.97314e-05     3.66382e+02
    1.00387e-04     3.68704e+02
    1.01046e-04     3.71038e+02
    1.01710e-04     3.73389e+02
    1.02378e-04     3.75755e+02
    1.03051e-04     3.78136e+02
    1.03728e-04     3.80532e+02
    1.04409e-04     3.82941e+02
    1.05095e-04     3.85367e+02
    1.05786e-04     3.87811e+02
    1.06481e-04     3.90268e+02
    1.07180e-04     3.92738e+02
    1.07885e-04     3.95229e+02
    1.08593e-04     3.97730e+02
    1.09307e-04     4.00252e+02
    1.10025e-04     4.02787e+02
    1.10748e-04     4.05339e+02
    1.11476e-04     4.07908e+02
    1.12208e-04     4.10491e+02
    1.12945e-04     4.13091e+02
    1.13687e-04     4.15707e+02
    1.14434e-04     4.18341e+02
    1.15186e-04     4.20991e+02
    1.15943e-04     4.23659e+02
    1.16704e-04     4.26339e+02
    1.17471e-04     4.29040e+02
    1.18243e-04     4.31759e+02
    1.19020e-04     4.34494e+02
    1.19802e-04     4.37246e+02
    1.20589e-04     4.40016e+02
    1.21381e-04     4.42801e+02
    1.22179e-04     4.45608e+02
    1.22981e-04     4.48427e+02
    1.23789e-04     4.51268e+02
    1.24603e-04     4.54129e+02
    1.25421e-04     4.57003e+02
    1.26245e-04     4.59897e+02
    1.27075e-04     4.62812e+02
    1.27910e-04     4.65744e+02
    1.28750e-04     4.68692e+02
    1.29596e-04     4.71661e+02
    1.30447e-04     4.74647e+02
    1.31304e-04     4.77653e+02
    1.32167e-04     4.80679e+02
    1.33035e-04     4.83722e+02
    1.33909e-04     4.86785e+02
    1.34789e-04     4.89869e+02
    1.35675e-04     4.92973e+02
    1.36566e-04     4.96094e+02
    1.37463e-04     4.99234e+02
    1.38366e-04     5.02395e+02
    1.39276e-04     5.05580e+02
    1.40191e-04     5.08781e+02
    1.41112e-04     5.12003e+02
    1.42039e-04     5.15245e+02
    1.42972e-04     5.18507e+02
    1.43911e-04     5.21789e+02
    1.44857e-04     5.25095e+02
    1.45808e-04     5.28417e+02
    1.46766e-04     5.31763e+02
    1.47731e-04     5.35132e+02
    1.48701e-04     5.38519e+02
    1.49678e-04     5.41929e+02
    1.50662e-04     5.45362e+02
    1.51651e-04     5.48812e+02
    1.52648e-04     5.52289e+02
    1.53651e-04     5.55786e+02
    1.54660e-04     5.59303e+02
    1.55676e-04     5.62844e+02
    1.56699e-04     5.66408e+02
    1.57729e-04     5.69996e+02
    1.58765e-04     5.73604e+02
    1.59808e-04     5.77235e+02
    1.60858e-04     5.80890e+02
    1.61915e-04     5.84567e+02
    1.62979e-04     5.88269e+02
    1.64049e-04     5.91990e+02
    1.65127e-04     5.95738e+02
    1.66212e-04     5.99509e+02
    1.67304e-04     6.03304e+02
    1.68403e-04     6.07121e+02
    1.69510e-04     6.10966e+02
    1.70623e-04     6.14831e+02
    1.71744e-04     6.18722e+02
    1.72873e-04     6.22641e+02
    1.74008e-04     6.26577e+02
    1.75152e-04     6.30546e+02
    1.76302e-04     6.34533e+02
    1.77461e-04     6.38550e+02
    1.78627e-04     6.42592e+02
    1.79800e-04     6.46656e+02
    1.80981e-04     6.50746e+02
    1.82170e-04     6.54864e+02
    1.83367e-04     6.59008e+02
    1.84572e-04     6.63178e+02
    1.85785e-04     6.67376e+02
    1.87005e-04     6.71596e+02
    1.88234e-04     6.75845e+02
    1.89471e-04     6.80123e+02
    1.90715e-04     6.84423e+02
    1.91968e-04     6.88754e+02
    1.93230e-04     6.93113e+02
    1.94499e-04     6.97497e+02
    1.95777e-04     7.01909e+02
    1.97063e-04     7.06348e+02
    1.98358e-04     7.10818e+02
    1.99661e-04     7.15313e+02
    2.00973e-04     7.19839e+02
    2.02293e-04     7.24390e+02
    2.03622e-04     7.28972e+02
    2.04960e-04     7.33584e+02
    2.06307e-04     7.38225e+02
    2.07662e-04     7.42892e+02
    2.09027e-04     7.47593e+02
    2.10400e-04     7.52321e+02
    2.11782e-04     7.57077e+02
    2.13174e-04     7.61866e+02
    2.14574e-04     7.66681e+02
    2.15984e-04     7.71532e+02
    2.17403e-04     7.76410e+02
    2.18831e-04     7.81318e+02
    2.20269e-04     7.86258e+02
    2.21716e-04     7.91229e+02
    2.23173e-04     7.96233e+02
    2.24639e-04     8.01266e+02
    2.26115e-04     8.06333e+02
    2.27601e-04     8.11431e+02
    2.29096e-04     8.16559e+02
    2.30601e-04     8.21720e+02
    2.32116e-04     8.26916e+02
    2.33641e-04     8.32141e+02
    2.35176e-04     8.37402e+02
    2.36721e-04     8.42695e+02
    2.38276e-04     8.48019e+02
    2.39842e-04     8.53381e+02
    2.41418e-04     8.58775e+02
    2.43004e-04     8.64201e+02
    2.44600e-04     8.69660e+02
    2.46207e-04     8.75156e+02
    2.47825e-04     8.80687e+02
    2.49453e-04     8.86250e+02
    2.51092e-04     8.91851e+02
    2.52742e-04     8.97486e+02
    2.54402e-04     9.03154e+02
    2.56074e-04     9.08861e+02
    2.57756e-04     9.14599e+02
    2.59450e-04     9.20379e+02
    2.61154e-04     9.26189e+02
    2.62870e-04     9.32041e+02
    2.64597e-04     9.37926e+02
    2.66335e-04     9.43848e+02
    2.68085e-04     9.49807e+02
    2.69846e-04     9.55805e+02
    2.71619e-04     9.61839e+02
    2.73404e-04     9.67915e+02
    2.75200e-04     9.74024e+02
    2.77008e-04     9.80173e+02
    2.78828e-04     9.86362e+02
    2.80660e-04     9.92589e+02
    2.82504e-04     9.98855e+02
    2.84360e-04     1.00516e+03
    2.86228e-04     1.01150e+03
    2.88109e-04     1.01789e+03
    2.90002e-04     1.02431e+03
    2.91907e-04     1.03078e+03
    2.93825e-04     1.03728e+03
    2.95755e-04     1.04383e+03
    2.97698e-04     1.05041e+03
    2.99654e-04     1.05704e+03
    3.01623e-04     1.06371e+03
    3.03605e-04     1.07042e+03
    3.05599e-04     1.07717e+03
    3.07607e-04     1.08397e+03
    3.09628e-04     1.09080e+03
    3.11662e-04     1.09768e+03
    3.13710e-04     1.10461e+03
    3.15771e-04     1.11157e+03
    3.17846e-04     1.11858e+03
    3.19934e-04     1.12564e+03
    3.22036e-04     1.13273e+03
    3.24152e-04     1.13988e+03
    3.26281e-04     1.14706e+03
    3.28425e-04     1.15429e+03
    3.30583e-04     1.16157e+03
    3.32755e-04     1.16889e+03
    3.34941e-04     1.17625e+03
    3.37141e-04     1.18367e+03
    3.39356e-04     1.19112e+03
    3.41586e-04     1.19863e+03
    3.43830e-04     1.20618e+03
    3.46089e-04     1.21378e+03
    3.48363e-04     1.22143e+03
    3.50652e-04     1.22912e+03
    3.52955e-04     1.23686e+03
    3.55274e-04     1.24465e+03
    3.57609e-04     1.25249e+03
    3.59958e-04     1.26038e+03
    3.62323e-04     1.26831e+03
    3.64703e-04     1.27629e+03
    3.67100e-04     1.28433e+03
    3.69511e-04     1.29241e+03
    3.71939e-04     1.30055e+03
    3.74383e-04     1.30874e+03
    3.76842e-04     1.31697e+03
    3.79318e-04     1.32525e+03
    3.81810e-04     1.33359e+03
    3.84319e-04     1.34199e+03
    3.86844e-04     1.35043e+03
    3.89385e-04     1.35892e+03
    3.91944e-04     1.36747e+03
    3.94519e-04     1.37607e+03
    3.97111e-04     1.38472e+03
    3.99720e-04     1.39343e+03
    4.02346e-04     1.40219e+03
    4.04989e-04     1.41100e+03
    4.07650e-04     1.41987e+03
    4.10328e-04     1.42879e+03
    4.13024e-04     1.43777e+03
    4.15738e-04     1.44681e+03
    4.18469e-04     1.45590e+03
    4.21218e-04     1.46505e+03
    4.23986e-04     1.47425e+03
    4.26771e-04     1.48351e+03
    4.29575e-04     1.49283e+03
    4.32398e-04     1.50221e+03
    4.35238e-04     1.51164e+03
    4.38098e-04     1.52113e+03
    4.40976e-04     1.53068e+03
    4.43873e-04     1.54029e+03
    4.46790e-04     1.54996e+03
    4.49725e-04     1.55969e+03
    4.52680e-04     1.56948e+03
    4.55654e-04     1.57932e+03
    4.58648e-04     1.58923e+03
    4.61661e-04     1.59920e+03
    4.64694e-04     1.60923e+03
    4.67747e-04     1.61932e+03
    4.70820e-04     1.62947e+03
    4.73913e-04     1.63969e+03
    4.77027e-04     1.64996e+03
    4.80161e-04     1.66030e+03
    4.83316e-04     1.67071e+03
    4.86491e-04     1.68118e+03
    4.89687e-04     1.69171e+03
    4.92905e-04     1.70230e+03
    4.96143e-04     1.71297e+03
    4.99403e-04     1.72369e+03
    5.02684e-04     1.73449e+03
    5.05986e-04     1.74534e+03
    5.09311e-04     1.75627e+03
    5.12657e-04     1.76726e+03
    5.16025e-04     1.77832e+03
    5.19415e-04     1.78945e+03
    5.22828e-04     1.80064e+03
    5.26263e-04     1.81190e+03
    5.29720e-04     1.82324e+03
    5.33201e-04     1.83464e+03
    5.36704e-04     1.84611e+03
    5.40230e-04     1.85765e+03
    5.43779e-04     1.86926e+03
    5.47352e-04     1.88095e+03
    5.50948e-04     1.89270e+03
    5.54568e-04     1.90452e+03
    5.58211e-04     1.91642e+03
    5.61879e-04     1.92839e+03
    5.65570e-04     1.94042e+03
    5.69286e-04     1.95254e+03
    5.73026e-04     1.96473e+03
    5.76791e-04     1.97699e+03
    5.80580e-04     1.98933e+03
    5.84395e-04     2.00174e+03
    5.88234e-04     2.01422e+03
    5.92099e-04     2.02679e+03
    5.95989e-04     2.03942e+03
    5.99905e-04     2.05214e+03
    6.03846e-04     2.06492e+03
    6.07813e-04     2.07779e+03
    6.11807e-04     2.09074e+03
    6.15826e-04     2.10376e+03
    6.19872e-04     2.11687e+03
    6.23945e-04     2.13005e+03
    6.28044e-04     2.14331e+03
    6.32170e-04     2.15665e+03
    6.36324e-04     2.17007e+03
    6.40504e-04     2.18357e+03
    6.44712e-04     2.19715e+03
    6.48948e-04     2.21082e+03
    6.53212e-04     2.22456e+03
    6.57503e-04     2.23839e+03
    6.61823e-04     2.25231e+03
    6.66171e-04     2.26630e+03
    6.70548e-04     2.28038e+03
    6.74954e-04     2.29455e+03
    6.79388e-04     2.30879e+03
    6.83852e-04     2.32313e+03
    6.88344e-04     2.33755e+03
    6.92867e-04     2.35205e+03
    6.97419e-04     2.36664e+03
    7.02001e-04     2.38133e+03
    7.06613e-04     2.39609e+03
    7.11256e-04     2.41095e+03
    7.15929e-04     2.42589e+03
    7.20632e-04     2.44092e+03
    7.25367e-04     2.45604e+03
    7.30132e-04     2.47125e+03
    7.34929e-04     2.48656e+03
    7.39758e-04     2.50195e+03
    7.44618e-04     2.51744e+03
    7.49510e-04     2.53301e+03
    7.54435e-04     2.54868e+03
    7.59391e-04     2.56444e+03
    7.64380e-04     2.58029e+03
    7.69402e-04     2.59624e+03
    7.74457e-04     2.61228e+03
    7.79545e-04     2.62841e+03
    7.84667e-04     2.64465e+03
    7.89822e-04     2.66098e+03
    7.95011e-04     2.67740e+03
    8.00235e-04     2.69392e+03
    8.05492e-04     2.71054e+03
    8.10784e-04     2.72725e+03
    8.16111e-04     2.74407e+03
    8.21473e-04     2.76099e+03
    8.26870e-04     2.77800e+03
    8.32303e-04     2.79511e+03
    8.37771e-04     2.81233e+03
    8.43275e-04     2.82964e+03
    8.48815e-04     2.84706e+03
    8.54392e-04     2.86458e+03
    8.60005e-04     2.88220e+03
    8.65656e-04     2.89993e+03
    8.71343e-04     2.91775e+03
    8.77068e-04     2.93569e+03
    8.82830e-04     2.95372e+03
    8.88630e-04     2.97186e+03
    8.94468e-04     2.99011e+03
    9.00345e-04     3.00847e+03
    9.06260e-04     3.02692e+03
    9.12214e-04     3.04549e+03
    9.18208e-04     3.06416e+03
    9.24240e-04     3.08294e+03
    9.30313e-04     3.10183e+03
    9.36425e-04     3.12083e+03
    9.42577e-04     3.13994e+03
    9.48770e-04     3.15916e+03
    9.55003e-04     3.17848e+03
    9.61278e-04     3.19792e+03
    9.67593e-04     3.21748e+03
    9.73950e-04     3.23714e+03
    9.80349e-04     3.25691e+03
    9.86790e-04     3.27681e+03
    9.93273e-04     3.29681e+03
    9.99799e-04     3.31693e+03
    1.00637e-03     3.33718e+03
    1.01298e-03     3.35752e+03
    1.01963e-03     3.37797e+03
    1.02633e-03     3.39856e+03
    1.03308e-03     3.41928e+03
    1.03986e-03     3.44009e+03
    1.04670e-03     3.46105e+03
    1.05357e-03     3.48209e+03
    1.06049e-03     3.50326e+03
    1.06746e-03     3.52457e+03
    1.07448e-03     3.54601e+03
    1.08153e-03     3.56752e+03
    1.08864e-03     3.58919e+03
    1.09579e-03     3.61097e+03
    1.10299e-03     3.63288e+03
    1.11024e-03     3.65492e+03
    1.11753e-03     3.67707e+03
    1.12488e-03     3.69937e+03
    1.13227e-03     3.72177e+03
    1.13970e-03     3.74426e+03
    1.14719e-03     3.76693e+03
    1.15473e-03     3.78972e+03
    1.16232e-03     3.81263e+03
    1.16995e-03     3.83565e+03
    1.17764e-03     3.85882e+03
    1.18538e-03     3.88213e+03
    1.19316e-03     3.90552e+03
    1.20100e-03     3.92907e+03
    1.20889e-03     3.95276e+03
    1.21684e-03     3.97659e+03
    1.22483e-03     4.00053e+03
    1.23288e-03     4.02461e+03
    1.24098e-03     4.04883e+03
    1.24913e-03     4.07316e+03
    1.25734e-03     4.09765e+03
    1.26560e-03     4.12226e+03
    1.27391e-03     4.14699e+03
    1.28228e-03     4.17187e+03
    1.29071e-03     4.19691e+03
    1.29919e-03     4.22208e+03
    1.30772e-03     4.24736e+03
    1.31631e-03     4.27278e+03
    1.32496e-03     4.29836e+03
    1.33367e-03     4.32408e+03
    1.34243e-03     4.34993e+03
    1.35125e-03     4.37592e+03
    1.36013e-03     4.40206e+03
    1.36906e-03     4.42831e+03
    1.37806e-03     4.45474e+03
    1.38711e-03     4.48129e+03
    1.39623e-03     4.50801e+03
    1.40540e-03     4.53484e+03
    1.41463e-03     4.56181e+03
    1.42393e-03     4.58896e+03
    1.43328e-03     4.61622e+03
    1.44270e-03     4.64364e+03
    1.45218e-03     4.67122e+03
    1.46172e-03     4.69893e+03
    1.47132e-03     4.72678e+03
    1.48099e-03     4.75479e+03
    1.49072e-03     4.78295e+03
    1.50051e-03     4.81125e+03
    1.51037e-03     4.83971e+03
    1.52029e-03     4.86830e+03
    1.53028e-03     4.89705e+03
    1.54034e-03     4.92598e+03
    1.55046e-03     4.95503e+03
    1.56064e-03     4.98422e+03
    1.57090e-03     5.01360e+03
    1.58122e-03     5.04311e+03
    1.59160e-03     5.07275e+03
    1.60206e-03     5.10258e+03
    1.61259e-03     5.13257e+03
    1.62318e-03     5.16268e+03
    1.63385e-03     5.19299e+03
    1.64458e-03     5.22341e+03
    1.65539e-03     5.25402e+03
    1.66626e-03     5.28476e+03
    1.67721e-03     5.31568e+03
    1.68823e-03     5.34675e+03
    1.69932e-03     5.37797e+03
    1.71048e-03     5.40934e+03
    1.72172e-03     5.44090e+03
    1.73303e-03     5.47260e+03
    1.74442e-03     5.50448e+03
    1.75588e-03     5.53649e+03
    1.76742e-03     5.56869e+03
    1.77903e-03     5.60103e+03
    1.79072e-03     5.63355e+03
    1.80248e-03     5.66620e+03
    1.81432e-03     5.69902e+03
    1.82624e-03     5.73203e+03
    1.83824e-03     5.76519e+03
    1.85032e-03     5.79852e+03
    1.86248e-03     5.83201e+03
    1.87471e-03     5.86564e+03
    1.88703e-03     5.89947e+03
    1.89943e-03     5.93347e+03
    1.91191e-03     5.96761e+03
    1.92447e-03     6.00193e+03
    1.93711e-03     6.03640e+03
    1.94984e-03     6.07106e+03
    1.96265e-03     6.10588e+03
    1.97554e-03     6.14084e+03
    1.98852e-03     6.17600e+03
    2.00159e-03     6.21135e+03
    2.01474e-03     6.24684e+03
    2.02797e-03     6.28248e+03
    2.04130e-03     6.31833e+03
    2.05471e-03     6.35433e+03
    2.06821e-03     6.39050e+03
    2.08180e-03     6.42686e+03
    2.09547e-03     6.46335e+03
    2.10924e-03     6.50005e+03
    2.12310e-03     6.53692e+03
    2.13705e-03     6.57395e+03
    2.15109e-03     6.61115e+03
    2.16522e-03     6.64853e+03
    2.17945e-03     6.68609e+03
    2.19377e-03     6.72382e+03
    2.20818e-03     6.76170e+03
    2.22269e-03     6.79979e+03
    2.23729e-03     6.83803e+03
    2.25199e-03     6.87644e+03
    2.26678e-03     6.91502e+03
    2.28168e-03     6.95381e+03
    2.29667e-03     6.99274e+03
    2.31176e-03     7.03186e+03
    2.32694e-03     7.07113e+03
    2.34223e-03     7.11059e+03
    2.35762e-03     7.15023e+03
    2.37311e-03     7.19004e+03
    2.38870e-03     7.23003e+03
    2.40440e-03     7.27022e+03
    2.42019e-03     7.31054e+03
    2.43609e-03     7.35105e+03
    2.45210e-03     7.39175e+03
    2.46821e-03     7.43263e+03
    2.48442e-03     7.47366e+03
    2.50075e-03     7.51490e+03
    2.51718e-03     7.55631e+03
    2.53371e-03     7.59786e+03
    2.55036e-03     7.63962e+03
    2.56712e-03     7.68157e+03
    2.58398e-03     7.72366e+03
    2.60096e-03     7.76594e+03
    2.61805e-03     7.80841e+03
    2.63525e-03     7.85104e+03
    2.65256e-03     7.89385e+03
    2.66999e-03     7.93684e+03
    2.68753e-03     7.98001e+03
    2.70519e-03     8.02336e+03
    2.72296e-03     8.06687e+03
    2.74085e-03     8.11057e+03
    2.75886e-03     8.15444e+03
    2.77698e-03     8.19847e+03
    2.79523e-03     8.24271e+03
    2.81359e-03     8.28709e+03
    2.83208e-03     8.33168e+03
    2.85069e-03     8.37645e+03
    2.86942e-03     8.42138e+03
    2.88827e-03     8.46646e+03
    2.90724e-03     8.51172e+03
    2.92634e-03     8.55717e+03
    2.94557e-03     8.60281e+03
    2.96492e-03     8.64859e+03
    2.98440e-03     8.69456e+03
    3.00401e-03     8.74071e+03
    3.02375e-03     8.78704e+03
    3.04361e-03     8.83351e+03
    3.06361e-03     8.88020e+03
    3.08374e-03     8.92704e+03
    3.10400e-03     8.97405e+03
    3.12439e-03     9.02121e+03
    3.14492e-03     9.06857e+03
    3.16558e-03     9.11609e+03
    3.18638e-03     9.16380e+03
    3.20731e-03     9.21164e+03
    3.22838e-03     9.25967e+03
    3.24959e-03     9.30787e+03
    3.27094e-03     9.35626e+03
    3.29243e-03     9.40480e+03
    3.31406e-03     9.45351e+03
    3.33584e-03     9.50239e+03
    3.35775e-03     9.55142e+03
    3.37981e-03     9.60063e+03
    3.40202e-03     9.65002e+03
    3.42437e-03     9.69956e+03
    3.44687e-03     9.74927e+03
    3.46952e-03     9.79914e+03
    3.49231e-03     9.84916e+03
    3.51525e-03     9.89934e+03
    3.53835e-03     9.94969e+03
    3.56160e-03     1.00002e+04
    3.58500e-03     1.00509e+04
    3.60855e-03     1.01017e+04
    3.63226e-03     1.01527e+04
    3.65612e-03     1.02039e+04
    3.68014e-03     1.02552e+04
    3.70432e-03     1.03066e+04
    3.72866e-03     1.03582e+04
    3.75316e-03     1.04100e+04
    3.77781e-03     1.04619e+04
    3.80263e-03     1.05140e+04
    3.82762e-03     1.05662e+04
    3.85276e-03     1.06186e+04
    3.87808e-03     1.06711e+04
    3.90356e-03     1.07238e+04
    3.92920e-03     1.07766e+04
    3.95502e-03     1.08296e+04
    3.98100e-03     1.08826e+04
    4.00716e-03     1.09359e+04
    4.03348e-03     1.09893e+04
    4.05998e-03     1.10428e+04
    4.08666e-03     1.10965e+04
    4.11351e-03     1.11503e+04
    4.14053e-03     1.12042e+04
    4.16774e-03     1.12583e+04
    4.19512e-03     1.13125e+04
    4.22268e-03     1.13668e+04
    4.25042e-03     1.14213e+04
    4.27835e-03     1.14759e+04
    4.30646e-03     1.15307e+04
    4.33475e-03     1.15855e+04
    4.36323e-03     1.16405e+04
    4.39190e-03     1.16956e+04
    4.42075e-03     1.17508e+04
    4.44979e-03     1.18062e+04
    4.47903e-03     1.18617e+04
    4.50846e-03     1.19173e+04
    4.53808e-03     1.19730e+04
    4.56789e-03     1.20288e+04
    4.59790e-03     1.20847e+04
    4.62811e-03     1.21408e+04
    4.65852e-03     1.21969e+04
    4.68913e-03     1.22532e+04
    4.71993e-03     1.23095e+04
    4.75094e-03     1.23660e+04
    4.78216e-03     1.24226e+04
    4.81358e-03     1.24793e+04
    4.84520e-03     1.25360e+04
    4.87703e-03     1.25929e+04
    4.90908e-03     1.26499e+04
    4.94133e-03     1.27069e+04
    4.97379e-03     1.27641e+04
    5.00647e-03     1.28213e+04
    5.03936e-03     1.28786e+04
    5.07247e-03     1.29360e+04
    5.10580e-03     1.29935e+04
    5.13934e-03     1.30510e+04
    5.17311e-03     1.31087e+04
    5.20709e-03     1.31664e+04
    5.24131e-03     1.32241e+04
    5.27574e-03     1.32820e+04
    5.31040e-03     1.33399e+04
    5.34529e-03     1.33979e+04
    5.38041e-03     1.34559e+04
    5.41576e-03     1.35140e+04
    5.45134e-03     1.35722e+04
    5.48716e-03     1.36304e+04
    5.52321e-03     1.36886e+04
    5.55949e-03     1.37469e+04
    5.59602e-03     1.38053e+04
    5.63279e-03     1.38637e+04
    5.66979e-03     1.39221e+04
    5.70704e-03     1.39806e+04
    5.74454e-03     1.40391e+04
    5.78228e-03     1.40977e+04
    5.82027e-03     1.41563e+04
    5.85851e-03     1.42148e+04
    5.89700e-03     1.42735e+04
    5.93574e-03     1.43321e+04
    5.97474e-03     1.43908e+04
    6.01399e-03     1.44494e+04
    6.05351e-03     1.45081e+04
    6.09328e-03     1.45668e+04
    6.13331e-03     1.46255e+04
    6.17361e-03     1.46842e+04
    6.21417e-03     1.47429e+04
    6.25499e-03     1.48016e+04
    6.29609e-03     1.48602e+04
    6.33745e-03     1.49189e+04
    6.37909e-03     1.49775e+04
    6.42100e-03     1.50361e+04
    6.46319e-03     1.50947e+04
    6.50565e-03     1.51533e+04
    6.54839e-03     1.52118e+04
    6.59142e-03     1.52703e+04
    6.63472e-03     1.53288e+04
    6.67831e-03     1.53872e+04
    6.72219e-03     1.54456e+04
    6.76635e-03     1.55039e+04
    6.81081e-03     1.55622e+04
    6.85556e-03     1.56203e+04
    6.90060e-03     1.56785e+04
    6.94593e-03     1.57365e+04
    6.99157e-03     1.57945e+04
    7.03750e-03     1.58525e+04
    7.08374e-03     1.59103e+04
    7.13028e-03     1.59681e+04
    7.17712e-03     1.60258e+04
    7.22428e-03     1.60833e+04
    7.27174e-03     1.61408e+04
    7.31952e-03     1.61982e+04
    7.36761e-03     1.62555e+04
    7.41601e-03     1.63126e+04
    7.46473e-03     1.63696e+04
    7.51378e-03     1.64266e+04
    7.56314e-03     1.64834e+04
    7.61283e-03     1.65400e+04
    7.66285e-03     1.65966e+04
    7.71319e-03     1.66530e+04
    7.76387e-03     1.67092e+04
    7.81488e-03     1.67653e+04
    7.86622e-03     1.68213e+04
    7.91790e-03     1.68771e+04
    7.96992e-03     1.69327e+04
    8.02229e-03     1.69882e+04
    8.07499e-03     1.70434e+04
    8.12805e-03     1.70985e+04
    8.18145e-03     1.71534e+04
    8.23520e-03     1.72082e+04
    8.28930e-03     1.72627e+04
    8.34376e-03     1.73170e+04
    8.39858e-03     1.73712e+04
    8.45376e-03     1.74251e+04
    8.50930e-03     1.74788e+04
    8.56521e-03     1.75322e+04
    8.62148e-03     1.75855e+04
    8.67812e-03     1.76385e+04
    8.73514e-03     1.76912e+04
    8.79253e-03     1.77438e+04
    8.85030e-03     1.77960e+04
    8.90844e-03     1.78481e+04
    8.96697e-03     1.78998e+04
    9.02588e-03     1.79513e+04
    9.08518e-03     1.80025e+04
    9.14487e-03     1.80534e+04
    9.20496e-03     1.81040e+04
    9.26543e-03     1.81544e+04
    9.32631e-03     1.82044e+04
    9.38758e-03     1.82541e+04
    9.44926e-03     1.83035e+04
    9.51134e-03     1.83526e+04
    9.57383e-03     1.84014e+04
    9.63673e-03     1.84498e+04
    9.70004e-03     1.84979e+04
    9.76377e-03     1.85456e+04
    9.82792e-03     1.85930e+04
    9.89249e-03     1.86401e+04
    9.95748e-03     1.86868e+04
    1.00229e-02     1.87331e+04
    1.00888e-02     1.87791e+04
    1.01550e-02     1.88245e+04
    1.02218e-02     1.88698e+04
    1.02889e-02     1.89144e+04
    1.03565e-02     1.89588e+04
    1.04246e-02     1.90028e+04
    1.04930e-02     1.90462e+04
    1.05620e-02     1.90893e+04
    1.06314e-02     1.91320e+04
    1.07012e-02     1.91742e+04
    1.07715e-02     1.92159e+04
    1.08423e-02     1.92572e+04
    1.09135e-02     1.92980e+04
    1.09852e-02     1.93384e+04
    1.10574e-02     1.93783e+04
    1.11301e-02     1.94178e+04
    1.12032e-02     1.94566e+04
    1.12768e-02     1.94950e+04
    1.13509e-02     1.95329e+04
    1.14254e-02     1.95702e+04
    1.15005e-02     1.96070e+04
    1.15761e-02     1.96434e+04
    1.16521e-02     1.96791e+04
    1.17287e-02     1.97144e+04
    1.18057e-02     1.97489e+04
    1.18833e-02     1.97831e+04
    1.19614e-02     1.98167e+04
    1.20400e-02     1.98496e+04
    1.21191e-02     1.98820e+04
    1.21987e-02     1.99138e+04
    1.22788e-02     1.99449e+04
    1.23595e-02     1.99755e+04
    1.24407e-02     2.00054e+04
    1.25224e-02     2.00347e+04
    1.26047e-02     2.00635e+04
    1.26875e-02     2.00915e+04
    1.27709e-02     2.01190e+04
    1.28548e-02     2.01458e+04
    1.29392e-02     2.01718e+04
    1.30242e-02     2.01972e+04
    1.31098e-02     2.02220e+04
    1.31959e-02     2.02460e+04
    1.32826e-02     2.02693e+04
    1.33699e-02     2.02921e+04
    1.34578e-02     2.03141e+04
    1.35462e-02     2.03353e+04
    1.36352e-02     2.03558e+04
    1.37248e-02     2.03756e+04
    1.38149e-02     2.03945e+04
    1.39057e-02     2.04128e+04
    1.39970e-02     2.04302e+04
    1.40890e-02     2.04470e+04
    1.41816e-02     2.04630e+04
    1.42747e-02     2.04781e+04
    1.43685e-02     2.04925e+04
    1.44629e-02     2.05061e+04
    1.45580e-02     2.05189e+04
    1.46536e-02     2.05308e+04
    1.47499e-02     2.05420e+04
    1.48468e-02     2.05523e+04
    1.49443e-02     2.05617e+04
    1.50425e-02     2.05704e+04
    1.51413e-02     2.05781e+04
    1.52408e-02     2.05851e+04
    1.53409e-02     2.05911e+04
    1.54417e-02     2.05963e+04
    1.55432e-02     2.06006e+04
    1.56453e-02     2.06040e+04
    1.57481e-02     2.06066e+04
    1.58516e-02     2.06082e+04
    1.59557e-02     2.06089e+04
    1.60605e-02     2.06087e+04
    1.61661e-02     2.06076e+04
    1.62723e-02     2.06056e+04
    1.63792e-02     2.06026e+04
    1.64868e-02     2.05987e+04
    1.65951e-02     2.05938e+04
    1.67041e-02     2.05880e+04
    1.68139e-02     2.05813e+04
    1.69243e-02     2.05734e+04
    1.70355e-02     2.05647e+04
    1.71475e-02     2.05551e+04
    1.72601e-02     2.05444e+04
    1.73735e-02     2.05327e+04
    1.74877e-02     2.05202e+04
    1.76026e-02     2.05065e+04
    1.77182e-02     2.04919e+04
    1.78346e-02     2.04762e+04
    1.79518e-02     2.04596e+04
    1.80697e-02     2.04419e+04
    1.81884e-02     2.04231e+04
    1.83079e-02     2.04035e+04
    1.84282e-02     2.03827e+04
    1.85493e-02     2.03610e+04
    1.86712e-02     2.03382e+04
    1.87938e-02     2.03143e+04
    1.89173e-02     2.02894e+04
    1.90416e-02     2.02635e+04
    1.91667e-02     2.02365e+04
    1.92926e-02     2.02085e+04
    1.94194e-02     2.01794e+04
    1.95470e-02     2.01493e+04
    1.96754e-02     2.01181e+04
    1.98047e-02     2.00859e+04
    1.99348e-02     2.00526e+04
    2.00657e-02     2.00182e+04
    2.01976e-02     1.99829e+04
    2.03303e-02     1.99464e+04
    2.04638e-02     1.99088e+04
    2.05983e-02     1.98703e+04
    2.07336e-02     1.98306e+04
    2.08698e-02     1.97899e+04
    2.10070e-02     1.97483e+04
    2.11450e-02     1.97054e+04
    2.12839e-02     1.96616e+04
    2.14237e-02     1.96167e+04
    2.15645e-02     1.95708e+04
    2.17062e-02     1.95239e+04
    2.18488e-02     1.94758e+04
    2.19923e-02     1.94268e+04
    2.21368e-02     1.93767e+04
    2.22822e-02     1.93255e+04
    2.24286e-02     1.92734e+04
    2.25760e-02     1.92204e+04
    2.27243e-02     1.91661e+04
    2.28736e-02     1.91109e+04
    2.30239e-02     1.90548e+04
    2.31752e-02     1.89976e+04
    2.33274e-02     1.89395e+04
    2.34807e-02     1.88803e+04
    2.36350e-02     1.88203e+04
    2.37902e-02     1.87591e+04
    2.39465e-02     1.86971e+04
    2.41039e-02     1.86341e+04
    2.42622e-02     1.85702e+04
    2.44216e-02     1.85054e+04
    2.45821e-02     1.84397e+04
    2.47436e-02     1.83730e+04
    2.49061e-02     1.83054e+04
    2.50698e-02     1.82370e+04
    2.52345e-02     1.81677e+04
    2.54003e-02     1.80975e+04
    2.55672e-02     1.80265e+04
    2.57351e-02     1.79546e+04
    2.59042e-02     1.78819e+04
    2.60744e-02     1.78085e+04
    2.62457e-02     1.77342e+04
    2.64182e-02     1.76592e+04
    2.65917e-02     1.75834e+04
    2.67664e-02     1.75068e+04
    2.69423e-02     1.74296e+04
    2.71193e-02     1.73515e+04
    2.72975e-02     1.72729e+04
    2.74768e-02     1.71935e+04
    2.76573e-02     1.71134e+04
    2.78390e-02     1.70328e+04
    2.80219e-02     1.69515e+04
    2.82060e-02     1.68696e+04
    2.83914e-02     1.67872e+04
    2.85779e-02     1.67041e+04
    2.87656e-02     1.66205e+04
    2.89546e-02     1.65364e+04
    2.91449e-02     1.64518e+04
    2.93364e-02     1.63667e+04
    2.95291e-02     1.62811e+04
    2.97231e-02     1.61951e+04
    2.99184e-02     1.61087e+04
    3.01149e-02     1.60220e+04
    3.03128e-02     1.59348e+04
    3.05119e-02     1.58473e+04
    3.07124e-02     1.57594e+04
    3.09142e-02     1.56713e+04
    3.11173e-02     1.55829e+04
    3.13217e-02     1.54942e+04
    3.15275e-02     1.54053e+04
    3.17347e-02     1.53162e+04
    3.19432e-02     1.52269e+04
    3.21530e-02     1.51374e+04
    3.23643e-02     1.50480e+04
    3.25769e-02     1.49583e+04
    3.27909e-02     1.48686e+04
    3.30064e-02     1.47788e+04
    3.32232e-02     1.46890e+04
    3.34415e-02     1.45993e+04
    3.36612e-02     1.45095e+04
    3.38824e-02     1.44198e+04
    3.41050e-02     1.43303e+04
    3.43290e-02     1.42407e+04
    3.45546e-02     1.41514e+04
    3.47816e-02     1.40621e+04
    3.50101e-02     1.39731e+04
    3.52401e-02     1.38843e+04
    3.54717e-02     1.37958e+04
    3.57047e-02     1.37074e+04
    3.59393e-02     1.36194e+04
    3.61754e-02     1.35317e+04
    3.64131e-02     1.34443e+04
    3.66523e-02     1.33573e+04
    3.68931e-02     1.32707e+04
    3.71355e-02     1.31845e+04
    3.73795e-02     1.30989e+04
    3.76251e-02     1.30136e+04
    3.78723e-02     1.29288e+04
    3.81211e-02     1.28445e+04
    3.83715e-02     1.27608e+04
    3.86236e-02     1.26775e+04
    3.88774e-02     1.25949e+04
    3.91328e-02     1.25129e+04
    3.93899e-02     1.24315e+04
    3.96487e-02     1.23507e+04
    3.99092e-02     1.22707e+04
    4.01714e-02     1.21912e+04
    4.04353e-02     1.21125e+04
    4.07010e-02     1.20345e+04
    4.09684e-02     1.19572e+04
    4.12376e-02     1.18808e+04
    4.15085e-02     1.18051e+04
    4.17812e-02     1.17301e+04
    4.20557e-02     1.16560e+04
    4.23320e-02     1.15827e+04
    4.26101e-02     1.15102e+04
    4.28901e-02     1.14385e+04
    4.31719e-02     1.13677e+04
    4.34555e-02     1.12978e+04
    4.37410e-02     1.12286e+04
    4.40284e-02     1.11603e+04
    4.43177e-02     1.10930e+04
    4.46088e-02     1.10265e+04
    4.49019e-02     1.09609e+04
    4.51969e-02     1.08963e+04
    4.54939e-02     1.08325e+04
    4.57927e-02     1.07696e+04
    4.60936e-02     1.07078e+04
    4.63964e-02     1.06467e+04
    4.67013e-02     1.05866e+04
    4.70081e-02     1.05273e+04
    4.73169e-02     1.04690e+04
    4.76278e-02     1.04115e+04
    4.79407e-02     1.03549e+04
    4.82557e-02     1.02993e+04
    4.85727e-02     1.02444e+04
    4.88919e-02     1.01905e+04
    4.92131e-02     1.01373e+04
    4.95364e-02     1.00851e+04
    4.98619e-02     1.00336e+04
    5.01894e-02     9.98308e+03
    5.05192e-02     9.93323e+03
    5.08511e-02     9.88421e+03
    5.11852e-02     9.83589e+03
    5.15215e-02     9.78834e+03
    5.18600e-02     9.74149e+03
    5.22007e-02     9.69526e+03
    5.25437e-02     9.64968e+03
    5.28889e-02     9.60480e+03
    5.32363e-02     9.56046e+03
    5.35861e-02     9.51670e+03
    5.39382e-02     9.47352e+03
    5.42925e-02     9.43088e+03
    5.46492e-02     9.38866e+03
    5.50083e-02     9.34696e+03
    5.53697e-02     9.30559e+03
    5.57335e-02     9.26464e+03
    5.60996e-02     9.22403e+03
    5.64682e-02     9.18364e+03
    5.68392e-02     9.14359e+03
    5.72126e-02     9.10373e+03
    5.75885e-02     9.06409e+03
    5.79669e-02     9.02450e+03
    5.83477e-02     8.98510e+03
    5.87311e-02     8.94576e+03
    5.91169e-02     8.90638e+03
    5.95053e-02     8.86699e+03
    5.98963e-02     8.82750e+03
    6.02898e-02     8.78790e+03
    6.06859e-02     8.74812e+03
    6.10846e-02     8.70808e+03
    6.14859e-02     8.66787e+03
    6.18899e-02     8.62725e+03
    6.22965e-02     8.58637e+03
    6.27058e-02     8.54500e+03
    6.31178e-02     8.50330e+03
    6.35325e-02     8.46103e+03
    6.39499e-02     8.41827e+03
    6.43700e-02     8.37493e+03
    6.47929e-02     8.33104e+03
    6.52186e-02     8.28641e+03
    6.56471e-02     8.24115e+03
    6.60784e-02     8.19515e+03
    6.65125e-02     8.14843e+03
    6.69495e-02     8.10083e+03
    6.73894e-02     8.05252e+03
    6.78321e-02     8.00331e+03
    6.82778e-02     7.95332e+03
    6.87264e-02     7.90237e+03
    6.91779e-02     7.85054e+03
    6.96324e-02     7.79777e+03
    7.00899e-02     7.74404e+03
    7.05504e-02     7.68938e+03
    7.10139e-02     7.63377e+03
    7.14805e-02     7.57714e+03
    7.19501e-02     7.51966e+03
    7.24228e-02     7.46117e+03
    7.28986e-02     7.40176e+03
    7.33775e-02     7.34150e+03
    7.38596e-02     7.28026e+03
    7.43449e-02     7.21819e+03
    7.48333e-02     7.15521e+03
    7.53250e-02     7.09135e+03
    7.58199e-02     7.02675e+03
    7.63180e-02     6.96135e+03
    7.68194e-02     6.89515e+03
    7.73241e-02     6.82833e+03
    7.78321e-02     6.76080e+03
    7.83435e-02     6.69259e+03
    7.88582e-02     6.62376e+03
    7.93763e-02     6.55442e+03
    7.98978e-02     6.48464e+03
    8.04227e-02     6.41443e+03
    8.09511e-02     6.34380e+03
    8.14830e-02     6.27300e+03
    8.20183e-02     6.20195e+03
    8.25572e-02     6.13073e+03
    8.30996e-02     6.05943e+03
    8.36455e-02     5.98820e+03
    8.41951e-02     5.91698e+03
    8.47483e-02     5.84593e+03
    8.53050e-02     5.77512e+03
    8.58655e-02     5.70463e+03
    8.64296e-02     5.63455e+03
    8.69975e-02     5.56488e+03
    8.75691e-02     5.49576e+03
    8.81444e-02     5.42719e+03
    8.87235e-02     5.35941e+03
    8.93064e-02     5.29234e+03
    8.98931e-02     5.22612e+03
    9.04837e-02     5.16084e+03
    9.10782e-02     5.09654e+03
    9.16766e-02     5.03332e+03
    9.22789e-02     4.97123e+03
    9.28852e-02     4.91027e+03
    9.34954e-02     4.85051e+03
    9.41097e-02     4.79202e+03
    9.47280e-02     4.73479e+03
    9.53504e-02     4.67888e+03
    9.59768e-02     4.62437e+03
    9.66074e-02     4.57124e+03
    9.72421e-02     4.51963e+03
    9.78810e-02     4.46946e+03
    9.85241e-02     4.42087e+03
    9.91714e-02     4.37392e+03
    9.98229e-02     4.32847e+03
    1.00479e-01     4.28458e+03
    1.01139e-01     4.24215e+03
    1.01803e-01     4.20119e+03
    1.02472e-01     4.16179e+03
    1.03145e-01     4.12377e+03
    1.03823e-01     4.08723e+03
    1.04505e-01     4.05207e+03
    1.05192e-01     4.01831e+03
    1.05883e-01     3.98591e+03
    1.06579e-01     3.95484e+03
    1.07279e-01     3.92506e+03
    1.07984e-01     3.89653e+03
    1.08693e-01     3.86900e+03
    1.09407e-01     3.84259e+03
    1.10126e-01     3.81715e+03
    1.10850e-01     3.79260e+03
    1.11578e-01     3.76879e+03
    1.12311e-01     3.74573e+03
    1.13049e-01     3.72323e+03
    1.13792e-01     3.70142e+03
    1.14539e-01     3.67992e+03
    1.15292e-01     3.65893e+03
    1.16049e-01     3.63812e+03
    1.16812e-01     3.61754e+03
    1.17579e-01     3.59693e+03
    1.18351e-01     3.57631e+03
    1.19129e-01     3.55558e+03
    1.19912e-01     3.53463e+03
    1.20700e-01     3.51332e+03
    1.21493e-01     3.49153e+03
    1.22291e-01     3.46920e+03
    1.23094e-01     3.44626e+03
    1.23903e-01     3.42270e+03
    1.24717e-01     3.39841e+03
    1.25536e-01     3.37335e+03
    1.26361e-01     3.34747e+03
    1.27191e-01     3.32071e+03
    1.28027e-01     3.29303e+03
    1.28868e-01     3.26435e+03
    1.29715e-01     3.23466e+03
    1.30567e-01     3.20395e+03
    1.31425e-01     3.17227e+03
    1.32288e-01     3.13963e+03
    1.33157e-01     3.10609e+03
    1.34032e-01     3.07168e+03
    1.34913e-01     3.03644e+03
    1.35799e-01     3.00039e+03
    1.36691e-01     2.96356e+03
    1.37589e-01     2.92603e+03
    1.38493e-01     2.88789e+03
    1.39403e-01     2.84926e+03
    1.40319e-01     2.81024e+03
    1.41241e-01     2.77094e+03
    1.42169e-01     2.73146e+03
    1.43103e-01     2.69190e+03
    1.44043e-01     2.65237e+03
    1.44990e-01     2.61298e+03
    1.45942e-01     2.57382e+03
    1.46901e-01     2.53502e+03
    1.47866e-01     2.49668e+03
    1.48838e-01     2.45891e+03
    1.49816e-01     2.42182e+03
    1.50800e-01     2.38549e+03
    1.51791e-01     2.35004e+03
    1.52788e-01     2.31555e+03
    1.53792e-01     2.28209e+03
    1.54802e-01     2.24968e+03
    1.55819e-01     2.21839e+03
    1.56843e-01     2.18826e+03
    1.57873e-01     2.15932e+03
    1.58911e-01     2.13165e+03
    1.59955e-01     2.10525e+03
    1.61006e-01     2.08014e+03
    1.62063e-01     2.05626e+03
    1.63128e-01     2.03360e+03
    1.64200e-01     2.01210e+03
    1.65279e-01     1.99172e+03
    1.66364e-01     1.97243e+03
    1.67458e-01     1.95421e+03
    1.68558e-01     1.93696e+03
    1.69665e-01     1.92060e+03
    1.70780e-01     1.90503e+03
    1.71902e-01     1.89014e+03
    1.73031e-01     1.87582e+03
    1.74168e-01     1.86199e+03
    1.75312e-01     1.84855e+03
    1.76464e-01     1.83538e+03
    1.77624e-01     1.82239e+03
    1.78790e-01     1.80944e+03
    1.79965e-01     1.79645e+03
    1.81148e-01     1.78330e+03
    1.82338e-01     1.76988e+03
    1.83536e-01     1.75609e+03
    1.84741e-01     1.74186e+03
    1.85955e-01     1.72715e+03
    1.87177e-01     1.71191e+03
    1.88407e-01     1.69606e+03
    1.89644e-01     1.67955e+03
    1.90890e-01     1.66235e+03
    1.92145e-01     1.64446e+03
    1.93407e-01     1.62591e+03
    1.94678e-01     1.60674e+03
    1.95957e-01     1.58697e+03
    1.97244e-01     1.56665e+03
    1.98540e-01     1.54581e+03
    1.99844e-01     1.52453e+03
    2.01157e-01     1.50291e+03
    2.02479e-01     1.48105e+03
    2.03809e-01     1.45903e+03
    2.05148e-01     1.43695e+03
    2.06496e-01     1.41491e+03
    2.07853e-01     1.39300e+03
    2.09218e-01     1.37132e+03
    2.10593e-01     1.34998e+03
    2.11977e-01     1.32907e+03
    2.13369e-01     1.30868e+03
    2.14771e-01     1.28889e+03
    2.16182e-01     1.26975e+03
    2.17602e-01     1.25130e+03
    2.19032e-01     1.23358e+03
    2.20471e-01     1.21665e+03
    2.21920e-01     1.20053e+03
    2.23378e-01     1.18521e+03
    2.24845e-01     1.17065e+03
    2.26322e-01     1.15684e+03
    2.27809e-01     1.14376e+03
    2.29306e-01     1.13137e+03
    2.30813e-01     1.11962e+03
    2.32329e-01     1.10841e+03
    2.33855e-01     1.09768e+03
    2.35392e-01     1.08735e+03
    2.36938e-01     1.07733e+03
    2.38495e-01     1.06754e+03
    2.40062e-01     1.05791e+03
    2.41639e-01     1.04833e+03
    2.43227e-01     1.03872e+03
    2.44825e-01     1.02901e+03
    2.46433e-01     1.01913e+03
    2.48052e-01     1.00904e+03
    2.49682e-01     9.98685e+02
    2.51322e-01     9.88007e+02
    2.52974e-01     9.76993e+02
    2.54636e-01     9.65636e+02
    2.56309e-01     9.53946e+02
    2.57993e-01     9.41937e+02
    2.59688e-01     9.29631e+02
    2.61394e-01     9.17055e+02
    2.63111e-01     9.04287e+02
    2.64840e-01     8.91379e+02
    2.66580e-01     8.78388e+02
    2.68331e-01     8.65382e+02
    2.70094e-01     8.52431e+02
    2.71869e-01     8.39602e+02
    2.73655e-01     8.26967e+02
    2.75453e-01     8.14592e+02
    2.77262e-01     8.02519e+02
    2.79084e-01     7.90794e+02
    2.80918e-01     7.79467e+02
    2.82763e-01     7.68564e+02
    2.84621e-01     7.58103e+02
    2.86491e-01     7.48071e+02
    2.88373e-01     7.38475e+02
    2.90268e-01     7.29305e+02
    2.92175e-01     7.20520e+02
    2.94094e-01     7.12093e+02
    2.96027e-01     7.03975e+02
    2.97972e-01     6.96120e+02
    2.99929e-01     6.88478e+02
    3.01900e-01     6.80996e+02
    3.03883e-01     6.73612e+02
    3.05880e-01     6.66272e+02
    3.07889e-01     6.58934e+02
    3.09912e-01     6.51555e+02
    3.11948e-01     6.44097e+02
    3.13998e-01     6.36533e+02
    3.16061e-01     6.28846e+02
    3.18137e-01     6.21030e+02
    3.20227e-01     6.13082e+02
    3.22331e-01     6.05007e+02
    3.24449e-01     5.96840e+02
    3.26581e-01     5.88605e+02
    3.28726e-01     5.80321e+02
    3.30886e-01     5.72043e+02
    3.33060e-01     5.63797e+02
    3.35248e-01     5.55630e+02
    3.37451e-01     5.47578e+02
    3.39668e-01     5.39672e+02
    3.41899e-01     5.31946e+02
    3.44146e-01     5.24428e+02
    3.46407e-01     5.17127e+02
    3.48683e-01     5.10057e+02
    3.50973e-01     5.03218e+02
    3.53279e-01     4.96611e+02
    3.55600e-01     4.90216e+02
    3.57937e-01     4.84019e+02
    3.60288e-01     4.77994e+02
    3.62655e-01     4.72107e+02
    3.65038e-01     4.66342e+02
    3.67436e-01     4.60656e+02
    3.69850e-01     4.55034e+02
    3.72280e-01     4.49436e+02
    3.74726e-01     4.43846e+02
    3.77188e-01     4.38243e+02
    3.79666e-01     4.32623e+02
    3.82161e-01     4.26975e+02
    3.84672e-01     4.21298e+02
    3.87199e-01     4.15602e+02
    3.89743e-01     4.09893e+02
    3.92303e-01     4.04187e+02
    3.94881e-01     3.98508e+02
    3.97475e-01     3.92874e+02
    4.00086e-01     3.87303e+02
    4.02715e-01     3.81812e+02
    4.05361e-01     3.76425e+02
    4.08024e-01     3.71140e+02
    4.10705e-01     3.65978e+02
    4.13403e-01     3.60946e+02
    4.16119e-01     3.56036e+02
    4.18853e-01     3.51245e+02
    4.21605e-01     3.46571e+02
    4.24375e-01     3.41995e+02
    4.27163e-01     3.37505e+02
    4.29970e-01     3.33094e+02
    4.32794e-01     3.28736e+02
    4.35638e-01     3.24428e+02
    4.38500e-01     3.20151e+02
    4.41381e-01     3.15896e+02
    4.44281e-01     3.11659e+02
    4.47200e-01     3.07439e+02
    4.50138e-01     3.03233e+02
    4.53095e-01     2.99043e+02
    4.56072e-01     2.94881e+02
    4.59068e-01     2.90750e+02
    4.62085e-01     2.86660e+02
    4.65120e-01     2.82619e+02
    4.68176e-01     2.78637e+02
    4.71252e-01     2.74720e+02
    4.74348e-01     2.70872e+02
    4.77465e-01     2.67096e+02
    4.80602e-01     2.63396e+02
    4.83759e-01     2.59767e+02
    4.86938e-01     2.56203e+02
    4.90137e-01     2.52705e+02
    4.93357e-01     2.49255e+02
    4.96598e-01     2.45857e+02
    4.99861e-01     2.42500e+02
    5.03145e-01     2.39180e+02
    5.06451e-01     2.35890e+02
    5.09778e-01     2.32630e+02
    5.13127e-01     2.29399e+02
    5.16499e-01     2.26195e+02
    5.19892e-01     2.23021e+02
    5.23308e-01     2.19876e+02
    5.26746e-01     2.16773e+02
    5.30206e-01     2.13705e+02
    5.33690e-01     2.10679e+02
    5.37196e-01     2.07703e+02
    5.40726e-01     2.04771e+02
    5.44278e-01     2.01889e+02
    5.47854e-01     1.99050e+02
    5.51453e-01     1.96260e+02
    5.55077e-01     1.93510e+02
    5.58723e-01     1.90799e+02
    5.62394e-01     1.88128e+02
    5.66089e-01     1.85491e+02
    5.69808e-01     1.82887e+02
    5.73552e-01     1.80311e+02
    5.77320e-01     1.77764e+02
    5.81113e-01     1.75245e+02
    5.84931e-01     1.72755e+02
    5.88774e-01     1.70297e+02
    5.92642e-01     1.67870e+02
    5.96536e-01     1.65475e+02
    6.00455e-01     1.63111e+02
    6.04400e-01     1.60785e+02
    6.08371e-01     1.58491e+02
    6.12368e-01     1.56231e+02
    6.16391e-01     1.54005e+02
    6.20441e-01     1.51811e+02
    6.24517e-01     1.49648e+02
    6.28620e-01     1.47513e+02
    6.32750e-01     1.45407e+02
    6.36908e-01     1.43329e+02
    6.41092e-01     1.41277e+02
    6.45304e-01     1.39251e+02
    6.49544e-01     1.37251e+02
    6.53811e-01     1.35277e+02
    6.58107e-01     1.33330e+02
    6.62430e-01     1.31409e+02
    6.66783e-01     1.29515e+02
    6.71163e-01     1.27647e+02
    6.75573e-01     1.25805e+02
    6.80011e-01     1.23990e+02
    6.84479e-01     1.22202e+02
    6.88976e-01     1.20438e+02
    6.93503e-01     1.18698e+02
    6.98059e-01     1.16982e+02
    7.02645e-01     1.15289e+02
    7.07262e-01     1.13620e+02
    7.11908e-01     1.11971e+02
    7.16586e-01     1.10345e+02
    7.21294e-01     1.08743e+02
    7.26032e-01     1.07161e+02
    7.30802e-01     1.05602e+02
    7.35604e-01     1.04065e+02
    7.40437e-01     1.02549e+02
    7.45301e-01     1.01053e+02
    7.50198e-01     9.95794e+01
    7.55127e-01     9.81265e+01
    7.60088e-01     9.66937e+01
    7.65082e-01     9.52810e+01
    7.70108e-01     9.38874e+01
    7.75168e-01     9.25130e+01
    7.80261e-01     9.11581e+01
    7.85387e-01     8.98219e+01
    7.90547e-01     8.85035e+01
    7.95741e-01     8.72044e+01
    8.00969e-01     8.59233e+01
    8.06231e-01     8.46592e+01
    8.11528e-01     8.34143e+01
    8.16860e-01     8.21872e+01
    8.22227e-01     8.09764e+01
    8.27629e-01     7.97826e+01
    8.33066e-01     7.86056e+01
    8.38540e-01     7.74453e+01
    8.44049e-01     7.63016e+01
    8.49594e-01     7.51736e+01
    8.55176e-01     7.40622e+01
    8.60795e-01     7.29665e+01
    8.66450e-01     7.18855e+01
    8.72142e-01     7.08198e+01
    8.77872e-01     6.97694e+01
    8.83640e-01     6.87341e+01
    8.89446e-01     6.77145e+01
    8.95289e-01     6.67088e+01
    9.01171e-01     6.57169e+01
    9.07092e-01     6.47395e+01
    9.13052e-01     6.37764e+01
    9.19050e-01     6.28248e+01
    9.25088e-01     6.18898e+01
    9.31166e-01     6.09673e+01
    9.37284e-01     6.00580e+01
    9.43442e-01     5.91612e+01
    9.49640e-01     5.82778e+01
    9.55880e-01     5.74069e+01
    9.62160e-01     5.65480e+01
    9.68481e-01     5.57020e+01
    9.74844e-01     5.48682e+01
    9.81249e-01     5.40462e+01
    9.87695e-01     5.32360e+01
    9.94185e-01     5.24374e+01
    1.00072e+00     5.16501e+01
    1.00729e+00     5.08756e+01
    1.01391e+00     5.01099e+01
    1.02057e+00     4.93562e+01
    1.02728e+00     4.86142e+01
    1.03402e+00     4.78815e+01
    1.04082e+00     4.71607e+01
    1.04766e+00     4.64500e+01
    1.05454e+00     4.57499e+01
    1.06147e+00     4.50591e+01
    1.06844e+00     4.43781e+01
    1.07546e+00     4.37081e+01
    1.08253e+00     4.30476e+01
    1.08964e+00     4.23964e+01
    1.09680e+00     4.17551e+01
    1.10400e+00     4.11219e+01
    1.11126e+00     4.04995e+01
    1.11856e+00     3.98851e+01
    1.12591e+00     3.92806e+01
    1.13330e+00     3.86836e+01
    1.14075e+00     3.80970e+01
    1.14825e+00     3.75174e+01
    1.15579e+00     3.69476e+01
    1.16338e+00     3.63855e+01
    1.17103e+00     3.58312e+01
    1.17872e+00     3.52863e+01
    1.18646e+00     3.47481e+01
    1.19426e+00     3.42190e+01
    1.20211e+00     3.36969e+01
    1.21000e+00     3.31824e+01
    1.21795e+00     3.26759e+01
    1.22595e+00     3.21764e+01
    1.23401e+00     3.16846e+01
    1.24212e+00     3.12002e+01
    1.25028e+00     3.07225e+01
    1.25849e+00     3.02522e+01
    1.26676e+00     2.97891e+01
    1.27508e+00     2.93322e+01
    1.28346e+00     2.88826e+01
    1.29189e+00     2.84398e+01
    1.30038e+00     2.80029e+01
    1.30892e+00     2.75728e+01
    1.31752e+00     2.71493e+01
    1.32618e+00     2.67317e+01
    1.33489e+00     2.63208e+01
    1.34366e+00     2.59156e+01
    1.35249e+00     2.55168e+01
    1.36138e+00     2.51235e+01
    1.37032e+00     2.47365e+01
    1.37932e+00     2.43547e+01
    1.38839e+00     2.39794e+01
    1.39751e+00     2.36094e+01
    1.40669e+00     2.32449e+01
    1.41593e+00     2.28858e+01
    1.42523e+00     2.25318e+01
    1.43460e+00     2.21834e+01
    1.44402e+00     2.18403e+01
    1.45351e+00     2.15023e+01
    1.46306e+00     2.11694e+01
    1.47267e+00     2.08412e+01
    1.48235e+00     2.05181e+01
    1.49209e+00     2.02000e+01
    1.50189e+00     1.98865e+01
    1.51176e+00     1.95775e+01
    1.52169e+00     1.92737e+01
    1.53169e+00     1.89740e+01
    1.54175e+00     1.86789e+01
    1.55188e+00     1.83880e+01
    1.56207e+00     1.81021e+01
    1.57234e+00     1.78201e+01
    1.58267e+00     1.75427e+01
    1.59307e+00     1.72693e+01
    1.60353e+00     1.69999e+01
    1.61407e+00     1.67348e+01
    1.62467e+00     1.64734e+01
    1.63535e+00     1.62164e+01
    1.64609e+00     1.59631e+01
    1.65690e+00     1.57132e+01
    1.66779e+00     1.54679e+01
    1.67875e+00     1.52258e+01
    1.68978e+00     1.49878e+01
    1.70088e+00     1.47530e+01
    1.71205e+00     1.45217e+01
    1.72330e+00     1.42944e+01
    1.73462e+00     1.40700e+01
    1.74602e+00     1.38494e+01
    1.75749e+00     1.36320e+01
    1.76904e+00     1.34184e+01
    1.78066e+00     1.32074e+01
    1.79236e+00     1.29997e+01
    1.80414e+00     1.27957e+01
    1.81599e+00     1.25943e+01
    1.82792e+00     1.23964e+01
    1.83993e+00     1.22011e+01
    1.85202e+00     1.20091e+01
    1.86419e+00     1.18200e+01
    1.87643e+00     1.16337e+01
    1.88876e+00     1.14501e+01
    1.90117e+00     1.12695e+01
    1.91366e+00     1.10918e+01
    1.92623e+00     1.09168e+01
    1.93889e+00     1.07444e+01
    1.95163e+00     1.05746e+01
    1.96445e+00     1.04075e+01
    1.97736e+00     1.02429e+01
    1.99035e+00     1.00810e+01
    2.00342e+00     9.92133e+00
    2.01659e+00     9.76420e+00
    2.02984e+00     9.60969e+00
    2.04317e+00     9.45734e+00
    2.05659e+00     9.30733e+00
    2.07011e+00     9.15983e+00
    2.08371e+00     9.01446e+00
    2.09740e+00     8.87139e+00
    2.11118e+00     8.73046e+00
    2.12505e+00     8.59181e+00
    2.13901e+00     8.45542e+00
    2.15306e+00     8.32085e+00
    2.16721e+00     8.18856e+00
    2.18145e+00     8.05822e+00
    2.19578e+00     7.93008e+00
    2.21020e+00     7.80373e+00
    2.22473e+00     7.67936e+00
    2.23934e+00     7.55699e+00
    2.25405e+00     7.43655e+00
    2.26886e+00     7.31789e+00
    2.28377e+00     7.20125e+00
    2.29877e+00     7.08622e+00
    2.31388e+00     6.97322e+00
    2.32908e+00     6.86180e+00
    2.34438e+00     6.75210e+00
    2.35978e+00     6.64425e+00
    2.37529e+00     6.53800e+00
    2.39089e+00     6.43342e+00
    2.40660e+00     6.33042e+00
    2.42241e+00     6.22913e+00
    2.43833e+00     6.12938e+00
    2.45435e+00     6.03118e+00
    2.47047e+00     5.93458e+00
    2.48670e+00     5.83940e+00
    2.50304e+00     5.74576e+00
    2.51949e+00     5.65358e+00
    2.53604e+00     5.56283e+00
    2.55270e+00     5.47353e+00
    2.56947e+00     5.38563e+00
    2.58635e+00     5.29913e+00
    2.60335e+00     5.21395e+00
    2.62045e+00     5.13004e+00
    2.63767e+00     5.04759e+00
    2.65500e+00     4.96635e+00
    2.67244e+00     4.88641e+00
    2.69000e+00     4.80770e+00
    2.70767e+00     4.73027e+00
    2.72546e+00     4.65403e+00
    2.74337e+00     4.57902e+00
    2.76139e+00     4.50514e+00
    2.77953e+00     4.43250e+00
    2.79779e+00     4.36094e+00
    2.81618e+00     4.29057e+00
    2.83468e+00     4.22127e+00
    2.85330e+00     4.15310e+00
    2.87205e+00     4.08595e+00
    2.89092e+00     4.01991e+00
    2.90991e+00     3.95491e+00
    2.92903e+00     3.89092e+00
    2.94827e+00     3.82793e+00
    2.96764e+00     3.76599e+00
    2.98714e+00     3.70501e+00
    3.00677e+00     3.64503e+00
    3.02652e+00     3.58593e+00
    3.04640e+00     3.52781e+00
    3.06642e+00     3.47063e+00
    3.08657e+00     3.41434e+00
    3.10684e+00     3.35892e+00
    3.12726e+00     3.30442e+00
    3.14780e+00     3.25078e+00
    3.16848e+00     3.19795e+00
    3.18930e+00     3.14600e+00
    3.21025e+00     3.09485e+00
    3.23135e+00     3.04456e+00
    3.25258e+00     2.99505e+00
    3.27394e+00     2.94631e+00
    3.29545e+00     2.89838e+00
    3.31711e+00     2.85123e+00
    3.33890e+00     2.80475e+00
    3.36084e+00     2.75908e+00
    3.38292e+00     2.71412e+00
    3.40514e+00     2.66989e+00
    3.42751e+00     2.62634e+00
    3.45003e+00     2.58348e+00
    3.47270e+00     2.54134e+00
    3.49551e+00     2.49984e+00
    3.51848e+00     2.45902e+00
    3.54160e+00     2.41890e+00
    3.56486e+00     2.37935e+00
    3.58829e+00     2.34050e+00
    3.61186e+00     2.30223e+00
    3.63559e+00     2.26455e+00
    3.65948e+00     2.22753e+00
    3.68352e+00     2.19109e+00
    3.70772e+00     2.15521e+00
    3.73208e+00     2.11993e+00
    3.75660e+00     2.08523e+00
    3.78128e+00     2.05105e+00
    3.80612e+00     2.01745e+00
    3.83113e+00     1.98439e+00
    3.85630e+00     1.95184e+00
    3.88164e+00     1.91984e+00
    3.90714e+00     1.88834e+00
    3.93281e+00     1.85735e+00
    3.95865e+00     1.82685e+00
    3.98465e+00     1.79685e+00
    4.01083e+00     1.76734e+00
    4.03718e+00     1.73830e+00
    4.06371e+00     1.70973e+00
    4.09041e+00     1.68162e+00
    4.11728e+00     1.65395e+00
    4.14433e+00     1.62674e+00
    4.17156e+00     1.59997e+00
    4.19897e+00     1.57364e+00
    4.22655e+00     1.54772e+00
    4.25432e+00     1.52223e+00
    4.28227e+00     1.49715e+00
    4.31041e+00     1.47248e+00
    4.33873e+00     1.44820e+00
    4.36723e+00     1.42432e+00
    4.39593e+00     1.40082e+00
    4.42481e+00     1.37772e+00
    4.45388e+00     1.35498e+00
    4.48314e+00     1.33261e+00
    4.51259e+00     1.31061e+00
    4.54224e+00     1.28896e+00
    4.57208e+00     1.26766e+00
    4.60212e+00     1.24671e+00
    4.63236e+00     1.22610e+00
    4.66279e+00     1.20583e+00
    4.69343e+00     1.18589e+00
    4.72426e+00     1.16627e+00
    4.75530e+00     1.14697e+00
    4.78654e+00     1.12797e+00
    4.81799e+00     1.10930e+00
    4.84965e+00     1.09093e+00
    4.88151e+00     1.07285e+00
    4.91358e+00     1.05507e+00
    4.94586e+00     1.03758e+00
    4.97836e+00     1.02038e+00
