    1.02795e-05     3.17708e+01
    1.03470e-05     3.19721e+01
    1.04150e-05     3.21748e+01
    1.04834e-05     3.23787e+01
    1.05523e-05     3.25840e+01
    1.06216e-05     3.27905e+01
    1.06914e-05     3.29984e+01
    1.07617e-05     3.32078e+01
    1.08324e-05     3.34183e+01
    1.09035e-05     3.36299e+01
    1.09752e-05     3.38433e+01
    1.10473e-05     3.40578e+01
    1.11198e-05     3.42735e+01
    1.11929e-05     3.44909e+01
    1.12664e-05     3.47094e+01
    1.13405e-05     3.49297e+01
    1.14150e-05     3.51511e+01
    1.14900e-05     3.53740e+01
    1.15655e-05     3.55982e+01
    1.16414e-05     3.58236e+01
    1.17179e-05     3.60508e+01
    1.17949e-05     3.62794e+01
    1.18724e-05     3.65094e+01
    1.19504e-05     3.67408e+01
    1.20289e-05     3.69737e+01
    1.21079e-05     3.72080e+01
    1.21875e-05     3.74440e+01
    1.22676e-05     3.76815e+01
    1.23482e-05     3.79203e+01
    1.24293e-05     3.81607e+01
    1.25110e-05     3.84027e+01
    1.25932e-05     3.86461e+01
    1.26759e-05     3.88910e+01
    1.27592e-05     3.91376e+01
    1.28430e-05     3.93856e+01
    1.29274e-05     3.96354e+01
    1.30123e-05     3.98865e+01
    1.30978e-05     4.01394e+01
    1.31838e-05     4.03937e+01
    1.32705e-05     4.06500e+01
    1.33577e-05     4.09078e+01
    1.34454e-05     4.11669e+01
    1.35338e-05     4.14281e+01
    1.36227e-05     4.16907e+01
    1.37122e-05     4.19549e+01
    1.38023e-05     4.22209e+01
    1.38929e-05     4.24884e+01
    1.39842e-05     4.27578e+01
    1.40761e-05     4.30289e+01
    1.41686e-05     4.33017e+01
    1.42617e-05     4.35763e+01
    1.43554e-05     4.38525e+01
    1.44497e-05     4.41305e+01
    1.45446e-05     4.44101e+01
    1.46402e-05     4.46918e+01
    1.47363e-05     4.49748e+01
    1.48332e-05     4.52602e+01
    1.49306e-05     4.55469e+01
    1.50287e-05     4.58357e+01
    1.51275e-05     4.61265e+01
    1.52268e-05     4.64186e+01
    1.53269e-05     4.67130e+01
    1.54276e-05     4.70092e+01
    1.55289e-05     4.73070e+01
    1.56310e-05     4.76071e+01
    1.57337e-05     4.79089e+01
    1.58370e-05     4.82124e+01
    1.59411e-05     4.85182e+01
    1.60458e-05     4.88257e+01
    1.61512e-05     4.91352e+01
    1.62573e-05     4.94466e+01
    1.63642e-05     4.97603e+01
    1.64717e-05     5.00757e+01
    1.65799e-05     5.03931e+01
    1.66888e-05     5.07125e+01
    1.67985e-05     5.10341e+01
    1.69088e-05     5.13575e+01
    1.70199e-05     5.16831e+01
    1.71317e-05     5.20106e+01
    1.72443e-05     5.23405e+01
    1.73576e-05     5.26723e+01
    1.74716e-05     5.30061e+01
    1.75864e-05     5.33421e+01
    1.77020e-05     5.36805e+01
    1.78183e-05     5.40208e+01
    1.79353e-05     5.43630e+01
    1.80532e-05     5.47078e+01
    1.81718e-05     5.50546e+01
    1.82912e-05     5.54037e+01
    1.84113e-05     5.57547e+01
    1.85323e-05     5.61082e+01
    1.86541e-05     5.64640e+01
    1.87766e-05     5.68218e+01
    1.89000e-05     5.71820e+01
    1.90241e-05     5.75443e+01
    1.91491e-05     5.79091e+01
    1.92749e-05     5.82761e+01
    1.94016e-05     5.86457e+01
    1.95290e-05     5.90172e+01
    1.96574e-05     5.93916e+01
    1.97865e-05     5.97679e+01
    1.99165e-05     6.01467e+01
    2.00473e-05     6.05278e+01
    2.01791e-05     6.09118e+01
    2.03116e-05     6.12976e+01
    2.04451e-05     6.16863e+01
    2.05794e-05     6.20773e+01
    2.07146e-05     6.24708e+01
    2.08507e-05     6.28669e+01
    2.09877e-05     6.32654e+01
    2.11256e-05     6.36665e+01
    2.12644e-05     6.40700e+01
    2.14041e-05     6.44763e+01
    2.15447e-05     6.48849e+01
    2.16863e-05     6.52964e+01
    2.18287e-05     6.57101e+01
    2.19722e-05     6.61269e+01
    2.21165e-05     6.65460e+01
    2.22618e-05     6.69678e+01
    2.24081e-05     6.73925e+01
    2.25553e-05     6.78196e+01
    2.27035e-05     6.82496e+01
    2.28526e-05     6.86821e+01
    2.30028e-05     6.91176e+01
    2.31539e-05     6.95557e+01
    2.33060e-05     6.99966e+01
    2.34592e-05     7.04405e+01
    2.36133e-05     7.08870e+01
    2.37684e-05     7.13363e+01
    2.39246e-05     7.17886e+01
    2.40818e-05     7.22437e+01
    2.42400e-05     7.27017e+01
    2.43992e-05     7.31624e+01
    2.45595e-05     7.36262e+01
    2.47209e-05     7.40930e+01
    2.48833e-05     7.45627e+01
    2.50468e-05     7.50354e+01
    2.52114e-05     7.55112e+01
    2.53770e-05     7.59898e+01
    2.55437e-05     7.64714e+01
    2.57115e-05     7.69562e+01
    2.58805e-05     7.74442e+01
    2.60505e-05     7.79351e+01
    2.62217e-05     7.84293e+01
    2.63939e-05     7.89264e+01
    2.65673e-05     7.94267e+01
    2.67419e-05     7.99304e+01
    2.69176e-05     8.04371e+01
    2.70944e-05     8.09467e+01
    2.72724e-05     8.14598e+01
    2.74516e-05     8.19763e+01
    2.76320e-05     8.24961e+01
    2.78135e-05     8.30189e+01
    2.79963e-05     8.35454e+01
    2.81802e-05     8.40747e+01
    2.83653e-05     8.46076e+01
    2.85517e-05     8.51441e+01
    2.87393e-05     8.56837e+01
    2.89281e-05     8.62268e+01
    2.91181e-05     8.67731e+01
    2.93095e-05     8.73235e+01
    2.95020e-05     8.78768e+01
    2.96958e-05     8.84337e+01
    2.98909e-05     8.89943e+01
    3.00873e-05     8.95585e+01
    3.02850e-05     9.01261e+01
    3.04840e-05     9.06975e+01
    3.06843e-05     9.12726e+01
    3.08859e-05     9.18512e+01
    3.10888e-05     9.24334e+01
    3.12930e-05     9.30192e+01
    3.14986e-05     9.36089e+01
    3.17056e-05     9.42025e+01
    3.19139e-05     9.47996e+01
    3.21235e-05     9.54004e+01
    3.23346e-05     9.60053e+01
    3.25470e-05     9.66138e+01
    3.27609e-05     9.72264e+01
    3.29761e-05     9.78427e+01
    3.31928e-05     9.84631e+01
    3.34108e-05     9.90870e+01
    3.36303e-05     9.97152e+01
    3.38513e-05     1.00347e+02
    3.40737e-05     1.00984e+02
    3.42976e-05     1.01624e+02
    3.45229e-05     1.02268e+02
    3.47497e-05     1.02916e+02
    3.49780e-05     1.03568e+02
    3.52078e-05     1.04225e+02
    3.54391e-05     1.04885e+02
    3.56720e-05     1.05551e+02
    3.59063e-05     1.06219e+02
    3.61422e-05     1.06893e+02
    3.63797e-05     1.07570e+02
    3.66187e-05     1.08252e+02
    3.68593e-05     1.08938e+02
    3.71015e-05     1.09629e+02
    3.73452e-05     1.10324e+02
    3.75906e-05     1.11023e+02
    3.78375e-05     1.11726e+02
    3.80861e-05     1.12435e+02
    3.83364e-05     1.13148e+02
    3.85882e-05     1.13865e+02
    3.88418e-05     1.14587e+02
    3.90969e-05     1.15313e+02
    3.93538e-05     1.16044e+02
    3.96124e-05     1.16779e+02
    3.98726e-05     1.17520e+02
    4.01346e-05     1.18264e+02
    4.03983e-05     1.19014e+02
    4.06637e-05     1.19769e+02
    4.09308e-05     1.20527e+02
    4.11998e-05     1.21292e+02
    4.14704e-05     1.22060e+02
    4.17429e-05     1.22834e+02
    4.20172e-05     1.23613e+02
    4.22932e-05     1.24396e+02
    4.25711e-05     1.25185e+02
    4.28508e-05     1.25978e+02
    4.31323e-05     1.26777e+02
    4.34157e-05     1.27580e+02
    4.37009e-05     1.28389e+02
    4.39880e-05     1.29203e+02
    4.42770e-05     1.30022e+02
    4.45679e-05     1.30846e+02
    4.48607e-05     1.31675e+02
    4.51555e-05     1.32510e+02
    4.54521e-05     1.33350e+02
    4.57508e-05     1.34195e+02
    4.60513e-05     1.35046e+02
    4.63539e-05     1.35902e+02
    4.66584e-05     1.36763e+02
    4.69650e-05     1.37630e+02
    4.72736e-05     1.38503e+02
    4.75841e-05     1.39380e+02
    4.78968e-05     1.40264e+02
    4.82114e-05     1.41153e+02
    4.85282e-05     1.42048e+02
    4.88470e-05     1.42948e+02
    4.91680e-05     1.43855e+02
    4.94910e-05     1.44766e+02
    4.98161e-05     1.45684e+02
    5.01434e-05     1.46607e+02
    5.04729e-05     1.47537e+02
    5.08045e-05     1.48472e+02
    5.11383e-05     1.49413e+02
    5.14742e-05     1.50360e+02
    5.18124e-05     1.51313e+02
    5.21528e-05     1.52272e+02
    5.24955e-05     1.53237e+02
    5.28404e-05     1.54208e+02
    5.31875e-05     1.55185e+02
    5.35370e-05     1.56169e+02
    5.38887e-05     1.57159e+02
    5.42428e-05     1.58155e+02
    5.45991e-05     1.59157e+02
    5.49579e-05     1.60166e+02
    5.53189e-05     1.61181e+02
    5.56824e-05     1.62203e+02
    5.60482e-05     1.63230e+02
    5.64164e-05     1.64265e+02
    5.67871e-05     1.65306e+02
    5.71602e-05     1.66354e+02
    5.75357e-05     1.67408e+02
    5.79137e-05     1.68469e+02
    5.82942e-05     1.69537e+02
    5.86772e-05     1.70612e+02
    5.90627e-05     1.71693e+02
    5.94508e-05     1.72781e+02
    5.98414e-05     1.73876e+02
    6.02345e-05     1.74978e+02
    6.06303e-05     1.76087e+02
    6.10286e-05     1.77203e+02
    6.14296e-05     1.78326e+02
    6.18332e-05     1.79457e+02
    6.22394e-05     1.80594e+02
    6.26483e-05     1.81739e+02
    6.30599e-05     1.82891e+02
    6.34742e-05     1.84050e+02
    6.38912e-05     1.85216e+02
    6.43110e-05     1.86390e+02
    6.47335e-05     1.87571e+02
    6.51588e-05     1.88760e+02
    6.55869e-05     1.89957e+02
    6.60178e-05     1.91160e+02
    6.64516e-05     1.92372e+02
    6.68881e-05     1.93591e+02
    6.73276e-05     1.94818e+02
    6.77699e-05     1.96053e+02
    6.82152e-05     1.97296e+02
    6.86634e-05     1.98546e+02
    6.91145e-05     1.99804e+02
    6.95686e-05     2.01071e+02
    7.00256e-05     2.02345e+02
    7.04857e-05     2.03627e+02
    7.09488e-05     2.04918e+02
    7.14149e-05     2.06216e+02
    7.18841e-05     2.07523e+02
    7.23564e-05     2.08838e+02
    7.28318e-05     2.10162e+02
    7.33103e-05     2.11494e+02
    7.37919e-05     2.12834e+02
    7.42767e-05     2.14183e+02
    7.47647e-05     2.15540e+02
    7.52559e-05     2.16906e+02
    7.57504e-05     2.18281e+02
    7.62480e-05     2.19664e+02
    7.67490e-05     2.21056e+02
    7.72532e-05     2.22457e+02
    7.77608e-05     2.23867e+02
    7.82717e-05     2.25285e+02
    7.87859e-05     2.26713e+02
    7.93035e-05     2.28150e+02
    7.98246e-05     2.29596e+02
    8.03490e-05     2.31051e+02
    8.08769e-05     2.32515e+02
    8.14083e-05     2.33988e+02
    8.19431e-05     2.35471e+02
    8.24815e-05     2.36964e+02
    8.30234e-05     2.38465e+02
    8.35689e-05     2.39977e+02
    8.41179e-05     2.41497e+02
    8.46706e-05     2.43028e+02
    8.52268e-05     2.44568e+02
    8.57868e-05     2.46117e+02
    8.63504e-05     2.47677e+02
    8.69177e-05     2.49246e+02
    8.74888e-05     2.50826e+02
    8.80636e-05     2.52415e+02
    8.86421e-05     2.54015e+02
    8.92245e-05     2.55624e+02
    8.98107e-05     2.57244e+02
    9.04008e-05     2.58874e+02
    9.09947e-05     2.60514e+02
    9.15926e-05     2.62165e+02
    9.21943e-05     2.63826e+02
    9.28000e-05     2.65498e+02
    9.34097e-05     2.67180e+02
    9.40234e-05     2.68873e+02
    9.46412e-05     2.70577e+02
    9.52630e-05     2.72291e+02
    9.58888e-05     2.74016e+02
    9.65188e-05     2.75752e+02
    9.71529e-05     2.77499e+02
    9.77912e-05     2.79258e+02
    9.84337e-05     2.81027e+02
    9.90804e-05     2.82807e+02
    9.97314e-05     2.84600e+02
    1.00387e-04     2.86404e+02
    1.01046e-04     2.88217e+02
    1.01710e-04     2.90043e+02
    1.02378e-04     2.91881e+02
    1.03051e-04     2.93731e+02
    1.03728e-04     2.95591e+02
    1.04409e-04     2.97463e+02
    1.05095e-04     2.99347e+02
    1.05786e-04     3.01246e+02
    1.06481e-04     3.03154e+02
    1.07180e-04     3.05073e+02
    1.07885e-04     3.07008e+02
    1.08593e-04     3.08951e+02
    1.09307e-04     3.10910e+02
    1.10025e-04     3.12879e+02
    1.10748e-04     3.14861e+02
    1.11476e-04     3.16857e+02
    1.12208e-04     3.18863e+02
    1.12945e-04     3.20883e+02
    1.13687e-04     3.22915e+02
    1.14434e-04     3.24961e+02
    1.15186e-04     3.27019e+02
    1.15943e-04     3.29092e+02
    1.16704e-04     3.31174e+02
    1.17471e-04     3.33272e+02
    1.18243e-04     3.35384e+02
    1.19020e-04     3.37508e+02
    1.19802e-04     3.39646e+02
    1.20589e-04     3.41798e+02
    1.21381e-04     3.43962e+02
    1.22179e-04     3.46141e+02
    1.22981e-04     3.48332e+02
    1.23789e-04     3.50538e+02
    1.24603e-04     3.52760e+02
    1.25421e-04     3.54993e+02
    1.26245e-04     3.57241e+02
    1.27075e-04     3.59505e+02
    1.27910e-04     3.61783e+02
    1.28750e-04     3.64073e+02
    1.29596e-04     3.66379e+02
    1.30447e-04     3.68699e+02
    1.31304e-04     3.71034e+02
    1.32167e-04     3.73384e+02
    1.33035e-04     3.75748e+02
    1.33909e-04     3.78128e+02
    1.34789e-04     3.80523e+02
    1.35675e-04     3.82934e+02
    1.36566e-04     3.85358e+02
    1.37463e-04     3.87798e+02
    1.38366e-04     3.90253e+02
    1.39276e-04     3.92727e+02
    1.40191e-04     3.95214e+02
    1.41112e-04     3.97717e+02
    1.42039e-04     4.00234e+02
    1.42972e-04     4.02769e+02
    1.43911e-04     4.05318e+02
    1.44857e-04     4.07886e+02
    1.45808e-04     4.10467e+02
    1.46766e-04     4.13066e+02
    1.47731e-04     4.15683e+02
    1.48701e-04     4.18314e+02
    1.49678e-04     4.20962e+02
    1.50662e-04     4.23629e+02
    1.51651e-04     4.26309e+02
    1.52648e-04     4.29010e+02
    1.53651e-04     4.31726e+02
    1.54660e-04     4.34458e+02
    1.55676e-04     4.37209e+02
    1.56699e-04     4.39977e+02
    1.57729e-04     4.42764e+02
    1.58765e-04     4.45567e+02
    1.59808e-04     4.48388e+02
    1.60858e-04     4.51227e+02
    1.61915e-04     4.54083e+02
    1.62979e-04     4.56959e+02
    1.64049e-04     4.59849e+02
    1.65127e-04     4.62761e+02
    1.66212e-04     4.65690e+02
    1.67304e-04     4.68637e+02
    1.68403e-04     4.71603e+02
    1.69510e-04     4.74589e+02
    1.70623e-04     4.77591e+02
    1.71744e-04     4.80614e+02
    1.72873e-04     4.83658e+02
    1.74008e-04     4.86716e+02
    1.75152e-04     4.89799e+02
    1.76302e-04     4.92896e+02
    1.77461e-04     4.96016e+02
    1.78627e-04     4.99156e+02
    1.79800e-04     5.02313e+02
    1.80981e-04     5.05490e+02
    1.82170e-04     5.08688e+02
    1.83367e-04     5.11907e+02
    1.84572e-04     5.15147e+02
    1.85785e-04     5.18407e+02
    1.87005e-04     5.21686e+02
    1.88234e-04     5.24987e+02
    1.89471e-04     5.28309e+02
    1.90715e-04     5.31650e+02
    1.91968e-04     5.35014e+02
    1.93230e-04     5.38400e+02
    1.94499e-04     5.41805e+02
    1.95777e-04     5.45232e+02
    1.97063e-04     5.48680e+02
    1.98358e-04     5.52153e+02
    1.99661e-04     5.55645e+02
    2.00973e-04     5.59160e+02
    2.02293e-04     5.62696e+02
    2.03622e-04     5.66255e+02
    2.04960e-04     5.69837e+02
    2.06307e-04     5.73442e+02
    2.07662e-04     5.77067e+02
    2.09027e-04     5.80719e+02
    2.10400e-04     5.84391e+02
    2.11782e-04     5.88086e+02
    2.13174e-04     5.91806e+02
    2.14574e-04     5.95547e+02
    2.15984e-04     5.99314e+02
    2.17403e-04     6.03104e+02
    2.18831e-04     6.06916e+02
    2.20269e-04     6.10754e+02
    2.21716e-04     6.14615e+02
    2.23173e-04     6.18502e+02
    2.24639e-04     6.22411e+02
    2.26115e-04     6.26347e+02
    2.27601e-04     6.30308e+02
    2.29096e-04     6.34291e+02
    2.30601e-04     6.38300e+02
    2.32116e-04     6.42336e+02
    2.33641e-04     6.46395e+02
    2.35176e-04     6.50481e+02
    2.36721e-04     6.54593e+02
    2.38276e-04     6.58728e+02
    2.39842e-04     6.62894e+02
    2.41418e-04     6.67083e+02
    2.43004e-04     6.71298e+02
    2.44600e-04     6.75539e+02
    2.46207e-04     6.79808e+02
    2.47825e-04     6.84105e+02
    2.49453e-04     6.88426e+02
    2.51092e-04     6.92776e+02
    2.52742e-04     6.97154e+02
    2.54402e-04     7.01556e+02
    2.56074e-04     7.05990e+02
    2.57756e-04     7.10447e+02
    2.59450e-04     7.14937e+02
    2.61154e-04     7.19450e+02
    2.62870e-04     7.23995e+02
    2.64597e-04     7.28567e+02
    2.66335e-04     7.33167e+02
    2.68085e-04     7.37796e+02
    2.69846e-04     7.42455e+02
    2.71619e-04     7.47142e+02
    2.73404e-04     7.51862e+02
    2.75200e-04     7.56608e+02
    2.77008e-04     7.61384e+02
    2.78828e-04     7.66191e+02
    2.80660e-04     7.71028e+02
    2.82504e-04     7.75896e+02
    2.84360e-04     7.80793e+02
    2.86228e-04     7.85720e+02
    2.88109e-04     7.90681e+02
    2.90002e-04     7.95672e+02
    2.91907e-04     8.00693e+02
    2.93825e-04     8.05745e+02
    2.95755e-04     8.10829e+02
    2.97698e-04     8.15944e+02
    2.99654e-04     8.21092e+02
    3.01623e-04     8.26273e+02
    3.03605e-04     8.31487e+02
    3.05599e-04     8.36731e+02
    3.07607e-04     8.42009e+02
    3.09628e-04     8.47320e+02
    3.11662e-04     8.52663e+02
    3.13710e-04     8.58042e+02
    3.15771e-04     8.63454e+02
    3.17846e-04     8.68899e+02
    3.19934e-04     8.74377e+02
    3.22036e-04     8.79890e+02
    3.24152e-04     8.85438e+02
    3.26281e-04     8.91019e+02
    3.28425e-04     8.96636e+02
    3.30583e-04     9.02288e+02
    3.32755e-04     9.07976e+02
    3.34941e-04     9.13696e+02
    3.37141e-04     9.19454e+02
    3.39356e-04     9.25247e+02
    3.41586e-04     9.31078e+02
    3.43830e-04     9.36945e+02
    3.46089e-04     9.42846e+02
    3.48363e-04     9.48786e+02
    3.50652e-04     9.54763e+02
    3.52955e-04     9.60775e+02
    3.55274e-04     9.66825e+02
    3.57609e-04     9.72916e+02
    3.59958e-04     9.79041e+02
    3.62323e-04     9.85206e+02
    3.64703e-04     9.91407e+02
    3.67100e-04     9.97650e+02
    3.69511e-04     1.00393e+03
    3.71939e-04     1.01025e+03
    3.74383e-04     1.01661e+03
    3.76842e-04     1.02300e+03
    3.79318e-04     1.02944e+03
    3.81810e-04     1.03592e+03
    3.84319e-04     1.04243e+03
    3.86844e-04     1.04899e+03
    3.89385e-04     1.05559e+03
    3.91944e-04     1.06223e+03
    3.94519e-04     1.06891e+03
    3.97111e-04     1.07563e+03
    3.99720e-04     1.08239e+03
    4.02346e-04     1.08920e+03
    4.04989e-04     1.09604e+03
    4.07650e-04     1.10294e+03
    4.10328e-04     1.10987e+03
    4.13024e-04     1.11684e+03
    4.15738e-04     1.12386e+03
    4.18469e-04     1.13092e+03
    4.21218e-04     1.13803e+03
    4.23986e-04     1.14518e+03
    4.26771e-04     1.15237e+03
    4.29575e-04     1.15961e+03
    4.32398e-04     1.16690e+03
    4.35238e-04     1.17422e+03
    4.38098e-04     1.18159e+03
    4.40976e-04     1.18901e+03
    4.43873e-04     1.19647e+03
    4.46790e-04     1.20399e+03
    4.49725e-04     1.21154e+03
    4.52680e-04     1.21915e+03
    4.55654e-04     1.22680e+03
    4.58648e-04     1.23449e+03
    4.61661e-04     1.24223e+03
    4.64694e-04     1.25002e+03
    4.67747e-04     1.25786e+03
    4.70820e-04     1.26575e+03
    4.73913e-04     1.27368e+03
    4.77027e-04     1.28167e+03
    4.80161e-04     1.28970e+03
    4.83316e-04     1.29778e+03
    4.86491e-04     1.30591e+03
    4.89687e-04     1.31409e+03
    4.92905e-04     1.32232e+03
    4.96143e-04     1.33061e+03
    4.99403e-04     1.33894e+03
    5.02684e-04     1.34732e+03
    5.05986e-04     1.35576e+03
    5.09311e-04     1.36424e+03
    5.12657e-04     1.37278e+03
    5.16025e-04     1.38137e+03
    5.19415e-04     1.39001e+03
    5.22828e-04     1.39871e+03
    5.26263e-04     1.40746e+03
    5.29720e-04     1.41626e+03
    5.33201e-04     1.42512e+03
    5.36704e-04     1.43403e+03
    5.40230e-04     1.44300e+03
    5.43779e-04     1.45201e+03
    5.47352e-04     1.46109e+03
    5.50948e-04     1.47022e+03
    5.54568e-04     1.47940e+03
    5.58211e-04     1.48864e+03
    5.61879e-04     1.49794e+03
    5.65570e-04     1.50729e+03
    5.69286e-04     1.51671e+03
    5.73026e-04     1.52617e+03
    5.76791e-04     1.53570e+03
    5.80580e-04     1.54528e+03
    5.84395e-04     1.55492e+03
    5.88234e-04     1.56462e+03
    5.92099e-04     1.57438e+03
    5.95989e-04     1.58419e+03
    5.99905e-04     1.59407e+03
    6.03846e-04     1.60400e+03
    6.07813e-04     1.61400e+03
    6.11807e-04     1.62406e+03
    6.15826e-04     1.63417e+03
    6.19872e-04     1.64435e+03
    6.23945e-04     1.65459e+03
    6.28044e-04     1.66489e+03
    6.32170e-04     1.67525e+03
    6.36324e-04     1.68568e+03
    6.40504e-04     1.69616e+03
    6.44712e-04     1.70671e+03
    6.48948e-04     1.71733e+03
    6.53212e-04     1.72801e+03
    6.57503e-04     1.73875e+03
    6.61823e-04     1.74956e+03
    6.66171e-04     1.76043e+03
    6.70548e-04     1.77136e+03
    6.74954e-04     1.78237e+03
    6.79388e-04     1.79344e+03
    6.83852e-04     1.80457e+03
    6.88344e-04     1.81577e+03
    6.92867e-04     1.82704e+03
    6.97419e-04     1.83837e+03
    7.02001e-04     1.84978e+03
    7.06613e-04     1.86125e+03
    7.11256e-04     1.87279e+03
    7.15929e-04     1.88440e+03
    7.20632e-04     1.89607e+03
    7.25367e-04     1.90782e+03
    7.30132e-04     1.91963e+03
    7.34929e-04     1.93152e+03
    7.39758e-04     1.94348e+03
    7.44618e-04     1.95551e+03
    7.49510e-04     1.96760e+03
    7.54435e-04     1.97978e+03
    7.59391e-04     1.99202e+03
    7.64380e-04     2.00433e+03
    7.69402e-04     2.01672e+03
    7.74457e-04     2.02918e+03
    7.79545e-04     2.04171e+03
    7.84667e-04     2.05433e+03
    7.89822e-04     2.06701e+03
    7.95011e-04     2.07976e+03
    8.00235e-04     2.09260e+03
    8.05492e-04     2.10551e+03
    8.10784e-04     2.11849e+03
    8.16111e-04     2.13155e+03
    8.21473e-04     2.14469e+03
    8.26870e-04     2.15791e+03
    8.32303e-04     2.17120e+03
    8.37771e-04     2.18457e+03
    8.43275e-04     2.19802e+03
    8.48815e-04     2.21155e+03
    8.54392e-04     2.22516e+03
    8.60005e-04     2.23885e+03
    8.65656e-04     2.25262e+03
    8.71343e-04     2.26647e+03
    8.77068e-04     2.28040e+03
    8.82830e-04     2.29441e+03
    8.88630e-04     2.30850e+03
    8.94468e-04     2.32267e+03
    9.00345e-04     2.33693e+03
    9.06260e-04     2.35127e+03
    9.12214e-04     2.36569e+03
    9.18208e-04     2.38020e+03
    9.24240e-04     2.39478e+03
    9.30313e-04     2.40946e+03
    9.36425e-04     2.42421e+03
    9.42577e-04     2.43906e+03
    9.48770e-04     2.45399e+03
    9.55003e-04     2.46900e+03
    9.61278e-04     2.48410e+03
    9.67593e-04     2.49929e+03
    9.73950e-04     2.51456e+03
    9.80349e-04     2.52992e+03
    9.86790e-04     2.54537e+03
    9.93273e-04     2.56091e+03
    9.99799e-04     2.57654e+03
    1.00637e-03     2.59227e+03
    1.01298e-03     2.60807e+03
    1.01963e-03     2.62396e+03
    1.02633e-03     2.63995e+03
    1.03308e-03     2.65605e+03
    1.03986e-03     2.67221e+03
    1.04670e-03     2.68849e+03
    1.05357e-03     2.70484e+03
    1.06049e-03     2.72128e+03
    1.06746e-03     2.73783e+03
    1.07448e-03     2.75449e+03
    1.08153e-03     2.77119e+03
    1.08864e-03     2.78803e+03
    1.09579e-03     2.80495e+03
    1.10299e-03     2.82197e+03
    1.11024e-03     2.83909e+03
    1.11753e-03     2.85629e+03
    1.12488e-03     2.87361e+03
    1.13227e-03     2.89101e+03
    1.13970e-03     2.90849e+03
    1.14719e-03     2.92609e+03
    1.15473e-03     2.94380e+03
    1.16232e-03     2.96160e+03
    1.16995e-03     2.97947e+03
    1.17764e-03     2.99748e+03
    1.18538e-03     3.01558e+03
    1.19316e-03     3.03375e+03
    1.20100e-03     3.05205e+03
    1.20889e-03     3.07045e+03
    1.21684e-03     3.08896e+03
    1.22483e-03     3.10755e+03
    1.23288e-03     3.12626e+03
    1.24098e-03     3.14507e+03
    1.24913e-03     3.16397e+03
    1.25734e-03     3.18299e+03
    1.26560e-03     3.20211e+03
    1.27391e-03     3.22132e+03
    1.28228e-03     3.24065e+03
    1.29071e-03     3.26010e+03
    1.29919e-03     3.27965e+03
    1.30772e-03     3.29928e+03
    1.31631e-03     3.31903e+03
    1.32496e-03     3.33890e+03
    1.33367e-03     3.35889e+03
    1.34243e-03     3.37896e+03
    1.35125e-03     3.39915e+03
    1.36013e-03     3.41945e+03
    1.36906e-03     3.43985e+03
    1.37806e-03     3.46038e+03
    1.38711e-03     3.48100e+03
    1.39623e-03     3.50175e+03
    1.40540e-03     3.52260e+03
    1.41463e-03     3.54355e+03
    1.42393e-03     3.56464e+03
    1.43328e-03     3.58581e+03
    1.44270e-03     3.60711e+03
    1.45218e-03     3.62853e+03
    1.46172e-03     3.65006e+03
    1.47132e-03     3.67169e+03
    1.48099e-03     3.69345e+03
    1.49072e-03     3.71533e+03
    1.50051e-03     3.73731e+03
    1.51037e-03     3.75941e+03
    1.52029e-03     3.78162e+03
    1.53028e-03     3.80396e+03
    1.54034e-03     3.82643e+03
    1.55046e-03     3.84899e+03
    1.56064e-03     3.87167e+03
    1.57090e-03     3.89449e+03
    1.58122e-03     3.91742e+03
    1.59160e-03     3.94044e+03
    1.60206e-03     3.96361e+03
    1.61259e-03     3.98690e+03
    1.62318e-03     4.01029e+03
    1.63385e-03     4.03384e+03
    1.64458e-03     4.05747e+03
    1.65539e-03     4.08125e+03
    1.66626e-03     4.10512e+03
    1.67721e-03     4.12914e+03
    1.68823e-03     4.15328e+03
    1.69932e-03     4.17753e+03
    1.71048e-03     4.20190e+03
    1.72172e-03     4.22641e+03
    1.73303e-03     4.25103e+03
    1.74442e-03     4.27579e+03
    1.75588e-03     4.30066e+03
    1.76742e-03     4.32568e+03
    1.77903e-03     4.35080e+03
    1.79072e-03     4.37606e+03
    1.80248e-03     4.40142e+03
    1.81432e-03     4.42692e+03
    1.82624e-03     4.45255e+03
    1.83824e-03     4.47831e+03
    1.85032e-03     4.50421e+03
    1.86248e-03     4.53022e+03
    1.87471e-03     4.55634e+03
    1.88703e-03     4.58262e+03
    1.89943e-03     4.60903e+03
    1.91191e-03     4.63555e+03
    1.92447e-03     4.66221e+03
    1.93711e-03     4.68899e+03
    1.94984e-03     4.71591e+03
    1.96265e-03     4.74296e+03
    1.97554e-03     4.77012e+03
    1.98852e-03     4.79743e+03
    2.00159e-03     4.82488e+03
    2.01474e-03     4.85245e+03
    2.02797e-03     4.88014e+03
    2.04130e-03     4.90798e+03
    2.05471e-03     4.93595e+03
    2.06821e-03     4.96405e+03
    2.08180e-03     4.99229e+03
    2.09547e-03     5.02064e+03
    2.10924e-03     5.04914e+03
    2.12310e-03     5.07778e+03
    2.13705e-03     5.10655e+03
    2.15109e-03     5.13545e+03
    2.16522e-03     5.16448e+03
    2.17945e-03     5.19366e+03
    2.19377e-03     5.22296e+03
    2.20818e-03     5.25239e+03
    2.22269e-03     5.28198e+03
    2.23729e-03     5.31168e+03
    2.25199e-03     5.34151e+03
    2.26678e-03     5.37149e+03
    2.28168e-03     5.40161e+03
    2.29667e-03     5.43186e+03
    2.31176e-03     5.46224e+03
    2.32694e-03     5.49275e+03
    2.34223e-03     5.52340e+03
    2.35762e-03     5.55419e+03
    2.37311e-03     5.58512e+03
    2.38870e-03     5.61618e+03
    2.40440e-03     5.64740e+03
    2.42019e-03     5.67872e+03
    2.43609e-03     5.71019e+03
    2.45210e-03     5.74181e+03
    2.46821e-03     5.77356e+03
    2.48442e-03     5.80543e+03
    2.50075e-03     5.83746e+03
    2.51718e-03     5.86963e+03
    2.53371e-03     5.90191e+03
    2.55036e-03     5.93435e+03
    2.56712e-03     5.96693e+03
    2.58398e-03     5.99962e+03
    2.60096e-03     6.03247e+03
    2.61805e-03     6.06546e+03
    2.63525e-03     6.09857e+03
    2.65256e-03     6.13182e+03
    2.66999e-03     6.16522e+03
    2.68753e-03     6.19876e+03
    2.70519e-03     6.23243e+03
    2.72296e-03     6.26622e+03
    2.74085e-03     6.30017e+03
    2.75886e-03     6.33425e+03
    2.77698e-03     6.36845e+03
    2.79523e-03     6.40282e+03
    2.81359e-03     6.43729e+03
    2.83208e-03     6.47193e+03
    2.85069e-03     6.50670e+03
    2.86942e-03     6.54160e+03
    2.88827e-03     6.57662e+03
    2.90724e-03     6.61178e+03
    2.92634e-03     6.64709e+03
    2.94557e-03     6.68253e+03
    2.96492e-03     6.71810e+03
    2.98440e-03     6.75381e+03
    3.00401e-03     6.78965e+03
    3.02375e-03     6.82564e+03
    3.04361e-03     6.86174e+03
    3.06361e-03     6.89801e+03
    3.08374e-03     6.93439e+03
    3.10400e-03     6.97091e+03
    3.12439e-03     7.00754e+03
    3.14492e-03     7.04433e+03
    3.16558e-03     7.08124e+03
    3.18638e-03     7.11830e+03
    3.20731e-03     7.15547e+03
    3.22838e-03     7.19278e+03
    3.24959e-03     7.23022e+03
    3.27094e-03     7.26781e+03
    3.29243e-03     7.30551e+03
    3.31406e-03     7.34335e+03
    3.33584e-03     7.38132e+03
    3.35775e-03     7.41940e+03
    3.37981e-03     7.45763e+03
    3.40202e-03     7.49599e+03
    3.42437e-03     7.53447e+03
    3.44687e-03     7.57308e+03
    3.46952e-03     7.61183e+03
    3.49231e-03     7.65068e+03
    3.51525e-03     7.68966e+03
    3.53835e-03     7.72877e+03
    3.56160e-03     7.76802e+03
    3.58500e-03     7.80739e+03
    3.60855e-03     7.84686e+03
    3.63226e-03     7.88648e+03
    3.65612e-03     7.92620e+03
    3.68014e-03     7.96605e+03
    3.70432e-03     8.00603e+03
    3.72866e-03     8.04612e+03
    3.75316e-03     8.08633e+03
    3.77781e-03     8.12665e+03
    3.80263e-03     8.16710e+03
    3.82762e-03     8.20769e+03
    3.85276e-03     8.24835e+03
    3.87808e-03     8.28915e+03
    3.90356e-03     8.33008e+03
    3.92920e-03     8.37108e+03
    3.95502e-03     8.41223e+03
    3.98100e-03     8.45348e+03
    4.00716e-03     8.49484e+03
    4.03348e-03     8.53629e+03
    4.05998e-03     8.57788e+03
    4.08666e-03     8.61958e+03
    4.11351e-03     8.66137e+03
    4.14053e-03     8.70326e+03
    4.16774e-03     8.74528e+03
    4.19512e-03     8.78739e+03
    4.22268e-03     8.82960e+03
    4.25042e-03     8.87190e+03
    4.27835e-03     8.91433e+03
    4.30646e-03     8.95685e+03
    4.33475e-03     8.99945e+03
    4.36323e-03     9.04218e+03
    4.39190e-03     9.08498e+03
    4.42075e-03     9.12787e+03
    4.44979e-03     9.17087e+03
    4.47903e-03     9.21397e+03
    4.50846e-03     9.25716e+03
    4.53808e-03     9.30042e+03
    4.56789e-03     9.34377e+03
    4.59790e-03     9.38722e+03
    4.62811e-03     9.43076e+03
    4.65852e-03     9.47440e+03
    4.68913e-03     9.51811e+03
    4.71993e-03     9.56187e+03
    4.75094e-03     9.60573e+03
    4.78216e-03     9.64971e+03
    4.81358e-03     9.69373e+03
    4.84520e-03     9.73782e+03
    4.87703e-03     9.78198e+03
    4.90908e-03     9.82624e+03
    4.94133e-03     9.87056e+03
    4.97379e-03     9.91494e+03
    5.00647e-03     9.95939e+03
    5.03936e-03     1.00039e+04
    5.07247e-03     1.00485e+04
    5.10580e-03     1.00932e+04
    5.13934e-03     1.01378e+04
    5.17311e-03     1.01826e+04
    5.20709e-03     1.02274e+04
    5.24131e-03     1.02723e+04
    5.27574e-03     1.03173e+04
    5.31040e-03     1.03622e+04
    5.34529e-03     1.04073e+04
    5.38041e-03     1.04524e+04
    5.41576e-03     1.04975e+04
    5.45134e-03     1.05426e+04
    5.48716e-03     1.05879e+04
    5.52321e-03     1.06331e+04
    5.55949e-03     1.06784e+04
    5.59602e-03     1.07237e+04
    5.63279e-03     1.07691e+04
    5.66979e-03     1.08145e+04
    5.70704e-03     1.08599e+04
    5.74454e-03     1.09054e+04
    5.78228e-03     1.09508e+04
    5.82027e-03     1.09964e+04
    5.85851e-03     1.10419e+04
    5.89700e-03     1.10874e+04
    5.93574e-03     1.11330e+04
    5.97474e-03     1.11785e+04
    6.01399e-03     1.12241e+04
    6.05351e-03     1.12697e+04
    6.09328e-03     1.13153e+04
    6.13331e-03     1.13609e+04
    6.17361e-03     1.14065e+04
    6.21417e-03     1.14520e+04
    6.25499e-03     1.14976e+04
    6.29609e-03     1.15432e+04
    6.33745e-03     1.15888e+04
    6.37909e-03     1.16343e+04
    6.42100e-03     1.16798e+04
    6.46319e-03     1.17254e+04
    6.50565e-03     1.17708e+04
    6.54839e-03     1.18163e+04
    6.59142e-03     1.18618e+04
    6.63472e-03     1.19072e+04
    6.67831e-03     1.19526e+04
    6.72219e-03     1.19979e+04
    6.76635e-03     1.20432e+04
    6.81081e-03     1.20885e+04
    6.85556e-03     1.21337e+04
    6.90060e-03     1.21788e+04
    6.94593e-03     1.22239e+04
    6.99157e-03     1.22690e+04
    7.03750e-03     1.23140e+04
    7.08374e-03     1.23589e+04
    7.13028e-03     1.24038e+04
    7.17712e-03     1.24486e+04
    7.22428e-03     1.24933e+04
    7.27174e-03     1.25379e+04
    7.31952e-03     1.25825e+04
    7.36761e-03     1.26270e+04
    7.41601e-03     1.26714e+04
    7.46473e-03     1.27157e+04
    7.51378e-03     1.27599e+04
    7.56314e-03     1.28040e+04
    7.61283e-03     1.28481e+04
    7.66285e-03     1.28920e+04
    7.71319e-03     1.29358e+04
    7.76387e-03     1.29795e+04
    7.81488e-03     1.30230e+04
    7.86622e-03     1.30665e+04
    7.91790e-03     1.31099e+04
    7.96992e-03     1.31531e+04
    8.02229e-03     1.31962e+04
    8.07499e-03     1.32391e+04
    8.12805e-03     1.32819e+04
    8.18145e-03     1.33245e+04
    8.23520e-03     1.33671e+04
    8.28930e-03     1.34094e+04
    8.34376e-03     1.34516e+04
    8.39858e-03     1.34937e+04
    8.45376e-03     1.35355e+04
    8.50930e-03     1.35772e+04
    8.56521e-03     1.36188e+04
    8.62148e-03     1.36601e+04
    8.67812e-03     1.37013e+04
    8.73514e-03     1.37423e+04
    8.79253e-03     1.37831e+04
    8.85030e-03     1.38237e+04
    8.90844e-03     1.38641e+04
    8.96697e-03     1.39043e+04
    9.02588e-03     1.39443e+04
    9.08518e-03     1.39840e+04
    9.14487e-03     1.40236e+04
    9.20496e-03     1.40629e+04
    9.26543e-03     1.41020e+04
    9.32631e-03     1.41409e+04
    9.38758e-03     1.41795e+04
    9.44926e-03     1.42179e+04
    9.51134e-03     1.42561e+04
    9.57383e-03     1.42939e+04
    9.63673e-03     1.43315e+04
    9.70004e-03     1.43689e+04
    9.76377e-03     1.44060e+04
    9.82792e-03     1.44428e+04
    9.89249e-03     1.44793e+04
    9.95748e-03     1.45156e+04
    1.00229e-02     1.45516e+04
    1.00888e-02     1.45873e+04
    1.01550e-02     1.46226e+04
    1.02218e-02     1.46577e+04
    1.02889e-02     1.46925e+04
    1.03565e-02     1.47269e+04
    1.04246e-02     1.47611e+04
    1.04930e-02     1.47948e+04
    1.05620e-02     1.48283e+04
    1.06314e-02     1.48615e+04
    1.07012e-02     1.48942e+04
    1.07715e-02     1.49266e+04
    1.08423e-02     1.49587e+04
    1.09135e-02     1.49904e+04
    1.09852e-02     1.50217e+04
    1.10574e-02     1.50528e+04
    1.11301e-02     1.50834e+04
    1.12032e-02     1.51136e+04
    1.12768e-02     1.51434e+04
    1.13509e-02     1.51729e+04
    1.14254e-02     1.52018e+04
    1.15005e-02     1.52305e+04
    1.15761e-02     1.52587e+04
    1.16521e-02     1.52864e+04
    1.17287e-02     1.53139e+04
    1.18057e-02     1.53407e+04
    1.18833e-02     1.53672e+04
    1.19614e-02     1.53933e+04
    1.20400e-02     1.54189e+04
    1.21191e-02     1.54441e+04
    1.21987e-02     1.54688e+04
    1.22788e-02     1.54929e+04
    1.23595e-02     1.55167e+04
    1.24407e-02     1.55399e+04
    1.25224e-02     1.55627e+04
    1.26047e-02     1.55850e+04
    1.26875e-02     1.56068e+04
    1.27709e-02     1.56282e+04
    1.28548e-02     1.56489e+04
    1.29392e-02     1.56692e+04
    1.30242e-02     1.56889e+04
    1.31098e-02     1.57081e+04
    1.31959e-02     1.57268e+04
    1.32826e-02     1.57449e+04
    1.33699e-02     1.57626e+04
    1.34578e-02     1.57797e+04
    1.35462e-02     1.57962e+04
    1.36352e-02     1.58121e+04
    1.37248e-02     1.58275e+04
    1.38149e-02     1.58421e+04
    1.39057e-02     1.58564e+04
    1.39970e-02     1.58699e+04
    1.40890e-02     1.58829e+04
    1.41816e-02     1.58953e+04
    1.42747e-02     1.59071e+04
    1.43685e-02     1.59182e+04
    1.44629e-02     1.59288e+04
    1.45580e-02     1.59388e+04
    1.46536e-02     1.59481e+04
    1.47499e-02     1.59567e+04
    1.48468e-02     1.59647e+04
    1.49443e-02     1.59720e+04
    1.50425e-02     1.59788e+04
    1.51413e-02     1.59848e+04
    1.52408e-02     1.59902e+04
    1.53409e-02     1.59948e+04
    1.54417e-02     1.59989e+04
    1.55432e-02     1.60023e+04
    1.56453e-02     1.60049e+04
    1.57481e-02     1.60069e+04
    1.58516e-02     1.60082e+04
    1.59557e-02     1.60087e+04
    1.60605e-02     1.60085e+04
    1.61661e-02     1.60077e+04
    1.62723e-02     1.60061e+04
    1.63792e-02     1.60038e+04
    1.64868e-02     1.60008e+04
    1.65951e-02     1.59969e+04
    1.67041e-02     1.59924e+04
    1.68139e-02     1.59872e+04
    1.69243e-02     1.59811e+04
    1.70355e-02     1.59744e+04
    1.71475e-02     1.59669e+04
    1.72601e-02     1.59586e+04
    1.73735e-02     1.59495e+04
    1.74877e-02     1.59398e+04
    1.76026e-02     1.59292e+04
    1.77182e-02     1.59178e+04
    1.78346e-02     1.59056e+04
    1.79518e-02     1.58927e+04
    1.80697e-02     1.58790e+04
    1.81884e-02     1.58644e+04
    1.83079e-02     1.58491e+04
    1.84282e-02     1.58330e+04
    1.85493e-02     1.58161e+04
    1.86712e-02     1.57984e+04
    1.87938e-02     1.57798e+04
    1.89173e-02     1.57605e+04
    1.90416e-02     1.57404e+04
    1.91667e-02     1.57194e+04
    1.92926e-02     1.56976e+04
    1.94194e-02     1.56751e+04
    1.95470e-02     1.56517e+04
    1.96754e-02     1.56274e+04
    1.98047e-02     1.56024e+04
    1.99348e-02     1.55765e+04
    2.00657e-02     1.55498e+04
    2.01976e-02     1.55224e+04
    2.03303e-02     1.54941e+04
    2.04638e-02     1.54649e+04
    2.05983e-02     1.54350e+04
    2.07336e-02     1.54041e+04
    2.08698e-02     1.53725e+04
    2.10070e-02     1.53402e+04
    2.11450e-02     1.53069e+04
    2.12839e-02     1.52728e+04
    2.14237e-02     1.52380e+04
    2.15645e-02     1.52023e+04
    2.17062e-02     1.51659e+04
    2.18488e-02     1.51286e+04
    2.19923e-02     1.50904e+04
    2.21368e-02     1.50515e+04
    2.22822e-02     1.50118e+04
    2.24286e-02     1.49713e+04
    2.25760e-02     1.49301e+04
    2.27243e-02     1.48880e+04
    2.28736e-02     1.48451e+04
    2.30239e-02     1.48015e+04
    2.31752e-02     1.47571e+04
    2.33274e-02     1.47119e+04
    2.34807e-02     1.46660e+04
    2.36350e-02     1.46193e+04
    2.37902e-02     1.45718e+04
    2.39465e-02     1.45236e+04
    2.41039e-02     1.44747e+04
    2.42622e-02     1.44251e+04
    2.44216e-02     1.43747e+04
    2.45821e-02     1.43236e+04
    2.47436e-02     1.42719e+04
    2.49061e-02     1.42193e+04
    2.50698e-02     1.41662e+04
    2.52345e-02     1.41124e+04
    2.54003e-02     1.40579e+04
    2.55672e-02     1.40027e+04
    2.57351e-02     1.39469e+04
    2.59042e-02     1.38904e+04
    2.60744e-02     1.38334e+04
    2.62457e-02     1.37757e+04
    2.64182e-02     1.37174e+04
    2.65917e-02     1.36585e+04
    2.67664e-02     1.35990e+04
    2.69423e-02     1.35390e+04
    2.71193e-02     1.34784e+04
    2.72975e-02     1.34173e+04
    2.74768e-02     1.33556e+04
    2.76573e-02     1.32935e+04
    2.78390e-02     1.32308e+04
    2.80219e-02     1.31677e+04
    2.82060e-02     1.31040e+04
    2.83914e-02     1.30400e+04
    2.85779e-02     1.29755e+04
    2.87656e-02     1.29105e+04
    2.89546e-02     1.28452e+04
    2.91449e-02     1.27795e+04
    2.93364e-02     1.27134e+04
    2.95291e-02     1.26469e+04
    2.97231e-02     1.25801e+04
    2.99184e-02     1.25130e+04
    3.01149e-02     1.24456e+04
    3.03128e-02     1.23779e+04
    3.05119e-02     1.23099e+04
    3.07124e-02     1.22417e+04
    3.09142e-02     1.21732e+04
    3.11173e-02     1.21045e+04
    3.13217e-02     1.20357e+04
    3.15275e-02     1.19666e+04
    3.17347e-02     1.18974e+04
    3.19432e-02     1.18280e+04
    3.21530e-02     1.17585e+04
    3.23643e-02     1.16890e+04
    3.25769e-02     1.16194e+04
    3.27909e-02     1.15497e+04
    3.30064e-02     1.14799e+04
    3.32232e-02     1.14102e+04
    3.34415e-02     1.13405e+04
    3.36612e-02     1.12708e+04
    3.38824e-02     1.12011e+04
    3.41050e-02     1.11315e+04
    3.43290e-02     1.10619e+04
    3.45546e-02     1.09926e+04
    3.47816e-02     1.09232e+04
    3.50101e-02     1.08541e+04
    3.52401e-02     1.07851e+04
    3.54717e-02     1.07163e+04
    3.57047e-02     1.06477e+04
    3.59393e-02     1.05793e+04
    3.61754e-02     1.05112e+04
    3.64131e-02     1.04434e+04
    3.66523e-02     1.03758e+04
    3.68931e-02     1.03085e+04
    3.71355e-02     1.02415e+04
    3.73795e-02     1.01750e+04
    3.76251e-02     1.01088e+04
    3.78723e-02     1.00429e+04
    3.81211e-02     9.97744e+03
    3.83715e-02     9.91236e+03
    3.86236e-02     9.84773e+03
    3.88774e-02     9.78355e+03
    3.91328e-02     9.71985e+03
    3.93899e-02     9.65660e+03
    3.96487e-02     9.59386e+03
    3.99092e-02     9.53168e+03
    4.01714e-02     9.46995e+03
    4.04353e-02     9.40879e+03
    4.07010e-02     9.34821e+03
    4.09684e-02     9.28821e+03
    4.12376e-02     9.22884e+03
    4.15085e-02     9.16999e+03
    4.17812e-02     9.11178e+03
    4.20557e-02     9.05422e+03
    4.23320e-02     8.99725e+03
    4.26101e-02     8.94092e+03
    4.28901e-02     8.88525e+03
    4.31719e-02     8.83024e+03
    4.34555e-02     8.77592e+03
    4.37410e-02     8.72222e+03
    4.40284e-02     8.66918e+03
    4.43177e-02     8.61686e+03
    4.46088e-02     8.56519e+03
    4.49019e-02     8.51427e+03
    4.51969e-02     8.46406e+03
    4.54939e-02     8.41455e+03
    4.57927e-02     8.36567e+03
    4.60936e-02     8.31762e+03
    4.63964e-02     8.27018e+03
    4.67013e-02     8.22349e+03
    4.70081e-02     8.17748e+03
    4.73169e-02     8.13214e+03
    4.76278e-02     8.08751e+03
    4.79407e-02     8.04357e+03
    4.82557e-02     8.00032e+03
    4.85727e-02     7.95770e+03
    4.88919e-02     7.91580e+03
    4.92131e-02     7.87453e+03
    4.95364e-02     7.83396e+03
    4.98619e-02     7.79399e+03
    5.01894e-02     7.75471e+03
    5.05192e-02     7.71599e+03
    5.08511e-02     7.67791e+03
    5.11852e-02     7.64037e+03
    5.15215e-02     7.60344e+03
    5.18600e-02     7.56705e+03
    5.22007e-02     7.53114e+03
    5.25437e-02     7.49573e+03
    5.28889e-02     7.46086e+03
    5.32363e-02     7.42642e+03
    5.35861e-02     7.39243e+03
    5.39382e-02     7.35889e+03
    5.42925e-02     7.32576e+03
    5.46492e-02     7.29298e+03
    5.50083e-02     7.26058e+03
    5.53697e-02     7.22844e+03
    5.57335e-02     7.19664e+03
    5.60996e-02     7.16509e+03
    5.64682e-02     7.13371e+03
    5.68392e-02     7.10260e+03
    5.72126e-02     7.07165e+03
    5.75885e-02     7.04085e+03
    5.79669e-02     7.01009e+03
    5.83477e-02     6.97949e+03
    5.87311e-02     6.94893e+03
    5.91169e-02     6.91835e+03
    5.95053e-02     6.88774e+03
    5.98963e-02     6.85707e+03
    6.02898e-02     6.82631e+03
    6.06859e-02     6.79541e+03
    6.10846e-02     6.76431e+03
    6.14859e-02     6.73307e+03
    6.18899e-02     6.70152e+03
    6.22965e-02     6.66976e+03
    6.27058e-02     6.63763e+03
    6.31178e-02     6.60524e+03
    6.35325e-02     6.57240e+03
    6.39499e-02     6.53919e+03
    6.43700e-02     6.50552e+03
    6.47929e-02     6.47142e+03
    6.52186e-02     6.43676e+03
    6.56471e-02     6.40160e+03
    6.60784e-02     6.36587e+03
    6.65125e-02     6.32958e+03
    6.69495e-02     6.29261e+03
    6.73894e-02     6.25508e+03
    6.78321e-02     6.21685e+03
    6.82778e-02     6.17802e+03
    6.87264e-02     6.13844e+03
    6.91779e-02     6.09818e+03
    6.96324e-02     6.05719e+03
    7.00899e-02     6.01546e+03
    7.05504e-02     5.97299e+03
    7.10139e-02     5.92980e+03
    7.14805e-02     5.88581e+03
    7.19501e-02     5.84116e+03
    7.24228e-02     5.79573e+03
    7.28986e-02     5.74958e+03
    7.33775e-02     5.70277e+03
    7.38596e-02     5.65520e+03
    7.43449e-02     5.60698e+03
    7.48333e-02     5.55806e+03
    7.53250e-02     5.50846e+03
    7.58199e-02     5.45828e+03
    7.63180e-02     5.40747e+03
    7.68194e-02     5.35605e+03
    7.73241e-02     5.30414e+03
    7.78321e-02     5.25169e+03
    7.83435e-02     5.19870e+03
    7.88582e-02     5.14524e+03
    7.93763e-02     5.09137e+03
    7.98978e-02     5.03717e+03
    8.04227e-02     4.98263e+03
    8.09511e-02     4.92777e+03
    8.14830e-02     4.87278e+03
    8.20183e-02     4.81758e+03
    8.25572e-02     4.76226e+03
    8.30996e-02     4.70687e+03
    8.36455e-02     4.65154e+03
    8.41951e-02     4.59623e+03
    8.47483e-02     4.54103e+03
    8.53050e-02     4.48602e+03
    8.58655e-02     4.43128e+03
    8.64296e-02     4.37683e+03
    8.69975e-02     4.32271e+03
    8.75691e-02     4.26902e+03
    8.81444e-02     4.21576e+03
    8.87235e-02     4.16311e+03
    8.93064e-02     4.11101e+03
    8.98931e-02     4.05958e+03
    9.04837e-02     4.00886e+03
    9.10782e-02     3.95892e+03
    9.16766e-02     3.90981e+03
    9.22789e-02     3.86158e+03
    9.28852e-02     3.81423e+03
    9.34954e-02     3.76781e+03
    9.41097e-02     3.72237e+03
    9.47280e-02     3.67791e+03
    9.53504e-02     3.63449e+03
    9.59768e-02     3.59214e+03
    9.66074e-02     3.55087e+03
    9.72421e-02     3.51078e+03
    9.78810e-02     3.47181e+03
    9.85241e-02     3.43407e+03
    9.91714e-02     3.39760e+03
    9.98229e-02     3.36229e+03
    1.00479e-01     3.32820e+03
    1.01139e-01     3.29524e+03
    1.01803e-01     3.26342e+03
    1.02472e-01     3.23282e+03
    1.03145e-01     3.20328e+03
    1.03823e-01     3.17490e+03
    1.04505e-01     3.14759e+03
    1.05192e-01     3.12136e+03
    1.05883e-01     3.09620e+03
    1.06579e-01     3.07206e+03
    1.07279e-01     3.04893e+03
    1.07984e-01     3.02676e+03
    1.08693e-01     3.00538e+03
    1.09407e-01     2.98487e+03
    1.10126e-01     2.96510e+03
    1.10850e-01     2.94604e+03
    1.11578e-01     2.92754e+03
    1.12311e-01     2.90963e+03
    1.13049e-01     2.89215e+03
    1.13792e-01     2.87521e+03
    1.14539e-01     2.85851e+03
    1.15292e-01     2.84220e+03
    1.16049e-01     2.82604e+03
    1.16812e-01     2.81005e+03
    1.17579e-01     2.79404e+03
    1.18351e-01     2.77802e+03
    1.19129e-01     2.76192e+03
    1.19912e-01     2.74565e+03
    1.20700e-01     2.72910e+03
    1.21493e-01     2.71217e+03
    1.22291e-01     2.69482e+03
    1.23094e-01     2.67700e+03
    1.23903e-01     2.65870e+03
    1.24717e-01     2.63984e+03
    1.25536e-01     2.62037e+03
    1.26361e-01     2.60027e+03
    1.27191e-01     2.57948e+03
    1.28027e-01     2.55798e+03
    1.28868e-01     2.53570e+03
    1.29715e-01     2.51264e+03
    1.30567e-01     2.48878e+03
    1.31425e-01     2.46417e+03
    1.32288e-01     2.43882e+03
    1.33157e-01     2.41276e+03
    1.34032e-01     2.38604e+03
    1.34913e-01     2.35866e+03
    1.35799e-01     2.33065e+03
    1.36691e-01     2.30205e+03
    1.37589e-01     2.27290e+03
    1.38493e-01     2.24327e+03
    1.39403e-01     2.21326e+03
    1.40319e-01     2.18295e+03
    1.41241e-01     2.15242e+03
    1.42169e-01     2.12175e+03
    1.43103e-01     2.09103e+03
    1.44043e-01     2.06032e+03
    1.44990e-01     2.02973e+03
    1.45942e-01     1.99931e+03
    1.46901e-01     1.96917e+03
    1.47866e-01     1.93938e+03
    1.48838e-01     1.91005e+03
    1.49816e-01     1.88123e+03
    1.50800e-01     1.85301e+03
    1.51791e-01     1.82548e+03
    1.52788e-01     1.79869e+03
    1.53792e-01     1.77269e+03
    1.54802e-01     1.74752e+03
    1.55819e-01     1.72321e+03
    1.56843e-01     1.69981e+03
    1.57873e-01     1.67733e+03
    1.58911e-01     1.65583e+03
    1.59955e-01     1.63532e+03
    1.61006e-01     1.61582e+03
    1.62063e-01     1.59727e+03
    1.63128e-01     1.57967e+03
    1.64200e-01     1.56297e+03
    1.65279e-01     1.54714e+03
    1.66364e-01     1.53215e+03
    1.67458e-01     1.51800e+03
    1.68558e-01     1.50460e+03
    1.69665e-01     1.49189e+03
    1.70780e-01     1.47980e+03
    1.71902e-01     1.46823e+03
    1.73031e-01     1.45711e+03
    1.74168e-01     1.44637e+03
    1.75312e-01     1.43592e+03
    1.76464e-01     1.42570e+03
    1.77624e-01     1.41560e+03
    1.78790e-01     1.40554e+03
    1.79965e-01     1.39546e+03
    1.81148e-01     1.38524e+03
    1.82338e-01     1.37482e+03
    1.83536e-01     1.36410e+03
    1.84741e-01     1.35305e+03
    1.85955e-01     1.34163e+03
    1.87177e-01     1.32979e+03
    1.88407e-01     1.31747e+03
    1.89644e-01     1.30465e+03
    1.90890e-01     1.29129e+03
    1.92145e-01     1.27739e+03
    1.93407e-01     1.26298e+03
    1.94678e-01     1.24809e+03
    1.95957e-01     1.23274e+03
    1.97244e-01     1.21695e+03
    1.98540e-01     1.20076e+03
    1.99844e-01     1.18423e+03
    2.01157e-01     1.16744e+03
    2.02479e-01     1.15046e+03
    2.03809e-01     1.13335e+03
    2.05148e-01     1.11620e+03
    2.06496e-01     1.09908e+03
    2.07853e-01     1.08206e+03
    2.09218e-01     1.06522e+03
    2.10593e-01     1.04864e+03
    2.11977e-01     1.03240e+03
    2.13369e-01     1.01656e+03
    2.14771e-01     1.00119e+03
    2.16182e-01     9.86324e+02
    2.17602e-01     9.71991e+02
    2.19032e-01     9.58229e+02
    2.20471e-01     9.45076e+02
    2.21920e-01     9.32557e+02
    2.23378e-01     9.20652e+02
    2.24845e-01     9.09345e+02
    2.26322e-01     8.98617e+02
    2.27809e-01     8.88457e+02
    2.29306e-01     8.78835e+02
    2.30813e-01     8.69706e+02
    2.32329e-01     8.60998e+02
    2.33855e-01     8.52661e+02
    2.35392e-01     8.44636e+02
    2.36938e-01     8.36851e+02
    2.38495e-01     8.29252e+02
    2.40062e-01     8.21766e+02
    2.41639e-01     8.14325e+02
    2.43227e-01     8.06865e+02
    2.44825e-01     7.99321e+02
    2.46433e-01     7.91648e+02
    2.48052e-01     7.83807e+02
    2.49682e-01     7.75764e+02
    2.51322e-01     7.67469e+02
    2.52974e-01     7.58914e+02
    2.54636e-01     7.50091e+02
    2.56309e-01     7.41011e+02
    2.57993e-01     7.31683e+02
    2.59688e-01     7.22123e+02
    2.61394e-01     7.12355e+02
    2.63111e-01     7.02437e+02
    2.64840e-01     6.92410e+02
    2.66580e-01     6.82319e+02
    2.68331e-01     6.72216e+02
    2.70094e-01     6.62156e+02
    2.71869e-01     6.52190e+02
    2.73655e-01     6.42375e+02
    2.75453e-01     6.32763e+02
    2.77262e-01     6.23385e+02
    2.79084e-01     6.14277e+02
    2.80918e-01     6.05478e+02
    2.82763e-01     5.97009e+02
    2.84621e-01     5.88883e+02
    2.86491e-01     5.81090e+02
    2.88373e-01     5.73637e+02
    2.90268e-01     5.66513e+02
    2.92175e-01     5.59689e+02
    2.94094e-01     5.53143e+02
    2.96027e-01     5.46837e+02
    2.97972e-01     5.40735e+02
    2.99929e-01     5.34800e+02
    3.01900e-01     5.28988e+02
    3.03883e-01     5.23252e+02
    3.05880e-01     5.17550e+02
    3.07889e-01     5.11850e+02
    3.09912e-01     5.06118e+02
    3.11948e-01     5.00325e+02
    3.13998e-01     4.94450e+02
    3.16061e-01     4.88478e+02
    3.18137e-01     4.82407e+02
    3.20227e-01     4.76233e+02
    3.22331e-01     4.69961e+02
    3.24449e-01     4.63616e+02
    3.26581e-01     4.57220e+02
    3.28726e-01     4.50785e+02
    3.30886e-01     4.44355e+02
    3.33060e-01     4.37950e+02
    3.35248e-01     4.31605e+02
    3.37451e-01     4.25351e+02
    3.39668e-01     4.19209e+02
    3.41899e-01     4.13207e+02
    3.44146e-01     4.07368e+02
    3.46407e-01     4.01697e+02
    3.48683e-01     3.96205e+02
    3.50973e-01     3.90892e+02
    3.53279e-01     3.85760e+02
    3.55600e-01     3.80793e+02
    3.57937e-01     3.75979e+02
    3.60288e-01     3.71298e+02
    3.62655e-01     3.66726e+02
    3.65038e-01     3.62247e+02
    3.67436e-01     3.57831e+02
    3.69850e-01     3.53463e+02
    3.72280e-01     3.49115e+02
    3.74726e-01     3.44773e+02
    3.77188e-01     3.40421e+02
    3.79666e-01     3.36055e+02
    3.82161e-01     3.31667e+02
    3.84672e-01     3.27258e+02
    3.87199e-01     3.22834e+02
    3.89743e-01     3.18399e+02
    3.92303e-01     3.13967e+02
    3.94881e-01     3.09555e+02
    3.97475e-01     3.05179e+02
    4.00086e-01     3.00851e+02
    4.02715e-01     2.96586e+02
    4.05361e-01     2.92401e+02
    4.08024e-01     2.88296e+02
    4.10705e-01     2.84287e+02
    4.13403e-01     2.80378e+02
    4.16119e-01     2.76563e+02
    4.18853e-01     2.72842e+02
    4.21605e-01     2.69211e+02
    4.24375e-01     2.65657e+02
    4.27163e-01     2.62169e+02
    4.29970e-01     2.58742e+02
    4.32794e-01     2.55357e+02
    4.35638e-01     2.52011e+02
    4.38500e-01     2.48688e+02
    4.41381e-01     2.45383e+02
    4.44281e-01     2.42092e+02
    4.47200e-01     2.38814e+02
    4.50138e-01     2.35547e+02
    4.53095e-01     2.32292e+02
    4.56072e-01     2.29059e+02
    4.59068e-01     2.25851e+02
    4.62085e-01     2.22673e+02
    4.65120e-01     2.19534e+02
    4.68176e-01     2.16441e+02
    4.71252e-01     2.13398e+02
    4.74348e-01     2.10409e+02
    4.77465e-01     2.07477e+02
    4.80602e-01     2.04602e+02
    4.83759e-01     2.01783e+02
    4.86938e-01     1.99015e+02
    4.90137e-01     1.96297e+02
    4.93357e-01     1.93618e+02
    4.96598e-01     1.90978e+02
    4.99861e-01     1.88371e+02
    5.03145e-01     1.85792e+02
    5.06451e-01     1.83236e+02
    5.09778e-01     1.80703e+02
    5.13127e-01     1.78194e+02
    5.16499e-01     1.75705e+02
    5.19892e-01     1.73239e+02
    5.23308e-01     1.70797e+02
    5.26746e-01     1.68386e+02
    5.30206e-01     1.66003e+02
    5.33690e-01     1.63652e+02
    5.37196e-01     1.61341e+02
    5.40726e-01     1.59063e+02
    5.44278e-01     1.56824e+02
    5.47854e-01     1.54619e+02
    5.51453e-01     1.52452e+02
    5.55077e-01     1.50316e+02
    5.58723e-01     1.48210e+02
    5.62394e-01     1.46135e+02
    5.66089e-01     1.44087e+02
    5.69808e-01     1.42064e+02
    5.73552e-01     1.40063e+02
    5.77320e-01     1.38084e+02
    5.81113e-01     1.36128e+02
    5.84931e-01     1.34194e+02
    5.88774e-01     1.32284e+02
    5.92642e-01     1.30399e+02
    5.96536e-01     1.28539e+02
    6.00455e-01     1.26702e+02
    6.04400e-01     1.24895e+02
    6.08371e-01     1.23114e+02
    6.12368e-01     1.21358e+02
    6.16391e-01     1.19629e+02
    6.20441e-01     1.17925e+02
    6.24517e-01     1.16244e+02
    6.28620e-01     1.14586e+02
    6.32750e-01     1.12950e+02
    6.36908e-01     1.11336e+02
    6.41092e-01     1.09742e+02
    6.45304e-01     1.08168e+02
    6.49544e-01     1.06614e+02
    6.53811e-01     1.05081e+02
    6.58107e-01     1.03569e+02
    6.62430e-01     1.02077e+02
    6.66783e-01     1.00606e+02
    6.71163e-01     9.91544e+01
    6.75573e-01     9.77237e+01
    6.80011e-01     9.63140e+01
    6.84479e-01     9.49246e+01
    6.88976e-01     9.35546e+01
    6.93503e-01     9.22032e+01
    6.98059e-01     9.08698e+01
    7.02645e-01     8.95551e+01
    7.07262e-01     8.82581e+01
    7.11908e-01     8.69774e+01
    7.16586e-01     8.57145e+01
    7.21294e-01     8.44697e+01
    7.26032e-01     8.32413e+01
    7.30802e-01     8.20299e+01
    7.35604e-01     8.08358e+01
    7.40437e-01     7.96582e+01
    7.45301e-01     7.84967e+01
    7.50198e-01     7.73518e+01
    7.55127e-01     7.62232e+01
    7.60088e-01     7.51102e+01
    7.65082e-01     7.40129e+01
    7.70108e-01     7.29303e+01
    7.75168e-01     7.18627e+01
    7.80261e-01     7.08103e+01
    7.85387e-01     6.97723e+01
    7.90547e-01     6.87482e+01
    7.95741e-01     6.77391e+01
    8.00969e-01     6.67440e+01
    8.06231e-01     6.57620e+01
    8.11528e-01     6.47950e+01
    8.16860e-01     6.38418e+01
    8.22227e-01     6.29013e+01
    8.27629e-01     6.19740e+01
    8.33066e-01     6.10596e+01
    8.38540e-01     6.01584e+01
    8.44049e-01     5.92700e+01
    8.49594e-01     5.83938e+01
    8.55176e-01     5.75304e+01
    8.60795e-01     5.66793e+01
    8.66450e-01     5.58396e+01
    8.72142e-01     5.50118e+01
    8.77872e-01     5.41958e+01
    8.83640e-01     5.33916e+01
    8.89446e-01     5.25996e+01
    8.95289e-01     5.18184e+01
    9.01171e-01     5.10479e+01
    9.07092e-01     5.02887e+01
    9.13052e-01     4.95406e+01
    9.19050e-01     4.88014e+01
    9.25088e-01     4.80751e+01
    9.31166e-01     4.73585e+01
    9.37284e-01     4.66521e+01
    9.43442e-01     4.59556e+01
    9.49640e-01     4.52693e+01
    9.55880e-01     4.45928e+01
    9.62160e-01     4.39257e+01
    9.68481e-01     4.32685e+01
    9.74844e-01     4.26208e+01
    9.81249e-01     4.19823e+01
    9.87695e-01     4.13529e+01
    9.94185e-01     4.07326e+01
    1.00072e+00     4.01211e+01
    1.00729e+00     3.95194e+01
    1.01391e+00     3.89247e+01
    1.02057e+00     3.83391e+01
    1.02728e+00     3.77628e+01
    1.03402e+00     3.71937e+01
    1.04082e+00     3.66338e+01
    1.04766e+00     3.60817e+01
    1.05454e+00     3.55378e+01
    1.06147e+00     3.50012e+01
    1.06844e+00     3.44723e+01
    1.07546e+00     3.39518e+01
    1.08253e+00     3.34388e+01
    1.08964e+00     3.29329e+01
    1.09680e+00     3.24348e+01
    1.10400e+00     3.19429e+01
    1.11126e+00     3.14594e+01
    1.11856e+00     3.09822e+01
    1.12591e+00     3.05126e+01
    1.13330e+00     3.00489e+01
    1.14075e+00     2.95932e+01
    1.14825e+00     2.91430e+01
    1.15579e+00     2.87004e+01
    1.16338e+00     2.82638e+01
    1.17103e+00     2.78332e+01
    1.17872e+00     2.74099e+01
    1.18646e+00     2.69918e+01
    1.19426e+00     2.65808e+01
    1.20211e+00     2.61753e+01
    1.21000e+00     2.57756e+01
    1.21795e+00     2.53821e+01
    1.22595e+00     2.49942e+01
    1.23401e+00     2.46121e+01
    1.24212e+00     2.42359e+01
    1.25028e+00     2.38648e+01
    1.25849e+00     2.34995e+01
    1.26676e+00     2.31398e+01
    1.27508e+00     2.27848e+01
    1.28346e+00     2.24355e+01
    1.29189e+00     2.20916e+01
    1.30038e+00     2.17522e+01
    1.30892e+00     2.14181e+01
    1.31752e+00     2.10891e+01
    1.32618e+00     2.07648e+01
    1.33489e+00     2.04456e+01
    1.34366e+00     2.01309e+01
    1.35249e+00     1.98211e+01
    1.36138e+00     1.95156e+01
    1.37032e+00     1.92150e+01
    1.37932e+00     1.89184e+01
    1.38839e+00     1.86269e+01
    1.39751e+00     1.83395e+01
    1.40669e+00     1.80563e+01
    1.41593e+00     1.77774e+01
    1.42523e+00     1.75023e+01
    1.43460e+00     1.72318e+01
    1.44402e+00     1.69652e+01
    1.45351e+00     1.67026e+01
    1.46306e+00     1.64440e+01
    1.47267e+00     1.61891e+01
    1.48235e+00     1.59382e+01
    1.49209e+00     1.56910e+01
    1.50189e+00     1.54475e+01
    1.51176e+00     1.52075e+01
    1.52169e+00     1.49715e+01
    1.53169e+00     1.47387e+01
    1.54175e+00     1.45095e+01
    1.55188e+00     1.42836e+01
    1.56207e+00     1.40614e+01
    1.57234e+00     1.38424e+01
    1.58267e+00     1.36269e+01
    1.59307e+00     1.34146e+01
    1.60353e+00     1.32053e+01
    1.61407e+00     1.29994e+01
    1.62467e+00     1.27963e+01
    1.63535e+00     1.25967e+01
    1.64609e+00     1.23999e+01
    1.65690e+00     1.22058e+01
    1.66779e+00     1.20152e+01
    1.67875e+00     1.18272e+01
    1.68978e+00     1.16423e+01
    1.70088e+00     1.14599e+01
    1.71205e+00     1.12802e+01
    1.72330e+00     1.11037e+01
    1.73462e+00     1.09294e+01
    1.74602e+00     1.07580e+01
    1.75749e+00     1.05891e+01
    1.76904e+00     1.04232e+01
    1.78066e+00     1.02593e+01
    1.79236e+00     1.00980e+01
    1.80414e+00     9.93949e+00
    1.81599e+00     9.78307e+00
    1.82792e+00     9.62935e+00
    1.83993e+00     9.47760e+00
    1.85202e+00     9.32852e+00
    1.86419e+00     9.18162e+00
    1.87643e+00     9.03686e+00
    1.88876e+00     8.89429e+00
    1.90117e+00     8.75399e+00
    1.91366e+00     8.61595e+00
    1.92623e+00     8.48002e+00
    1.93889e+00     8.34612e+00
    1.95163e+00     8.21421e+00
    1.96445e+00     8.08439e+00
    1.97736e+00     7.95656e+00
    1.99035e+00     7.83079e+00
    2.00342e+00     7.70674e+00
    2.01659e+00     7.58469e+00
    2.02984e+00     7.46466e+00
    2.04317e+00     7.34632e+00
    2.05659e+00     7.22979e+00
    2.07011e+00     7.11522e+00
    2.08371e+00     7.00230e+00
    2.09740e+00     6.89116e+00
    2.11118e+00     6.78170e+00
    2.12505e+00     6.67399e+00
    2.13901e+00     6.56804e+00
    2.15306e+00     6.46352e+00
    2.16721e+00     6.36075e+00
    2.18145e+00     6.25950e+00
    2.19578e+00     6.15997e+00
    2.21020e+00     6.06182e+00
    2.22473e+00     5.96521e+00
    2.23934e+00     5.87016e+00
    2.25405e+00     5.77660e+00
    2.26886e+00     5.68443e+00
    2.28377e+00     5.59383e+00
    2.29877e+00     5.50447e+00
    2.31388e+00     5.41669e+00
    2.32908e+00     5.33014e+00
    2.34438e+00     5.24493e+00
    2.35978e+00     5.16115e+00
    2.37529e+00     5.07862e+00
    2.39089e+00     4.99738e+00
    2.40660e+00     4.91738e+00
    2.42241e+00     4.83869e+00
    2.43833e+00     4.76121e+00
    2.45435e+00     4.68493e+00
    2.47047e+00     4.60990e+00
    2.48670e+00     4.53596e+00
    2.50304e+00     4.46322e+00
    2.51949e+00     4.39162e+00
    2.53604e+00     4.32113e+00
    2.55270e+00     4.25176e+00
    2.56947e+00     4.18347e+00
    2.58635e+00     4.11628e+00
    2.60335e+00     4.05012e+00
    2.62045e+00     3.98494e+00
    2.63767e+00     3.92089e+00
    2.65500e+00     3.85779e+00
    2.67244e+00     3.79569e+00
    2.69000e+00     3.73455e+00
    2.70767e+00     3.67440e+00
    2.72546e+00     3.61518e+00
    2.74337e+00     3.55691e+00
    2.76139e+00     3.49952e+00
    2.77953e+00     3.44310e+00
    2.79779e+00     3.38751e+00
    2.81618e+00     3.33285e+00
    2.83468e+00     3.27902e+00
    2.85330e+00     3.22607e+00
    2.87205e+00     3.17390e+00
    2.89092e+00     3.12261e+00
    2.90991e+00     3.07211e+00
    2.92903e+00     3.02241e+00
    2.94827e+00     2.97348e+00
    2.96764e+00     2.92536e+00
    2.98714e+00     2.87800e+00
    3.00677e+00     2.83140e+00
    3.02652e+00     2.78550e+00
    3.04640e+00     2.74035e+00
    3.06642e+00     2.69594e+00
    3.08657e+00     2.65221e+00
    3.10684e+00     2.60916e+00
    3.12726e+00     2.56682e+00
    3.14780e+00     2.52516e+00
    3.16848e+00     2.48412e+00
    3.18930e+00     2.44377e+00
    3.21025e+00     2.40404e+00
    3.23135e+00     2.36497e+00
    3.25258e+00     2.32651e+00
    3.27394e+00     2.28865e+00
    3.29545e+00     2.25142e+00
    3.31711e+00     2.21479e+00
    3.33890e+00     2.17868e+00
    3.36084e+00     2.14322e+00
    3.38292e+00     2.10829e+00
    3.40514e+00     2.07393e+00
    3.42751e+00     2.04010e+00
    3.45003e+00     2.00681e+00
    3.47270e+00     1.97407e+00
    3.49551e+00     1.94184e+00
    3.51848e+00     1.91013e+00
    3.54160e+00     1.87897e+00
    3.56486e+00     1.84824e+00
    3.58829e+00     1.81807e+00
    3.61186e+00     1.78834e+00
    3.63559e+00     1.75907e+00
    3.65948e+00     1.73031e+00
    3.68352e+00     1.70201e+00
    3.70772e+00     1.67414e+00
    3.73208e+00     1.64673e+00
    3.75660e+00     1.61978e+00
    3.78128e+00     1.59323e+00
    3.80612e+00     1.56713e+00
    3.83113e+00     1.54144e+00
    3.85630e+00     1.51616e+00
    3.88164e+00     1.49131e+00
    3.90714e+00     1.46684e+00
    3.93281e+00     1.44276e+00
    3.95865e+00     1.41907e+00
    3.98465e+00     1.39577e+00
    4.01083e+00     1.37284e+00
    4.03718e+00     1.35028e+00
    4.06371e+00     1.32809e+00
    4.09041e+00     1.30626e+00
    4.11728e+00     1.28477e+00
    4.14433e+00     1.26363e+00
    4.17156e+00     1.24283e+00
    4.19897e+00     1.22238e+00
    4.22655e+00     1.20225e+00
    4.25432e+00     1.18244e+00
    4.28227e+00     1.16296e+00
    4.31041e+00     1.14380e+00
    4.33873e+00     1.12494e+00
    4.36723e+00     1.10639e+00
    4.39593e+00     1.08814e+00
    4.42481e+00     1.07019e+00
    4.45388e+00     1.05253e+00
    4.48314e+00     1.03515e+00
    4.51259e+00     1.01806e+00
    4.54224e+00     1.00124e+00
    4.57208e+00     9.84702e-01
    4.60212e+00     9.68430e-01
    4.63236e+00     9.52419e-01
    4.66279e+00     9.36672e-01
    4.69343e+00     9.21181e-01
    4.72426e+00     9.05938e-01
    4.75530e+00     8.90947e-01
    4.78654e+00     8.76191e-01
    4.81799e+00     8.61690e-01
    4.84965e+00     8.47418e-01
    4.88151e+00     8.33377e-01
    4.91358e+00     8.19563e-01
    4.94586e+00     8.05979e-01
    4.97836e+00     7.92614e-01
