    1.02795e-05     9.48686e+00
    1.03470e-05     9.54697e+00
    1.04150e-05     9.60751e+00
    1.04834e-05     9.66839e+00
    1.05523e-05     9.72971e+00
    1.06216e-05     9.79136e+00
    1.06914e-05     9.85345e+00
    1.07617e-05     9.91596e+00
    1.08324e-05     9.97882e+00
    1.09035e-05     1.00420e+01
    1.09752e-05     1.01057e+01
    1.10473e-05     1.01698e+01
    1.11198e-05     1.02342e+01
    1.11929e-05     1.02991e+01
    1.12664e-05     1.03644e+01
    1.13405e-05     1.04301e+01
    1.14150e-05     1.04962e+01
    1.14900e-05     1.05628e+01
    1.15655e-05     1.06298e+01
    1.16414e-05     1.06971e+01
    1.17179e-05     1.07649e+01
    1.17949e-05     1.08331e+01
    1.18724e-05     1.09018e+01
    1.19504e-05     1.09709e+01
    1.20289e-05     1.10405e+01
    1.21079e-05     1.11104e+01
    1.21875e-05     1.11809e+01
    1.22676e-05     1.12518e+01
    1.23482e-05     1.13232e+01
    1.24293e-05     1.13949e+01
    1.25110e-05     1.14672e+01
    1.25932e-05     1.15399e+01
    1.26759e-05     1.16130e+01
    1.27592e-05     1.16866e+01
    1.28430e-05     1.17607e+01
    1.29274e-05     1.18353e+01
    1.30123e-05     1.19103e+01
    1.30978e-05     1.19858e+01
    1.31838e-05     1.20617e+01
    1.32705e-05     1.21382e+01
    1.33577e-05     1.22152e+01
    1.34454e-05     1.22926e+01
    1.35338e-05     1.23706e+01
    1.36227e-05     1.24490e+01
    1.37122e-05     1.25279e+01
    1.38023e-05     1.26073e+01
    1.38929e-05     1.26872e+01
    1.39842e-05     1.27676e+01
    1.40761e-05     1.28486e+01
    1.41686e-05     1.29301e+01
    1.42617e-05     1.30120e+01
    1.43554e-05     1.30945e+01
    1.44497e-05     1.31775e+01
    1.45446e-05     1.32610e+01
    1.46402e-05     1.33451e+01
    1.47363e-05     1.34296e+01
    1.48332e-05     1.35149e+01
    1.49306e-05     1.36005e+01
    1.50287e-05     1.36867e+01
    1.51275e-05     1.37735e+01
    1.52268e-05     1.38608e+01
    1.53269e-05     1.39487e+01
    1.54276e-05     1.40371e+01
    1.55289e-05     1.41260e+01
    1.56310e-05     1.42157e+01
    1.57337e-05     1.43058e+01
    1.58370e-05     1.43964e+01
    1.59411e-05     1.44877e+01
    1.60458e-05     1.45795e+01
    1.61512e-05     1.46719e+01
    1.62573e-05     1.47649e+01
    1.63642e-05     1.48586e+01
    1.64717e-05     1.49528e+01
    1.65799e-05     1.50476e+01
    1.66888e-05     1.51429e+01
    1.67985e-05     1.52390e+01
    1.69088e-05     1.53355e+01
    1.70199e-05     1.54327e+01
    1.71317e-05     1.55306e+01
    1.72443e-05     1.56291e+01
    1.73576e-05     1.57281e+01
    1.74716e-05     1.58278e+01
    1.75864e-05     1.59282e+01
    1.77020e-05     1.60292e+01
    1.78183e-05     1.61308e+01
    1.79353e-05     1.62330e+01
    1.80532e-05     1.63360e+01
    1.81718e-05     1.64395e+01
    1.82912e-05     1.65437e+01
    1.84113e-05     1.66485e+01
    1.85323e-05     1.67541e+01
    1.86541e-05     1.68604e+01
    1.87766e-05     1.69672e+01
    1.89000e-05     1.70748e+01
    1.90241e-05     1.71829e+01
    1.91491e-05     1.72919e+01
    1.92749e-05     1.74014e+01
    1.94016e-05     1.75118e+01
    1.95290e-05     1.76227e+01
    1.96574e-05     1.77345e+01
    1.97865e-05     1.78469e+01
    1.99165e-05     1.79600e+01
    2.00473e-05     1.80738e+01
    2.01791e-05     1.81885e+01
    2.03116e-05     1.83037e+01
    2.04451e-05     1.84198e+01
    2.05794e-05     1.85365e+01
    2.07146e-05     1.86540e+01
    2.08507e-05     1.87723e+01
    2.09877e-05     1.88913e+01
    2.11256e-05     1.90111e+01
    2.12644e-05     1.91315e+01
    2.14041e-05     1.92528e+01
    2.15447e-05     1.93749e+01
    2.16863e-05     1.94977e+01
    2.18287e-05     1.96213e+01
    2.19722e-05     1.97457e+01
    2.21165e-05     1.98709e+01
    2.22618e-05     1.99968e+01
    2.24081e-05     2.01236e+01
    2.25553e-05     2.02512e+01
    2.27035e-05     2.03796e+01
    2.28526e-05     2.05087e+01
    2.30028e-05     2.06388e+01
    2.31539e-05     2.07696e+01
    2.33060e-05     2.09012e+01
    2.34592e-05     2.10338e+01
    2.36133e-05     2.11671e+01
    2.37684e-05     2.13013e+01
    2.39246e-05     2.14363e+01
    2.40818e-05     2.15722e+01
    2.42400e-05     2.17090e+01
    2.43992e-05     2.18465e+01
    2.45595e-05     2.19850e+01
    2.47209e-05     2.21244e+01
    2.48833e-05     2.22647e+01
    2.50468e-05     2.24058e+01
    2.52114e-05     2.25479e+01
    2.53770e-05     2.26908e+01
    2.55437e-05     2.28346e+01
    2.57115e-05     2.29794e+01
    2.58805e-05     2.31251e+01
    2.60505e-05     2.32717e+01
    2.62217e-05     2.34193e+01
    2.63939e-05     2.35677e+01
    2.65673e-05     2.37171e+01
    2.67419e-05     2.38675e+01
    2.69176e-05     2.40188e+01
    2.70944e-05     2.41710e+01
    2.72724e-05     2.43242e+01
    2.74516e-05     2.44784e+01
    2.76320e-05     2.46336e+01
    2.78135e-05     2.47897e+01
    2.79963e-05     2.49470e+01
    2.81802e-05     2.51050e+01
    2.83653e-05     2.52641e+01
    2.85517e-05     2.54243e+01
    2.87393e-05     2.55855e+01
    2.89281e-05     2.57476e+01
    2.91181e-05     2.59108e+01
    2.93095e-05     2.60751e+01
    2.95020e-05     2.62403e+01
    2.96958e-05     2.64066e+01
    2.98909e-05     2.65740e+01
    3.00873e-05     2.67425e+01
    3.02850e-05     2.69120e+01
    3.04840e-05     2.70826e+01
    3.06843e-05     2.72543e+01
    3.08859e-05     2.74271e+01
    3.10888e-05     2.76009e+01
    3.12930e-05     2.77759e+01
    3.14986e-05     2.79520e+01
    3.17056e-05     2.81292e+01
    3.19139e-05     2.83075e+01
    3.21235e-05     2.84869e+01
    3.23346e-05     2.86675e+01
    3.25470e-05     2.88492e+01
    3.27609e-05     2.90322e+01
    3.29761e-05     2.92162e+01
    3.31928e-05     2.94014e+01
    3.34108e-05     2.95877e+01
    3.36303e-05     2.97753e+01
    3.38513e-05     2.99641e+01
    3.40737e-05     3.01541e+01
    3.42976e-05     3.03452e+01
    3.45229e-05     3.05375e+01
    3.47497e-05     3.07311e+01
    3.49780e-05     3.09259e+01
    3.52078e-05     3.11219e+01
    3.54391e-05     3.13192e+01
    3.56720e-05     3.15178e+01
    3.59063e-05     3.17174e+01
    3.61422e-05     3.19185e+01
    3.63797e-05     3.21209e+01
    3.66187e-05     3.23244e+01
    3.68593e-05     3.25294e+01
    3.71015e-05     3.27355e+01
    3.73452e-05     3.29430e+01
    3.75906e-05     3.31519e+01
    3.78375e-05     3.33619e+01
    3.80861e-05     3.35734e+01
    3.83364e-05     3.37863e+01
    3.85882e-05     3.40004e+01
    3.88418e-05     3.42160e+01
    3.90969e-05     3.44328e+01
    3.93538e-05     3.46510e+01
    3.96124e-05     3.48707e+01
    3.98726e-05     3.50918e+01
    4.01346e-05     3.53142e+01
    4.03983e-05     3.55381e+01
    4.06637e-05     3.57633e+01
    4.09308e-05     3.59899e+01
    4.11998e-05     3.62181e+01
    4.14704e-05     3.64477e+01
    4.17429e-05     3.66787e+01
    4.20172e-05     3.69112e+01
    4.22932e-05     3.71452e+01
    4.25711e-05     3.73806e+01
    4.28508e-05     3.76176e+01
    4.31323e-05     3.78560e+01
    4.34157e-05     3.80960e+01
    4.37009e-05     3.83374e+01
    4.39880e-05     3.85804e+01
    4.42770e-05     3.88249e+01
    4.45679e-05     3.90711e+01
    4.48607e-05     3.93187e+01
    4.51555e-05     3.95680e+01
    4.54521e-05     3.98187e+01
    4.57508e-05     4.00712e+01
    4.60513e-05     4.03252e+01
    4.63539e-05     4.05808e+01
    4.66584e-05     4.08380e+01
    4.69650e-05     4.10969e+01
    4.72736e-05     4.13574e+01
    4.75841e-05     4.16195e+01
    4.78968e-05     4.18834e+01
    4.82114e-05     4.21489e+01
    4.85282e-05     4.24160e+01
    4.88470e-05     4.26849e+01
    4.91680e-05     4.29555e+01
    4.94910e-05     4.32277e+01
    4.98161e-05     4.35017e+01
    5.01434e-05     4.37774e+01
    5.04729e-05     4.40550e+01
    5.08045e-05     4.43342e+01
    5.11383e-05     4.46152e+01
    5.14742e-05     4.48979e+01
    5.18124e-05     4.51825e+01
    5.21528e-05     4.54689e+01
    5.24955e-05     4.57571e+01
    5.28404e-05     4.60471e+01
    5.31875e-05     4.63389e+01
    5.35370e-05     4.66326e+01
    5.38887e-05     4.69282e+01
    5.42428e-05     4.72256e+01
    5.45991e-05     4.75248e+01
    5.49579e-05     4.78261e+01
    5.53189e-05     4.81292e+01
    5.56824e-05     4.84343e+01
    5.60482e-05     4.87412e+01
    5.64164e-05     4.90501e+01
    5.67871e-05     4.93610e+01
    5.71602e-05     4.96739e+01
    5.75357e-05     4.99887e+01
    5.79137e-05     5.03055e+01
    5.82942e-05     5.06243e+01
    5.86772e-05     5.09452e+01
    5.90627e-05     5.12681e+01
    5.94508e-05     5.15930e+01
    5.98414e-05     5.19201e+01
    6.02345e-05     5.22491e+01
    6.06303e-05     5.25803e+01
    6.10286e-05     5.29136e+01
    6.14296e-05     5.32489e+01
    6.18332e-05     5.35865e+01
    6.22394e-05     5.39260e+01
    6.26483e-05     5.42678e+01
    6.30599e-05     5.46118e+01
    6.34742e-05     5.49579e+01
    6.38912e-05     5.53063e+01
    6.43110e-05     5.56568e+01
    6.47335e-05     5.60095e+01
    6.51588e-05     5.63645e+01
    6.55869e-05     5.67217e+01
    6.60178e-05     5.70812e+01
    6.64516e-05     5.74431e+01
    6.68881e-05     5.78071e+01
    6.73276e-05     5.81735e+01
    6.77699e-05     5.85421e+01
    6.82152e-05     5.89132e+01
    6.86634e-05     5.92866e+01
    6.91145e-05     5.96623e+01
    6.95686e-05     6.00404e+01
    7.00256e-05     6.04209e+01
    7.04857e-05     6.08038e+01
    7.09488e-05     6.11891e+01
    7.14149e-05     6.15769e+01
    7.18841e-05     6.19671e+01
    7.23564e-05     6.23599e+01
    7.28318e-05     6.27551e+01
    7.33103e-05     6.31528e+01
    7.37919e-05     6.35529e+01
    7.42767e-05     6.39557e+01
    7.47647e-05     6.43610e+01
    7.52559e-05     6.47689e+01
    7.57504e-05     6.51794e+01
    7.62480e-05     6.55924e+01
    7.67490e-05     6.60081e+01
    7.72532e-05     6.64264e+01
    7.77608e-05     6.68474e+01
    7.82717e-05     6.72710e+01
    7.87859e-05     6.76973e+01
    7.93035e-05     6.81263e+01
    7.98246e-05     6.85581e+01
    8.03490e-05     6.89925e+01
    8.08769e-05     6.94298e+01
    8.14083e-05     6.98698e+01
    8.19431e-05     7.03125e+01
    8.24815e-05     7.07582e+01
    8.30234e-05     7.12066e+01
    8.35689e-05     7.16579e+01
    8.41179e-05     7.21119e+01
    8.46706e-05     7.25690e+01
    8.52268e-05     7.30288e+01
    8.57868e-05     7.34915e+01
    8.63504e-05     7.39572e+01
    8.69177e-05     7.44259e+01
    8.74888e-05     7.48974e+01
    8.80636e-05     7.53721e+01
    8.86421e-05     7.58497e+01
    8.92245e-05     7.63302e+01
    8.98107e-05     7.68140e+01
    9.04008e-05     7.73008e+01
    9.09947e-05     7.77905e+01
    9.15926e-05     7.82835e+01
    9.21943e-05     7.87794e+01
    9.28000e-05     7.92787e+01
    9.34097e-05     7.97809e+01
    9.40234e-05     8.02863e+01
    9.46412e-05     8.07952e+01
    9.52630e-05     8.13071e+01
    9.58888e-05     8.18223e+01
    9.65188e-05     8.23406e+01
    9.71529e-05     8.28623e+01
    9.77912e-05     8.33874e+01
    9.84337e-05     8.39157e+01
    9.90804e-05     8.44473e+01
    9.97314e-05     8.49825e+01
    1.00387e-04     8.55212e+01
    1.01046e-04     8.60626e+01
    1.01710e-04     8.66079e+01
    1.02378e-04     8.71566e+01
    1.03051e-04     8.77090e+01
    1.03728e-04     8.82647e+01
    1.04409e-04     8.88235e+01
    1.05095e-04     8.93862e+01
    1.05786e-04     8.99531e+01
    1.06481e-04     9.05230e+01
    1.07180e-04     9.10960e+01
    1.07885e-04     9.16738e+01
    1.08593e-04     9.22539e+01
    1.09307e-04     9.28388e+01
    1.10025e-04     9.34268e+01
    1.10748e-04     9.40187e+01
    1.11476e-04     9.46146e+01
    1.12208e-04     9.52137e+01
    1.12945e-04     9.58167e+01
    1.13687e-04     9.64235e+01
    1.14434e-04     9.70345e+01
    1.15186e-04     9.76491e+01
    1.15943e-04     9.82680e+01
    1.16704e-04     9.88897e+01
    1.17471e-04     9.95162e+01
    1.18243e-04     1.00147e+02
    1.19020e-04     1.00781e+02
    1.19802e-04     1.01420e+02
    1.20589e-04     1.02062e+02
    1.21381e-04     1.02708e+02
    1.22179e-04     1.03359e+02
    1.22981e-04     1.04013e+02
    1.23789e-04     1.04672e+02
    1.24603e-04     1.05336e+02
    1.25421e-04     1.06002e+02
    1.26245e-04     1.06673e+02
    1.27075e-04     1.07350e+02
    1.27910e-04     1.08030e+02
    1.28750e-04     1.08714e+02
    1.29596e-04     1.09402e+02
    1.30447e-04     1.10095e+02
    1.31304e-04     1.10792e+02
    1.32167e-04     1.11494e+02
    1.33035e-04     1.12200e+02
    1.33909e-04     1.12910e+02
    1.34789e-04     1.13626e+02
    1.35675e-04     1.14346e+02
    1.36566e-04     1.15069e+02
    1.37463e-04     1.15798e+02
    1.38366e-04     1.16531e+02
    1.39276e-04     1.17270e+02
    1.40191e-04     1.18012e+02
    1.41112e-04     1.18760e+02
    1.42039e-04     1.19511e+02
    1.42972e-04     1.20268e+02
    1.43911e-04     1.21029e+02
    1.44857e-04     1.21796e+02
    1.45808e-04     1.22567e+02
    1.46766e-04     1.23343e+02
    1.47731e-04     1.24124e+02
    1.48701e-04     1.24910e+02
    1.49678e-04     1.25701e+02
    1.50662e-04     1.26497e+02
    1.51651e-04     1.27297e+02
    1.52648e-04     1.28104e+02
    1.53651e-04     1.28915e+02
    1.54660e-04     1.29731e+02
    1.55676e-04     1.30552e+02
    1.56699e-04     1.31379e+02
    1.57729e-04     1.32211e+02
    1.58765e-04     1.33048e+02
    1.59808e-04     1.33890e+02
    1.60858e-04     1.34738e+02
    1.61915e-04     1.35591e+02
    1.62979e-04     1.36449e+02
    1.64049e-04     1.37312e+02
    1.65127e-04     1.38182e+02
    1.66212e-04     1.39057e+02
    1.67304e-04     1.39937e+02
    1.68403e-04     1.40822e+02
    1.69510e-04     1.41714e+02
    1.70623e-04     1.42611e+02
    1.71744e-04     1.43513e+02
    1.72873e-04     1.44422e+02
    1.74008e-04     1.45335e+02
    1.75152e-04     1.46256e+02
    1.76302e-04     1.47180e+02
    1.77461e-04     1.48112e+02
    1.78627e-04     1.49050e+02
    1.79800e-04     1.49992e+02
    1.80981e-04     1.50941e+02
    1.82170e-04     1.51896e+02
    1.83367e-04     1.52857e+02
    1.84572e-04     1.53825e+02
    1.85785e-04     1.54798e+02
    1.87005e-04     1.55777e+02
    1.88234e-04     1.56763e+02
    1.89471e-04     1.57755e+02
    1.90715e-04     1.58753e+02
    1.91968e-04     1.59757e+02
    1.93230e-04     1.60768e+02
    1.94499e-04     1.61785e+02
    1.95777e-04     1.62808e+02
    1.97063e-04     1.63838e+02
    1.98358e-04     1.64875e+02
    1.99661e-04     1.65918e+02
    2.00973e-04     1.66967e+02
    2.02293e-04     1.68023e+02
    2.03622e-04     1.69086e+02
    2.04960e-04     1.70155e+02
    2.06307e-04     1.71232e+02
    2.07662e-04     1.72314e+02
    2.09027e-04     1.73405e+02
    2.10400e-04     1.74501e+02
    2.11782e-04     1.75605e+02
    2.13174e-04     1.76715e+02
    2.14574e-04     1.77832e+02
    2.15984e-04     1.78957e+02
    2.17403e-04     1.80089e+02
    2.18831e-04     1.81227e+02
    2.20269e-04     1.82373e+02
    2.21716e-04     1.83526e+02
    2.23173e-04     1.84687e+02
    2.24639e-04     1.85854e+02
    2.26115e-04     1.87030e+02
    2.27601e-04     1.88212e+02
    2.29096e-04     1.89402e+02
    2.30601e-04     1.90599e+02
    2.32116e-04     1.91804e+02
    2.33641e-04     1.93016e+02
    2.35176e-04     1.94236e+02
    2.36721e-04     1.95464e+02
    2.38276e-04     1.96699e+02
    2.39842e-04     1.97942e+02
    2.41418e-04     1.99193e+02
    2.43004e-04     2.00452e+02
    2.44600e-04     2.01718e+02
    2.46207e-04     2.02993e+02
    2.47825e-04     2.04276e+02
    2.49453e-04     2.05566e+02
    2.51092e-04     2.06866e+02
    2.52742e-04     2.08173e+02
    2.54402e-04     2.09487e+02
    2.56074e-04     2.10811e+02
    2.57756e-04     2.12142e+02
    2.59450e-04     2.13483e+02
    2.61154e-04     2.14830e+02
    2.62870e-04     2.16188e+02
    2.64597e-04     2.17553e+02
    2.66335e-04     2.18926e+02
    2.68085e-04     2.20309e+02
    2.69846e-04     2.21700e+02
    2.71619e-04     2.23099e+02
    2.73404e-04     2.24509e+02
    2.75200e-04     2.25926e+02
    2.77008e-04     2.27352e+02
    2.78828e-04     2.28787e+02
    2.80660e-04     2.30232e+02
    2.82504e-04     2.31685e+02
    2.84360e-04     2.33148e+02
    2.86228e-04     2.34619e+02
    2.88109e-04     2.36100e+02
    2.90002e-04     2.37590e+02
    2.91907e-04     2.39090e+02
    2.93825e-04     2.40598e+02
    2.95755e-04     2.42116e+02
    2.97698e-04     2.43644e+02
    2.99654e-04     2.45181e+02
    3.01623e-04     2.46728e+02
    3.03605e-04     2.48285e+02
    3.05599e-04     2.49851e+02
    3.07607e-04     2.51427e+02
    3.09628e-04     2.53013e+02
    3.11662e-04     2.54608e+02
    3.13710e-04     2.56214e+02
    3.15771e-04     2.57830e+02
    3.17846e-04     2.59456e+02
    3.19934e-04     2.61092e+02
    3.22036e-04     2.62738e+02
    3.24152e-04     2.64395e+02
    3.26281e-04     2.66061e+02
    3.28425e-04     2.67739e+02
    3.30583e-04     2.69426e+02
    3.32755e-04     2.71125e+02
    3.34941e-04     2.72833e+02
    3.37141e-04     2.74552e+02
    3.39356e-04     2.76282e+02
    3.41586e-04     2.78023e+02
    3.43830e-04     2.79775e+02
    3.46089e-04     2.81537e+02
    3.48363e-04     2.83311e+02
    3.50652e-04     2.85096e+02
    3.52955e-04     2.86891e+02
    3.55274e-04     2.88697e+02
    3.57609e-04     2.90516e+02
    3.59958e-04     2.92345e+02
    3.62323e-04     2.94186e+02
    3.64703e-04     2.96038e+02
    3.67100e-04     2.97902e+02
    3.69511e-04     2.99776e+02
    3.71939e-04     3.01664e+02
    3.74383e-04     3.03562e+02
    3.76842e-04     3.05472e+02
    3.79318e-04     3.07394e+02
    3.81810e-04     3.09328e+02
    3.84319e-04     3.11275e+02
    3.86844e-04     3.13233e+02
    3.89385e-04     3.15202e+02
    3.91944e-04     3.17185e+02
    3.94519e-04     3.19180e+02
    3.97111e-04     3.21187e+02
    3.99720e-04     3.23206e+02
    4.02346e-04     3.25238e+02
    4.04989e-04     3.27283e+02
    4.07650e-04     3.29340e+02
    4.10328e-04     3.31410e+02
    4.13024e-04     3.33493e+02
    4.15738e-04     3.35589e+02
    4.18469e-04     3.37698e+02
    4.21218e-04     3.39819e+02
    4.23986e-04     3.41954e+02
    4.26771e-04     3.44102e+02
    4.29575e-04     3.46264e+02
    4.32398e-04     3.48439e+02
    4.35238e-04     3.50626e+02
    4.38098e-04     3.52828e+02
    4.40976e-04     3.55043e+02
    4.43873e-04     3.57272e+02
    4.46790e-04     3.59515e+02
    4.49725e-04     3.61771e+02
    4.52680e-04     3.64041e+02
    4.55654e-04     3.66325e+02
    4.58648e-04     3.68624e+02
    4.61661e-04     3.70936e+02
    4.64694e-04     3.73262e+02
    4.67747e-04     3.75602e+02
    4.70820e-04     3.77957e+02
    4.73913e-04     3.80326e+02
    4.77027e-04     3.82710e+02
    4.80161e-04     3.85109e+02
    4.83316e-04     3.87522e+02
    4.86491e-04     3.89950e+02
    4.89687e-04     3.92393e+02
    4.92905e-04     3.94851e+02
    4.96143e-04     3.97324e+02
    4.99403e-04     3.99812e+02
    5.02684e-04     4.02316e+02
    5.05986e-04     4.04834e+02
    5.09311e-04     4.07368e+02
    5.12657e-04     4.09917e+02
    5.16025e-04     4.12483e+02
    5.19415e-04     4.15063e+02
    5.22828e-04     4.17661e+02
    5.26263e-04     4.20273e+02
    5.29720e-04     4.22901e+02
    5.33201e-04     4.25547e+02
    5.36704e-04     4.28207e+02
    5.40230e-04     4.30884e+02
    5.43779e-04     4.33577e+02
    5.47352e-04     4.36287e+02
    5.50948e-04     4.39013e+02
    5.54568e-04     4.41755e+02
    5.58211e-04     4.44514e+02
    5.61879e-04     4.47291e+02
    5.65570e-04     4.50083e+02
    5.69286e-04     4.52894e+02
    5.73026e-04     4.55721e+02
    5.76791e-04     4.58565e+02
    5.80580e-04     4.61426e+02
    5.84395e-04     4.64305e+02
    5.88234e-04     4.67201e+02
    5.92099e-04     4.70115e+02
    5.95989e-04     4.73045e+02
    5.99905e-04     4.75995e+02
    6.03846e-04     4.78961e+02
    6.07813e-04     4.81946e+02
    6.11807e-04     4.84949e+02
    6.15826e-04     4.87970e+02
    6.19872e-04     4.91009e+02
    6.23945e-04     4.94066e+02
    6.28044e-04     4.97142e+02
    6.32170e-04     5.00236e+02
    6.36324e-04     5.03349e+02
    6.40504e-04     5.06481e+02
    6.44712e-04     5.09631e+02
    6.48948e-04     5.12801e+02
    6.53212e-04     5.15990e+02
    6.57503e-04     5.19197e+02
    6.61823e-04     5.22424e+02
    6.66171e-04     5.25670e+02
    6.70548e-04     5.28936e+02
    6.74954e-04     5.32222e+02
    6.79388e-04     5.35526e+02
    6.83852e-04     5.38851e+02
    6.88344e-04     5.42196e+02
    6.92867e-04     5.45561e+02
    6.97419e-04     5.48945e+02
    7.02001e-04     5.52351e+02
    7.06613e-04     5.55775e+02
    7.11256e-04     5.59221e+02
    7.15929e-04     5.62688e+02
    7.20632e-04     5.66174e+02
    7.25367e-04     5.69682e+02
    7.30132e-04     5.73209e+02
    7.34929e-04     5.76759e+02
    7.39758e-04     5.80330e+02
    7.44618e-04     5.83922e+02
    7.49510e-04     5.87533e+02
    7.54435e-04     5.91168e+02
    7.59391e-04     5.94824e+02
    7.64380e-04     5.98501e+02
    7.69402e-04     6.02200e+02
    7.74457e-04     6.05920e+02
    7.79545e-04     6.09663e+02
    7.84667e-04     6.13429e+02
    7.89822e-04     6.17216e+02
    7.95011e-04     6.21025e+02
    8.00235e-04     6.24857e+02
    8.05492e-04     6.28712e+02
    8.10784e-04     6.32589e+02
    8.16111e-04     6.36489e+02
    8.21473e-04     6.40413e+02
    8.26870e-04     6.44358e+02
    8.32303e-04     6.48329e+02
    8.37771e-04     6.52321e+02
    8.43275e-04     6.56337e+02
    8.48815e-04     6.60378e+02
    8.54392e-04     6.64441e+02
    8.60005e-04     6.68529e+02
    8.65656e-04     6.72640e+02
    8.71343e-04     6.76776e+02
    8.77068e-04     6.80936e+02
    8.82830e-04     6.85118e+02
    8.88630e-04     6.89326e+02
    8.94468e-04     6.93559e+02
    9.00345e-04     6.97816e+02
    9.06260e-04     7.02096e+02
    9.12214e-04     7.06403e+02
    9.18208e-04     7.10735e+02
    9.24240e-04     7.15090e+02
    9.30313e-04     7.19473e+02
    9.36425e-04     7.23879e+02
    9.42577e-04     7.28312e+02
    9.48770e-04     7.32769e+02
    9.55003e-04     7.37252e+02
    9.61278e-04     7.41761e+02
    9.67593e-04     7.46297e+02
    9.73950e-04     7.50858e+02
    9.80349e-04     7.55444e+02
    9.86790e-04     7.60058e+02
    9.93273e-04     7.64698e+02
    9.99799e-04     7.69366e+02
    1.00637e-03     7.74061e+02
    1.01298e-03     7.78780e+02
    1.01963e-03     7.83524e+02
    1.02633e-03     7.88299e+02
    1.03308e-03     7.93106e+02
    1.03986e-03     7.97931e+02
    1.04670e-03     8.02794e+02
    1.05357e-03     8.07674e+02
    1.06049e-03     8.12584e+02
    1.06746e-03     8.17527e+02
    1.07448e-03     8.22499e+02
    1.08153e-03     8.27489e+02
    1.08864e-03     8.32517e+02
    1.09579e-03     8.37569e+02
    1.10299e-03     8.42650e+02
    1.11024e-03     8.47762e+02
    1.11753e-03     8.52899e+02
    1.12488e-03     8.58071e+02
    1.13227e-03     8.63267e+02
    1.13970e-03     8.68485e+02
    1.14719e-03     8.73742e+02
    1.15473e-03     8.79029e+02
    1.16232e-03     8.84343e+02
    1.16995e-03     8.89681e+02
    1.17764e-03     8.95057e+02
    1.18538e-03     9.00463e+02
    1.19316e-03     9.05890e+02
    1.20100e-03     9.11352e+02
    1.20889e-03     9.16846e+02
    1.21684e-03     9.22373e+02
    1.22483e-03     9.27925e+02
    1.23288e-03     9.33512e+02
    1.24098e-03     9.39129e+02
    1.24913e-03     9.44773e+02
    1.25734e-03     9.50453e+02
    1.26560e-03     9.56161e+02
    1.27391e-03     9.61898e+02
    1.28228e-03     9.67670e+02
    1.29071e-03     9.73478e+02
    1.29919e-03     9.79314e+02
    1.30772e-03     9.85178e+02
    1.31631e-03     9.91075e+02
    1.32496e-03     9.97008e+02
    1.33367e-03     1.00298e+03
    1.34243e-03     1.00897e+03
    1.35125e-03     1.01500e+03
    1.36013e-03     1.02106e+03
    1.36906e-03     1.02715e+03
    1.37806e-03     1.03328e+03
    1.38711e-03     1.03944e+03
    1.39623e-03     1.04564e+03
    1.40540e-03     1.05186e+03
    1.41463e-03     1.05812e+03
    1.42393e-03     1.06441e+03
    1.43328e-03     1.07074e+03
    1.44270e-03     1.07710e+03
    1.45218e-03     1.08349e+03
    1.46172e-03     1.08992e+03
    1.47132e-03     1.09638e+03
    1.48099e-03     1.10288e+03
    1.49072e-03     1.10941e+03
    1.50051e-03     1.11597e+03
    1.51037e-03     1.12257e+03
    1.52029e-03     1.12921e+03
    1.53028e-03     1.13588e+03
    1.54034e-03     1.14259e+03
    1.55046e-03     1.14932e+03
    1.56064e-03     1.15609e+03
    1.57090e-03     1.16291e+03
    1.58122e-03     1.16975e+03
    1.59160e-03     1.17663e+03
    1.60206e-03     1.18355e+03
    1.61259e-03     1.19050e+03
    1.62318e-03     1.19749e+03
    1.63385e-03     1.20452e+03
    1.64458e-03     1.21158e+03
    1.65539e-03     1.21868e+03
    1.66626e-03     1.22580e+03
    1.67721e-03     1.23298e+03
    1.68823e-03     1.24018e+03
    1.69932e-03     1.24743e+03
    1.71048e-03     1.25470e+03
    1.72172e-03     1.26202e+03
    1.73303e-03     1.26937e+03
    1.74442e-03     1.27677e+03
    1.75588e-03     1.28419e+03
    1.76742e-03     1.29166e+03
    1.77903e-03     1.29916e+03
    1.79072e-03     1.30671e+03
    1.80248e-03     1.31428e+03
    1.81432e-03     1.32189e+03
    1.82624e-03     1.32955e+03
    1.83824e-03     1.33724e+03
    1.85032e-03     1.34497e+03
    1.86248e-03     1.35274e+03
    1.87471e-03     1.36054e+03
    1.88703e-03     1.36839e+03
    1.89943e-03     1.37627e+03
    1.91191e-03     1.38419e+03
    1.92447e-03     1.39215e+03
    1.93711e-03     1.40015e+03
    1.94984e-03     1.40819e+03
    1.96265e-03     1.41626e+03
    1.97554e-03     1.42437e+03
    1.98852e-03     1.43253e+03
    2.00159e-03     1.44073e+03
    2.01474e-03     1.44896e+03
    2.02797e-03     1.45723e+03
    2.04130e-03     1.46554e+03
    2.05471e-03     1.47389e+03
    2.06821e-03     1.48228e+03
    2.08180e-03     1.49072e+03
    2.09547e-03     1.49918e+03
    2.10924e-03     1.50769e+03
    2.12310e-03     1.51624e+03
    2.13705e-03     1.52483e+03
    2.15109e-03     1.53346e+03
    2.16522e-03     1.54213e+03
    2.17945e-03     1.55084e+03
    2.19377e-03     1.55960e+03
    2.20818e-03     1.56838e+03
    2.22269e-03     1.57722e+03
    2.23729e-03     1.58609e+03
    2.25199e-03     1.59500e+03
    2.26678e-03     1.60395e+03
    2.28168e-03     1.61294e+03
    2.29667e-03     1.62197e+03
    2.31176e-03     1.63105e+03
    2.32694e-03     1.64015e+03
    2.34223e-03     1.64931e+03
    2.35762e-03     1.65850e+03
    2.37311e-03     1.66774e+03
    2.38870e-03     1.67701e+03
    2.40440e-03     1.68633e+03
    2.42019e-03     1.69569e+03
    2.43609e-03     1.70508e+03
    2.45210e-03     1.71452e+03
    2.46821e-03     1.72401e+03
    2.48442e-03     1.73352e+03
    2.50075e-03     1.74309e+03
    2.51718e-03     1.75269e+03
    2.53371e-03     1.76233e+03
    2.55036e-03     1.77202e+03
    2.56712e-03     1.78175e+03
    2.58398e-03     1.79151e+03
    2.60096e-03     1.80132e+03
    2.61805e-03     1.81117e+03
    2.63525e-03     1.82106e+03
    2.65256e-03     1.83098e+03
    2.66999e-03     1.84096e+03
    2.68753e-03     1.85097e+03
    2.70519e-03     1.86102e+03
    2.72296e-03     1.87112e+03
    2.74085e-03     1.88125e+03
    2.75886e-03     1.89143e+03
    2.77698e-03     1.90164e+03
    2.79523e-03     1.91190e+03
    2.81359e-03     1.92220e+03
    2.83208e-03     1.93254e+03
    2.85069e-03     1.94292e+03
    2.86942e-03     1.95335e+03
    2.88827e-03     1.96380e+03
    2.90724e-03     1.97430e+03
    2.92634e-03     1.98484e+03
    2.94557e-03     1.99543e+03
    2.96492e-03     2.00605e+03
    2.98440e-03     2.01671e+03
    3.00401e-03     2.02741e+03
    3.02375e-03     2.03816e+03
    3.04361e-03     2.04894e+03
    3.06361e-03     2.05977e+03
    3.08374e-03     2.07064e+03
    3.10400e-03     2.08154e+03
    3.12439e-03     2.09248e+03
    3.14492e-03     2.10346e+03
    3.16558e-03     2.11448e+03
    3.18638e-03     2.12555e+03
    3.20731e-03     2.13665e+03
    3.22838e-03     2.14779e+03
    3.24959e-03     2.15897e+03
    3.27094e-03     2.17019e+03
    3.29243e-03     2.18145e+03
    3.31406e-03     2.19275e+03
    3.33584e-03     2.20409e+03
    3.35775e-03     2.21546e+03
    3.37981e-03     2.22687e+03
    3.40202e-03     2.23833e+03
    3.42437e-03     2.24982e+03
    3.44687e-03     2.26135e+03
    3.46952e-03     2.27292e+03
    3.49231e-03     2.28452e+03
    3.51525e-03     2.29616e+03
    3.53835e-03     2.30784e+03
    3.56160e-03     2.31956e+03
    3.58500e-03     2.33131e+03
    3.60855e-03     2.34310e+03
    3.63226e-03     2.35493e+03
    3.65612e-03     2.36679e+03
    3.68014e-03     2.37869e+03
    3.70432e-03     2.39063e+03
    3.72866e-03     2.40260e+03
    3.75316e-03     2.41461e+03
    3.77781e-03     2.42665e+03
    3.80263e-03     2.43872e+03
    3.82762e-03     2.45085e+03
    3.85276e-03     2.46299e+03
    3.87808e-03     2.47517e+03
    3.90356e-03     2.48739e+03
    3.92920e-03     2.49963e+03
    3.95502e-03     2.51192e+03
    3.98100e-03     2.52424e+03
    4.00716e-03     2.53659e+03
    4.03348e-03     2.54897e+03
    4.05998e-03     2.56139e+03
    4.08666e-03     2.57384e+03
    4.11351e-03     2.58632e+03
    4.14053e-03     2.59882e+03
    4.16774e-03     2.61137e+03
    4.19512e-03     2.62395e+03
    4.22268e-03     2.63655e+03
    4.25042e-03     2.64918e+03
    4.27835e-03     2.66185e+03
    4.30646e-03     2.67455e+03
    4.33475e-03     2.68727e+03
    4.36323e-03     2.70003e+03
    4.39190e-03     2.71281e+03
    4.42075e-03     2.72561e+03
    4.44979e-03     2.73846e+03
    4.47903e-03     2.75132e+03
    4.50846e-03     2.76422e+03
    4.53808e-03     2.77714e+03
    4.56789e-03     2.79008e+03
    4.59790e-03     2.80306e+03
    4.62811e-03     2.81606e+03
    4.65852e-03     2.82909e+03
    4.68913e-03     2.84214e+03
    4.71993e-03     2.85521e+03
    4.75094e-03     2.86831e+03
    4.78216e-03     2.88144e+03
    4.81358e-03     2.89458e+03
    4.84520e-03     2.90775e+03
    4.87703e-03     2.92093e+03
    4.90908e-03     2.93415e+03
    4.94133e-03     2.94738e+03
    4.97379e-03     2.96064e+03
    5.00647e-03     2.97391e+03
    5.03936e-03     2.98721e+03
    5.07247e-03     3.00052e+03
    5.10580e-03     3.01385e+03
    5.13934e-03     3.02720e+03
    5.17311e-03     3.04057e+03
    5.20709e-03     3.05395e+03
    5.24131e-03     3.06735e+03
    5.27574e-03     3.08077e+03
    5.31040e-03     3.09420e+03
    5.34529e-03     3.10765e+03
    5.38041e-03     3.12111e+03
    5.41576e-03     3.13459e+03
    5.45134e-03     3.14807e+03
    5.48716e-03     3.16158e+03
    5.52321e-03     3.17509e+03
    5.55949e-03     3.18861e+03
    5.59602e-03     3.20215e+03
    5.63279e-03     3.21570e+03
    5.66979e-03     3.22925e+03
    5.70704e-03     3.24281e+03
    5.74454e-03     3.25638e+03
    5.78228e-03     3.26996e+03
    5.82027e-03     3.28355e+03
    5.85851e-03     3.29714e+03
    5.89700e-03     3.31074e+03
    5.93574e-03     3.32435e+03
    5.97474e-03     3.33795e+03
    6.01399e-03     3.35156e+03
    6.05351e-03     3.36517e+03
    6.09328e-03     3.37878e+03
    6.13331e-03     3.39240e+03
    6.17361e-03     3.40601e+03
    6.21417e-03     3.41962e+03
    6.25499e-03     3.43323e+03
    6.29609e-03     3.44684e+03
    6.33745e-03     3.46045e+03
    6.37909e-03     3.47405e+03
    6.42100e-03     3.48764e+03
    6.46319e-03     3.50124e+03
    6.50565e-03     3.51482e+03
    6.54839e-03     3.52840e+03
    6.59142e-03     3.54197e+03
    6.63472e-03     3.55552e+03
    6.67831e-03     3.56908e+03
    6.72219e-03     3.58262e+03
    6.76635e-03     3.59614e+03
    6.81081e-03     3.60966e+03
    6.85556e-03     3.62315e+03
    6.90060e-03     3.63664e+03
    6.94593e-03     3.65010e+03
    6.99157e-03     3.66356e+03
    7.03750e-03     3.67699e+03
    7.08374e-03     3.69041e+03
    7.13028e-03     3.70381e+03
    7.17712e-03     3.71719e+03
    7.22428e-03     3.73054e+03
    7.27174e-03     3.74387e+03
    7.31952e-03     3.75718e+03
    7.36761e-03     3.77047e+03
    7.41601e-03     3.78372e+03
    7.46473e-03     3.79695e+03
    7.51378e-03     3.81015e+03
    7.56314e-03     3.82333e+03
    7.61283e-03     3.83647e+03
    7.66285e-03     3.84959e+03
    7.71319e-03     3.86267e+03
    7.76387e-03     3.87572e+03
    7.81488e-03     3.88873e+03
    7.86622e-03     3.90170e+03
    7.91790e-03     3.91465e+03
    7.96992e-03     3.92755e+03
    8.02229e-03     3.94042e+03
    8.07499e-03     3.95323e+03
    8.12805e-03     3.96602e+03
    8.18145e-03     3.97875e+03
    8.23520e-03     3.99145e+03
    8.28930e-03     4.00410e+03
    8.34376e-03     4.01670e+03
    8.39858e-03     4.02926e+03
    8.45376e-03     4.04176e+03
    8.50930e-03     4.05421e+03
    8.56521e-03     4.06662e+03
    8.62148e-03     4.07897e+03
    8.67812e-03     4.09126e+03
    8.73514e-03     4.10350e+03
    8.79253e-03     4.11569e+03
    8.85030e-03     4.12781e+03
    8.90844e-03     4.13987e+03
    8.96697e-03     4.15187e+03
    9.02588e-03     4.16381e+03
    9.08518e-03     4.17568e+03
    9.14487e-03     4.18750e+03
    9.20496e-03     4.19924e+03
    9.26543e-03     4.21092e+03
    9.32631e-03     4.22252e+03
    9.38758e-03     4.23405e+03
    9.44926e-03     4.24552e+03
    9.51134e-03     4.25691e+03
    9.57383e-03     4.26822e+03
    9.63673e-03     4.27945e+03
    9.70004e-03     4.29061e+03
    9.76377e-03     4.30168e+03
    9.82792e-03     4.31267e+03
    9.89249e-03     4.32358e+03
    9.95748e-03     4.33441e+03
    1.00229e-02     4.34516e+03
    1.00888e-02     4.35583e+03
    1.01550e-02     4.36636e+03
    1.02218e-02     4.37686e+03
    1.02889e-02     4.38722e+03
    1.03565e-02     4.39751e+03
    1.04246e-02     4.40771e+03
    1.04930e-02     4.41778e+03
    1.05620e-02     4.42779e+03
    1.06314e-02     4.43769e+03
    1.07012e-02     4.44746e+03
    1.07715e-02     4.45714e+03
    1.08423e-02     4.46673e+03
    1.09135e-02     4.47619e+03
    1.09852e-02     4.48555e+03
    1.10574e-02     4.49482e+03
    1.11301e-02     4.50397e+03
    1.12032e-02     4.51298e+03
    1.12768e-02     4.52189e+03
    1.13509e-02     4.53068e+03
    1.14254e-02     4.53932e+03
    1.15005e-02     4.54787e+03
    1.15761e-02     4.55631e+03
    1.16521e-02     4.56458e+03
    1.17287e-02     4.57277e+03
    1.18057e-02     4.58078e+03
    1.18833e-02     4.58871e+03
    1.19614e-02     4.59650e+03
    1.20400e-02     4.60414e+03
    1.21191e-02     4.61165e+03
    1.21987e-02     4.61903e+03
    1.22788e-02     4.62624e+03
    1.23595e-02     4.63334e+03
    1.24407e-02     4.64028e+03
    1.25224e-02     4.64707e+03
    1.26047e-02     4.65375e+03
    1.26875e-02     4.66024e+03
    1.27709e-02     4.66662e+03
    1.28548e-02     4.67283e+03
    1.29392e-02     4.67887e+03
    1.30242e-02     4.68476e+03
    1.31098e-02     4.69051e+03
    1.31959e-02     4.69608e+03
    1.32826e-02     4.70149e+03
    1.33699e-02     4.70677e+03
    1.34578e-02     4.71187e+03
    1.35462e-02     4.71680e+03
    1.36352e-02     4.72154e+03
    1.37248e-02     4.72614e+03
    1.38149e-02     4.73052e+03
    1.39057e-02     4.73477e+03
    1.39970e-02     4.73880e+03
    1.40890e-02     4.74270e+03
    1.41816e-02     4.74641e+03
    1.42747e-02     4.74991e+03
    1.43685e-02     4.75324e+03
    1.44629e-02     4.75640e+03
    1.45580e-02     4.75938e+03
    1.46536e-02     4.76215e+03
    1.47499e-02     4.76473e+03
    1.48468e-02     4.76713e+03
    1.49443e-02     4.76931e+03
    1.50425e-02     4.77132e+03
    1.51413e-02     4.77311e+03
    1.52408e-02     4.77473e+03
    1.53409e-02     4.77611e+03
    1.54417e-02     4.77733e+03
    1.55432e-02     4.77833e+03
    1.56453e-02     4.77912e+03
    1.57481e-02     4.77972e+03
    1.58516e-02     4.78009e+03
    1.59557e-02     4.78025e+03
    1.60605e-02     4.78020e+03
    1.61661e-02     4.77996e+03
    1.62723e-02     4.77948e+03
    1.63792e-02     4.77879e+03
    1.64868e-02     4.77788e+03
    1.65951e-02     4.77674e+03
    1.67041e-02     4.77539e+03
    1.68139e-02     4.77384e+03
    1.69243e-02     4.77203e+03
    1.70355e-02     4.77000e+03
    1.71475e-02     4.76777e+03
    1.72601e-02     4.76529e+03
    1.73735e-02     4.76258e+03
    1.74877e-02     4.75968e+03
    1.76026e-02     4.75650e+03
    1.77182e-02     4.75311e+03
    1.78346e-02     4.74947e+03
    1.79518e-02     4.74562e+03
    1.80697e-02     4.74152e+03
    1.81884e-02     4.73716e+03
    1.83079e-02     4.73260e+03
    1.84282e-02     4.72779e+03
    1.85493e-02     4.72274e+03
    1.86712e-02     4.71747e+03
    1.87938e-02     4.71191e+03
    1.89173e-02     4.70615e+03
    1.90416e-02     4.70013e+03
    1.91667e-02     4.69388e+03
    1.92926e-02     4.68737e+03
    1.94194e-02     4.68063e+03
    1.95470e-02     4.67365e+03
    1.96754e-02     4.66640e+03
    1.98047e-02     4.65894e+03
    1.99348e-02     4.65121e+03
    2.00657e-02     4.64323e+03
    2.01976e-02     4.63505e+03
    2.03303e-02     4.62658e+03
    2.04638e-02     4.61786e+03
    2.05983e-02     4.60893e+03
    2.07336e-02     4.59973e+03
    2.08698e-02     4.59029e+03
    2.10070e-02     4.58063e+03
    2.11450e-02     4.57069e+03
    2.12839e-02     4.56053e+03
    2.14237e-02     4.55012e+03
    2.15645e-02     4.53946e+03
    2.17062e-02     4.52858e+03
    2.18488e-02     4.51744e+03
    2.19923e-02     4.50606e+03
    2.21368e-02     4.49444e+03
    2.22822e-02     4.48258e+03
    2.24286e-02     4.47049e+03
    2.25760e-02     4.45818e+03
    2.27243e-02     4.44560e+03
    2.28736e-02     4.43280e+03
    2.30239e-02     4.41977e+03
    2.31752e-02     4.40652e+03
    2.33274e-02     4.39302e+03
    2.34807e-02     4.37931e+03
    2.36350e-02     4.36538e+03
    2.37902e-02     4.35120e+03
    2.39465e-02     4.33680e+03
    2.41039e-02     4.32220e+03
    2.42622e-02     4.30738e+03
    2.44216e-02     4.29234e+03
    2.45821e-02     4.27709e+03
    2.47436e-02     4.26163e+03
    2.49061e-02     4.24594e+03
    2.50698e-02     4.23009e+03
    2.52345e-02     4.21401e+03
    2.54003e-02     4.19773e+03
    2.55672e-02     4.18125e+03
    2.57351e-02     4.16458e+03
    2.59042e-02     4.14772e+03
    2.60744e-02     4.13069e+03
    2.62457e-02     4.11346e+03
    2.64182e-02     4.09606e+03
    2.65917e-02     4.07847e+03
    2.67664e-02     4.06071e+03
    2.69423e-02     4.04280e+03
    2.71193e-02     4.02470e+03
    2.72975e-02     4.00646e+03
    2.74768e-02     3.98804e+03
    2.76573e-02     3.96947e+03
    2.78390e-02     3.95077e+03
    2.80219e-02     3.93192e+03
    2.82060e-02     3.91291e+03
    2.83914e-02     3.89379e+03
    2.85779e-02     3.87453e+03
    2.87656e-02     3.85513e+03
    2.89546e-02     3.83563e+03
    2.91449e-02     3.81601e+03
    2.93364e-02     3.79628e+03
    2.95291e-02     3.77642e+03
    2.97231e-02     3.75647e+03
    2.99184e-02     3.73643e+03
    3.01149e-02     3.71631e+03
    3.03128e-02     3.69608e+03
    3.05119e-02     3.67578e+03
    3.07124e-02     3.65541e+03
    3.09142e-02     3.63497e+03
    3.11173e-02     3.61446e+03
    3.13217e-02     3.59389e+03
    3.15275e-02     3.57327e+03
    3.17347e-02     3.55260e+03
    3.19432e-02     3.53189e+03
    3.21530e-02     3.51114e+03
    3.23643e-02     3.49039e+03
    3.25769e-02     3.46959e+03
    3.27909e-02     3.44879e+03
    3.30064e-02     3.42795e+03
    3.32232e-02     3.40713e+03
    3.34415e-02     3.38631e+03
    3.36612e-02     3.36549e+03
    3.38824e-02     3.34468e+03
    3.41050e-02     3.32391e+03
    3.43290e-02     3.30313e+03
    3.45546e-02     3.28242e+03
    3.47816e-02     3.26172e+03
    3.50101e-02     3.24106e+03
    3.52401e-02     3.22047e+03
    3.54717e-02     3.19994e+03
    3.57047e-02     3.17944e+03
    3.59393e-02     3.15902e+03
    3.61754e-02     3.13869e+03
    3.64131e-02     3.11842e+03
    3.66523e-02     3.09824e+03
    3.68931e-02     3.07816e+03
    3.71355e-02     3.05816e+03
    3.73795e-02     3.03829e+03
    3.76251e-02     3.01851e+03
    3.78723e-02     2.99884e+03
    3.81211e-02     2.97930e+03
    3.83715e-02     2.95987e+03
    3.86236e-02     2.94057e+03
    3.88774e-02     2.92140e+03
    3.91328e-02     2.90238e+03
    3.93899e-02     2.88350e+03
    3.96487e-02     2.86476e+03
    3.99092e-02     2.84619e+03
    4.01714e-02     2.82776e+03
    4.04353e-02     2.80950e+03
    4.07010e-02     2.79141e+03
    4.09684e-02     2.77349e+03
    4.12376e-02     2.75577e+03
    4.15085e-02     2.73819e+03
    4.17812e-02     2.72081e+03
    4.20557e-02     2.70362e+03
    4.23320e-02     2.68661e+03
    4.26101e-02     2.66979e+03
    4.28901e-02     2.65317e+03
    4.31719e-02     2.63674e+03
    4.34555e-02     2.62052e+03
    4.37410e-02     2.60449e+03
    4.40284e-02     2.58865e+03
    4.43177e-02     2.57303e+03
    4.46088e-02     2.55760e+03
    4.49019e-02     2.54239e+03
    4.51969e-02     2.52740e+03
    4.54939e-02     2.51261e+03
    4.57927e-02     2.49802e+03
    4.60936e-02     2.48367e+03
    4.63964e-02     2.46951e+03
    4.67013e-02     2.45556e+03
    4.70081e-02     2.44182e+03
    4.73169e-02     2.42829e+03
    4.76278e-02     2.41496e+03
    4.79407e-02     2.40184e+03
    4.82557e-02     2.38892e+03
    4.85727e-02     2.37620e+03
    4.88919e-02     2.36369e+03
    4.92131e-02     2.35136e+03
    4.95364e-02     2.33925e+03
    4.98619e-02     2.32731e+03
    5.01894e-02     2.31558e+03
    5.05192e-02     2.30402e+03
    5.08511e-02     2.29265e+03
    5.11852e-02     2.28144e+03
    5.15215e-02     2.27041e+03
    5.18600e-02     2.25955e+03
    5.22007e-02     2.24882e+03
    5.25437e-02     2.23825e+03
    5.28889e-02     2.22784e+03
    5.32363e-02     2.21756e+03
    5.35861e-02     2.20741e+03
    5.39382e-02     2.19739e+03
    5.42925e-02     2.18750e+03
    5.46492e-02     2.17771e+03
    5.50083e-02     2.16803e+03
    5.53697e-02     2.15844e+03
    5.57335e-02     2.14894e+03
    5.60996e-02     2.13952e+03
    5.64682e-02     2.13015e+03
    5.68392e-02     2.12086e+03
    5.72126e-02     2.11162e+03
    5.75885e-02     2.10242e+03
    5.79669e-02     2.09324e+03
    5.83477e-02     2.08410e+03
    5.87311e-02     2.07498e+03
    5.91169e-02     2.06584e+03
    5.95053e-02     2.05671e+03
    5.98963e-02     2.04755e+03
    6.02898e-02     2.03836e+03
    6.06859e-02     2.02913e+03
    6.10846e-02     2.01985e+03
    6.14859e-02     2.01052e+03
    6.18899e-02     2.00110e+03
    6.22965e-02     1.99162e+03
    6.27058e-02     1.98202e+03
    6.31178e-02     1.97235e+03
    6.35325e-02     1.96254e+03
    6.39499e-02     1.95262e+03
    6.43700e-02     1.94257e+03
    6.47929e-02     1.93239e+03
    6.52186e-02     1.92204e+03
    6.56471e-02     1.91154e+03
    6.60784e-02     1.90087e+03
    6.65125e-02     1.89004e+03
    6.69495e-02     1.87900e+03
    6.73894e-02     1.86779e+03
    6.78321e-02     1.85638e+03
    6.82778e-02     1.84478e+03
    6.87264e-02     1.83296e+03
    6.91779e-02     1.82094e+03
    6.96324e-02     1.80870e+03
    7.00899e-02     1.79624e+03
    7.05504e-02     1.78356e+03
    7.10139e-02     1.77066e+03
    7.14805e-02     1.75752e+03
    7.19501e-02     1.74419e+03
    7.24228e-02     1.73063e+03
    7.28986e-02     1.71684e+03
    7.33775e-02     1.70287e+03
    7.38596e-02     1.68866e+03
    7.43449e-02     1.67427e+03
    7.48333e-02     1.65966e+03
    7.53250e-02     1.64484e+03
    7.58199e-02     1.62986e+03
    7.63180e-02     1.61469e+03
    7.68194e-02     1.59934e+03
    7.73241e-02     1.58384e+03
    7.78321e-02     1.56817e+03
    7.83435e-02     1.55235e+03
    7.88582e-02     1.53639e+03
    7.93763e-02     1.52030e+03
    7.98978e-02     1.50412e+03
    8.04227e-02     1.48783e+03
    8.09511e-02     1.47145e+03
    8.14830e-02     1.45503e+03
    8.20183e-02     1.43855e+03
    8.25572e-02     1.42203e+03
    8.30996e-02     1.40549e+03
    8.36455e-02     1.38897e+03
    8.41951e-02     1.37245e+03
    8.47483e-02     1.35597e+03
    8.53050e-02     1.33954e+03
    8.58655e-02     1.32319e+03
    8.64296e-02     1.30694e+03
    8.69975e-02     1.29078e+03
    8.75691e-02     1.27475e+03
    8.81444e-02     1.25884e+03
    8.87235e-02     1.24312e+03
    8.93064e-02     1.22756e+03
    8.98931e-02     1.21220e+03
    9.04837e-02     1.19706e+03
    9.10782e-02     1.18215e+03
    9.16766e-02     1.16748e+03
    9.22789e-02     1.15308e+03
    9.28852e-02     1.13894e+03
    9.34954e-02     1.12508e+03
    9.41097e-02     1.11151e+03
    9.47280e-02     1.09824e+03
    9.53504e-02     1.08527e+03
    9.59768e-02     1.07263e+03
    9.66074e-02     1.06030e+03
    9.72421e-02     1.04833e+03
    9.78810e-02     1.03670e+03
    9.85241e-02     1.02543e+03
    9.91714e-02     1.01454e+03
    9.98229e-02     1.00399e+03
    1.00479e-01     9.93811e+02
    1.01139e-01     9.83970e+02
    1.01803e-01     9.74469e+02
    1.02472e-01     9.65330e+02
    1.03145e-01     9.56512e+02
    1.03823e-01     9.48037e+02
    1.04505e-01     9.39881e+02
    1.05192e-01     9.32050e+02
    1.05883e-01     9.24535e+02
    1.06579e-01     9.17328e+02
    1.07279e-01     9.10420e+02
    1.07984e-01     9.03802e+02
    1.08693e-01     8.97418e+02
    1.09407e-01     8.91292e+02
    1.10126e-01     8.85391e+02
    1.10850e-01     8.79698e+02
    1.11578e-01     8.74174e+02
    1.12311e-01     8.68826e+02
    1.13049e-01     8.63606e+02
    1.13792e-01     8.58547e+02
    1.14539e-01     8.53560e+02
    1.15292e-01     8.48692e+02
    1.16049e-01     8.43864e+02
    1.16812e-01     8.39091e+02
    1.17579e-01     8.34310e+02
    1.18351e-01     8.29528e+02
    1.19129e-01     8.24719e+02
    1.19912e-01     8.19860e+02
    1.20700e-01     8.14919e+02
    1.21493e-01     8.09863e+02
    1.22291e-01     8.04683e+02
    1.23094e-01     7.99363e+02
    1.23903e-01     7.93897e+02
    1.24717e-01     7.88264e+02
    1.25536e-01     7.82451e+02
    1.26361e-01     7.76449e+02
    1.27191e-01     7.70242e+02
    1.28027e-01     7.63821e+02
    1.28868e-01     7.57170e+02
    1.29715e-01     7.50282e+02
    1.30567e-01     7.43158e+02
    1.31425e-01     7.35810e+02
    1.32288e-01     7.28239e+02
    1.33157e-01     7.20459e+02
    1.34032e-01     7.12479e+02
    1.34913e-01     7.04305e+02
    1.35799e-01     6.95942e+02
    1.36691e-01     6.87399e+02
    1.37589e-01     6.78695e+02
    1.38493e-01     6.69849e+02
    1.39403e-01     6.60889e+02
    1.40319e-01     6.51837e+02
    1.41241e-01     6.42721e+02
    1.42169e-01     6.33563e+02
    1.43103e-01     6.24389e+02
    1.44043e-01     6.15219e+02
    1.44990e-01     6.06084e+02
    1.45942e-01     5.97000e+02
    1.46901e-01     5.88000e+02
    1.47866e-01     5.79106e+02
    1.48838e-01     5.70347e+02
    1.49816e-01     5.61742e+02
    1.50800e-01     5.53316e+02
    1.51791e-01     5.45095e+02
    1.52788e-01     5.37095e+02
    1.53792e-01     5.29332e+02
    1.54802e-01     5.21815e+02
    1.55819e-01     5.14558e+02
    1.56843e-01     5.07568e+02
    1.57873e-01     5.00857e+02
    1.58911e-01     4.94437e+02
    1.59955e-01     4.88314e+02
    1.61006e-01     4.82489e+02
    1.62063e-01     4.76951e+02
    1.63128e-01     4.71694e+02
    1.64200e-01     4.66707e+02
    1.65279e-01     4.61982e+02
    1.66364e-01     4.57506e+02
    1.67458e-01     4.53281e+02
    1.68558e-01     4.49280e+02
    1.69665e-01     4.45484e+02
    1.70780e-01     4.41872e+02
    1.71902e-01     4.38418e+02
    1.73031e-01     4.35099e+02
    1.74168e-01     4.31891e+02
    1.75312e-01     4.28772e+02
    1.76464e-01     4.25719e+02
    1.77624e-01     4.22704e+02
    1.78790e-01     4.19700e+02
    1.79965e-01     4.16688e+02
    1.81148e-01     4.13638e+02
    1.82338e-01     4.10525e+02
    1.83536e-01     4.07326e+02
    1.84741e-01     4.04026e+02
    1.85955e-01     4.00615e+02
    1.87177e-01     3.97079e+02
    1.88407e-01     3.93402e+02
    1.89644e-01     3.89574e+02
    1.90890e-01     3.85582e+02
    1.92145e-01     3.81434e+02
    1.93407e-01     3.77132e+02
    1.94678e-01     3.72684e+02
    1.95957e-01     3.68100e+02
    1.97244e-01     3.63385e+02
    1.98540e-01     3.58552e+02
    1.99844e-01     3.53616e+02
    2.01157e-01     3.48602e+02
    2.02479e-01     3.43531e+02
    2.03809e-01     3.38423e+02
    2.05148e-01     3.33302e+02
    2.06496e-01     3.28189e+02
    2.07853e-01     3.23107e+02
    2.09218e-01     3.18079e+02
    2.10593e-01     3.13128e+02
    2.11977e-01     3.08279e+02
    2.13369e-01     3.03550e+02
    2.14771e-01     2.98960e+02
    2.16182e-01     2.94520e+02
    2.17602e-01     2.90240e+02
    2.19032e-01     2.86131e+02
    2.20471e-01     2.82203e+02
    2.21920e-01     2.78465e+02
    2.23378e-01     2.74910e+02
    2.24845e-01     2.71534e+02
    2.26322e-01     2.68330e+02
    2.27809e-01     2.65296e+02
    2.29306e-01     2.62423e+02
    2.30813e-01     2.59697e+02
    2.32329e-01     2.57097e+02
    2.33855e-01     2.54608e+02
    2.35392e-01     2.52211e+02
    2.36938e-01     2.49887e+02
    2.38495e-01     2.47617e+02
    2.40062e-01     2.45382e+02
    2.41639e-01     2.43160e+02
    2.43227e-01     2.40933e+02
    2.44825e-01     2.38680e+02
    2.46433e-01     2.36389e+02
    2.48052e-01     2.34047e+02
    2.49682e-01     2.31646e+02
    2.51322e-01     2.29169e+02
    2.52974e-01     2.26614e+02
    2.54636e-01     2.23980e+02
    2.56309e-01     2.21268e+02
    2.57993e-01     2.18483e+02
    2.59688e-01     2.15629e+02
    2.61394e-01     2.12712e+02
    2.63111e-01     2.09750e+02
    2.64840e-01     2.06756e+02
    2.66580e-01     2.03743e+02
    2.68331e-01     2.00726e+02
    2.70094e-01     1.97722e+02
    2.71869e-01     1.94746e+02
    2.73655e-01     1.91816e+02
    2.75453e-01     1.88945e+02
    2.77262e-01     1.86145e+02
    2.79084e-01     1.83425e+02
    2.80918e-01     1.80798e+02
    2.82763e-01     1.78269e+02
    2.84621e-01     1.75843e+02
    2.86491e-01     1.73516e+02
    2.88373e-01     1.71290e+02
    2.90268e-01     1.69163e+02
    2.92175e-01     1.67125e+02
    2.94094e-01     1.65171e+02
    2.96027e-01     1.63288e+02
    2.97972e-01     1.61466e+02
    2.99929e-01     1.59693e+02
    3.01900e-01     1.57958e+02
    3.03883e-01     1.56245e+02
    3.05880e-01     1.54542e+02
    3.07889e-01     1.52840e+02
    3.09912e-01     1.51129e+02
    3.11948e-01     1.49399e+02
    3.13998e-01     1.47644e+02
    3.16061e-01     1.45861e+02
    3.18137e-01     1.44049e+02
    3.20227e-01     1.42205e+02
    3.22331e-01     1.40332e+02
    3.24449e-01     1.38437e+02
    3.26581e-01     1.36527e+02
    3.28726e-01     1.34606e+02
    3.30886e-01     1.32686e+02
    3.33060e-01     1.30773e+02
    3.35248e-01     1.28879e+02
    3.37451e-01     1.27011e+02
    3.39668e-01     1.25177e+02
    3.41899e-01     1.23385e+02
    3.44146e-01     1.21641e+02
    3.46407e-01     1.19948e+02
    3.48683e-01     1.18308e+02
    3.50973e-01     1.16722e+02
    3.53279e-01     1.15189e+02
    3.55600e-01     1.13706e+02
    3.57937e-01     1.12269e+02
    3.60288e-01     1.10871e+02
    3.62655e-01     1.09506e+02
    3.65038e-01     1.08168e+02
    3.67436e-01     1.06850e+02
    3.69850e-01     1.05545e+02
    3.72280e-01     1.04247e+02
    3.74726e-01     1.02950e+02
    3.77188e-01     1.01651e+02
    3.79666e-01     1.00347e+02
    3.82161e-01     9.90371e+01
    3.84672e-01     9.77204e+01
    3.87199e-01     9.63993e+01
    3.89743e-01     9.50750e+01
    3.92303e-01     9.37516e+01
    3.94881e-01     9.24342e+01
    3.97475e-01     9.11274e+01
    4.00086e-01     8.98352e+01
    4.02715e-01     8.85616e+01
    4.05361e-01     8.73120e+01
    4.08024e-01     8.60862e+01
    4.10705e-01     8.48890e+01
    4.13403e-01     8.37218e+01
    4.16119e-01     8.25828e+01
    4.18853e-01     8.14717e+01
    4.21605e-01     8.03874e+01
    4.24375e-01     7.93260e+01
    4.27163e-01     7.82846e+01
    4.29970e-01     7.72614e+01
    4.32794e-01     7.62505e+01
    4.35638e-01     7.52514e+01
    4.38500e-01     7.42592e+01
    4.41381e-01     7.32722e+01
    4.44281e-01     7.22897e+01
    4.47200e-01     7.13106e+01
    4.50138e-01     7.03351e+01
    4.53095e-01     6.93633e+01
    4.56072e-01     6.83979e+01
    4.59068e-01     6.74398e+01
    4.62085e-01     6.64910e+01
    4.65120e-01     6.55537e+01
    4.68176e-01     6.46300e+01
    4.71252e-01     6.37215e+01
    4.74348e-01     6.28289e+01
    4.77465e-01     6.19532e+01
    4.80602e-01     6.10950e+01
    4.83759e-01     6.02533e+01
    4.86938e-01     5.94264e+01
    4.90137e-01     5.86151e+01
    4.93357e-01     5.78149e+01
    4.96598e-01     5.70268e+01
    4.99861e-01     5.62481e+01
    5.03145e-01     5.54781e+01
    5.06451e-01     5.47149e+01
    5.09778e-01     5.39586e+01
    5.13127e-01     5.32093e+01
    5.16499e-01     5.24662e+01
    5.19892e-01     5.17298e+01
    5.23308e-01     5.10005e+01
    5.26746e-01     5.02806e+01
    5.30206e-01     4.95691e+01
    5.33690e-01     4.88672e+01
    5.37196e-01     4.81769e+01
    5.40726e-01     4.74968e+01
    5.44278e-01     4.68282e+01
    5.47854e-01     4.61697e+01
    5.51453e-01     4.55227e+01
    5.55077e-01     4.48849e+01
    5.58723e-01     4.42561e+01
    5.62394e-01     4.36364e+01
    5.66089e-01     4.30249e+01
    5.69808e-01     4.24208e+01
    5.73552e-01     4.18234e+01
    5.77320e-01     4.12325e+01
    5.81113e-01     4.06483e+01
    5.84931e-01     4.00707e+01
    5.88774e-01     3.95005e+01
    5.92642e-01     3.89376e+01
    5.96536e-01     3.83821e+01
    6.00455e-01     3.78338e+01
    6.04400e-01     3.72942e+01
    6.08371e-01     3.67622e+01
    6.12368e-01     3.62380e+01
    6.16391e-01     3.57216e+01
    6.20441e-01     3.52127e+01
    6.24517e-01     3.47109e+01
    6.28620e-01     3.42157e+01
    6.32750e-01     3.37272e+01
    6.36908e-01     3.32453e+01
    6.41092e-01     3.27694e+01
    6.45304e-01     3.22994e+01
    6.49544e-01     3.18354e+01
    6.53811e-01     3.13776e+01
    6.58107e-01     3.09260e+01
    6.62430e-01     3.04805e+01
    6.66783e-01     3.00412e+01
    6.71163e-01     2.96079e+01
    6.75573e-01     2.91807e+01
    6.80011e-01     2.87597e+01
    6.84479e-01     2.83448e+01
    6.88976e-01     2.79357e+01
    6.93503e-01     2.75322e+01
    6.98059e-01     2.71341e+01
    7.02645e-01     2.67415e+01
    7.07262e-01     2.63542e+01
    7.11908e-01     2.59718e+01
    7.16586e-01     2.55947e+01
    7.21294e-01     2.52230e+01
    7.26032e-01     2.48562e+01
    7.30802e-01     2.44944e+01
    7.35604e-01     2.41379e+01
    7.40437e-01     2.37862e+01
    7.45301e-01     2.34394e+01
    7.50198e-01     2.30975e+01
    7.55127e-01     2.27605e+01
    7.60088e-01     2.24282e+01
    7.65082e-01     2.21005e+01
    7.70108e-01     2.17773e+01
    7.75168e-01     2.14585e+01
    7.80261e-01     2.11442e+01
    7.85387e-01     2.08343e+01
    7.90547e-01     2.05285e+01
    7.95741e-01     2.02271e+01
    8.00969e-01     1.99300e+01
    8.06231e-01     1.96368e+01
    8.11528e-01     1.93480e+01
    8.16860e-01     1.90634e+01
    8.22227e-01     1.87825e+01
    8.27629e-01     1.85056e+01
    8.33066e-01     1.82326e+01
    8.38540e-01     1.79635e+01
    8.44049e-01     1.76982e+01
    8.49594e-01     1.74366e+01
    8.55176e-01     1.71788e+01
    8.60795e-01     1.69246e+01
    8.66450e-01     1.66739e+01
    8.72142e-01     1.64267e+01
    8.77872e-01     1.61831e+01
    8.83640e-01     1.59429e+01
    8.89446e-01     1.57064e+01
    8.95289e-01     1.54732e+01
    9.01171e-01     1.52431e+01
    9.07092e-01     1.50164e+01
    9.13052e-01     1.47930e+01
    9.19050e-01     1.45723e+01
    9.25088e-01     1.43554e+01
    9.31166e-01     1.41414e+01
    9.37284e-01     1.39305e+01
    9.43442e-01     1.37225e+01
    9.49640e-01     1.35176e+01
    9.55880e-01     1.33156e+01
    9.62160e-01     1.31164e+01
    9.68481e-01     1.29201e+01
    9.74844e-01     1.27267e+01
    9.81249e-01     1.25361e+01
    9.87695e-01     1.23481e+01
    9.94185e-01     1.21629e+01
    1.00072e+00     1.19803e+01
    1.00729e+00     1.18006e+01
    1.01391e+00     1.16230e+01
    1.02057e+00     1.14482e+01
    1.02728e+00     1.12761e+01
    1.03402e+00     1.11062e+01
    1.04082e+00     1.09390e+01
    1.04766e+00     1.07741e+01
    1.05454e+00     1.06117e+01
    1.06147e+00     1.04515e+01
    1.06844e+00     1.02935e+01
    1.07546e+00     1.01381e+01
    1.08253e+00     9.98493e+00
    1.08964e+00     9.83389e+00
    1.09680e+00     9.68514e+00
    1.10400e+00     9.53827e+00
    1.11126e+00     9.39390e+00
    1.11856e+00     9.25139e+00
    1.12591e+00     9.11117e+00
    1.13330e+00     8.97270e+00
    1.14075e+00     8.83662e+00
    1.14825e+00     8.70219e+00
    1.15579e+00     8.57003e+00
    1.16338e+00     8.43966e+00
    1.17103e+00     8.31108e+00
    1.17872e+00     8.18468e+00
    1.18646e+00     8.05985e+00
    1.19426e+00     7.93712e+00
    1.20211e+00     7.81603e+00
    1.21000e+00     7.69669e+00
    1.21795e+00     7.57919e+00
    1.22595e+00     7.46335e+00
    1.23401e+00     7.34926e+00
    1.24212e+00     7.23692e+00
    1.25028e+00     7.12611e+00
    1.25849e+00     7.01703e+00
    1.26676e+00     6.90961e+00
    1.27508e+00     6.80362e+00
    1.28346e+00     6.69933e+00
    1.29189e+00     6.59663e+00
    1.30038e+00     6.49529e+00
    1.30892e+00     6.39553e+00
    1.31752e+00     6.29729e+00
    1.32618e+00     6.20044e+00
    1.33489e+00     6.10513e+00
    1.34366e+00     6.01114e+00
    1.35249e+00     5.91865e+00
    1.36138e+00     5.82742e+00
    1.37032e+00     5.73766e+00
    1.37932e+00     5.64910e+00
    1.38839e+00     5.56205e+00
    1.39751e+00     5.47623e+00
    1.40669e+00     5.39167e+00
    1.41593e+00     5.30838e+00
    1.42523e+00     5.22626e+00
    1.43460e+00     5.14547e+00
    1.44402e+00     5.06588e+00
    1.45351e+00     4.98747e+00
    1.46306e+00     4.91025e+00
    1.47267e+00     4.83412e+00
    1.48235e+00     4.75920e+00
    1.49209e+00     4.68540e+00
    1.50189e+00     4.61268e+00
    1.51176e+00     4.54102e+00
    1.52169e+00     4.47054e+00
    1.53169e+00     4.40104e+00
    1.54175e+00     4.33258e+00
    1.55188e+00     4.26512e+00
    1.56207e+00     4.19879e+00
    1.57234e+00     4.13338e+00
    1.58267e+00     4.06904e+00
    1.59307e+00     4.00564e+00
    1.60353e+00     3.94313e+00
    1.61407e+00     3.88166e+00
    1.62467e+00     3.82103e+00
    1.63535e+00     3.76141e+00
    1.64609e+00     3.70264e+00
    1.65690e+00     3.64470e+00
    1.66779e+00     3.58778e+00
    1.67875e+00     3.53164e+00
    1.68978e+00     3.47642e+00
    1.70088e+00     3.42197e+00
    1.71205e+00     3.36832e+00
    1.72330e+00     3.31559e+00
    1.73462e+00     3.26355e+00
    1.74602e+00     3.21238e+00
    1.75749e+00     3.16196e+00
    1.76904e+00     3.11240e+00
    1.78066e+00     3.06347e+00
    1.79236e+00     3.01529e+00
    1.80414e+00     2.96797e+00
    1.81599e+00     2.92126e+00
    1.82792e+00     2.87536e+00
    1.83993e+00     2.83004e+00
    1.85202e+00     2.78553e+00
    1.86419e+00     2.74167e+00
    1.87643e+00     2.69844e+00
    1.88876e+00     2.65587e+00
    1.90117e+00     2.61397e+00
    1.91366e+00     2.57275e+00
    1.92623e+00     2.53216e+00
    1.93889e+00     2.49218e+00
    1.95163e+00     2.45279e+00
    1.96445e+00     2.41403e+00
    1.97736e+00     2.37586e+00
    1.99035e+00     2.33830e+00
    2.00342e+00     2.30126e+00
    2.01659e+00     2.26482e+00
    2.02984e+00     2.22897e+00
    2.04317e+00     2.19364e+00
    2.05659e+00     2.15884e+00
    2.07011e+00     2.12463e+00
    2.08371e+00     2.09091e+00
    2.09740e+00     2.05773e+00
    2.11118e+00     2.02504e+00
    2.12505e+00     1.99288e+00
    2.13901e+00     1.96124e+00
    2.15306e+00     1.93003e+00
    2.16721e+00     1.89934e+00
    2.18145e+00     1.86911e+00
    2.19578e+00     1.83939e+00
    2.21020e+00     1.81008e+00
    2.22473e+00     1.78123e+00
    2.23934e+00     1.75285e+00
    2.25405e+00     1.72491e+00
    2.26886e+00     1.69739e+00
    2.28377e+00     1.67034e+00
    2.29877e+00     1.64365e+00
    2.31388e+00     1.61744e+00
    2.32908e+00     1.59160e+00
    2.34438e+00     1.56616e+00
    2.35978e+00     1.54114e+00
    2.37529e+00     1.51649e+00
    2.39089e+00     1.49224e+00
    2.40660e+00     1.46835e+00
    2.42241e+00     1.44485e+00
    2.43833e+00     1.42171e+00
    2.45435e+00     1.39894e+00
    2.47047e+00     1.37653e+00
    2.48670e+00     1.35445e+00
    2.50304e+00     1.33273e+00
    2.51949e+00     1.31135e+00
    2.53604e+00     1.29030e+00
    2.55270e+00     1.26959e+00
    2.56947e+00     1.24920e+00
    2.58635e+00     1.22914e+00
    2.60335e+00     1.20938e+00
    2.62045e+00     1.18992e+00
    2.63767e+00     1.17079e+00
    2.65500e+00     1.15195e+00
    2.67244e+00     1.13341e+00
    2.69000e+00     1.11515e+00
    2.70767e+00     1.09719e+00
    2.72546e+00     1.07951e+00
    2.74337e+00     1.06211e+00
    2.76139e+00     1.04497e+00
    2.77953e+00     1.02812e+00
    2.79779e+00     1.01152e+00
    2.81618e+00     9.95202e-01
    2.83468e+00     9.79128e-01
    2.85330e+00     9.63315e-01
    2.87205e+00     9.47739e-01
    2.89092e+00     9.32421e-01
    2.90991e+00     9.17344e-01
    2.92903e+00     9.02502e-01
    2.94827e+00     8.87891e-01
    2.96764e+00     8.73524e-01
    2.98714e+00     8.59380e-01
    3.00677e+00     8.45467e-01
    3.02652e+00     8.31760e-01
    3.04640e+00     8.18280e-01
    3.06642e+00     8.05016e-01
    3.08657e+00     7.91960e-01
    3.10684e+00     7.79103e-01
    3.12726e+00     7.66463e-01
    3.14780e+00     7.54021e-01
    3.16848e+00     7.41768e-01
    3.18930e+00     7.29717e-01
    3.21025e+00     7.17854e-01
    3.23135e+00     7.06188e-01
    3.25258e+00     6.94705e-01
    3.27394e+00     6.83398e-01
    3.29545e+00     6.72281e-01
    3.31711e+00     6.61344e-01
    3.33890e+00     6.50563e-01
    3.36084e+00     6.39972e-01
    3.38292e+00     6.29543e-01
    3.40514e+00     6.19283e-01
    3.42751e+00     6.09181e-01
    3.45003e+00     5.99240e-01
    3.47270e+00     5.89466e-01
    3.49551e+00     5.79839e-01
    3.51848e+00     5.70372e-01
    3.54160e+00     5.61066e-01
    3.56486e+00     5.51892e-01
    3.58829e+00     5.42881e-01
    3.61186e+00     5.34004e-01
    3.63559e+00     5.25265e-01
    3.65948e+00     5.16677e-01
    3.68352e+00     5.08225e-01
    3.70772e+00     4.99904e-01
    3.73208e+00     4.91720e-01
    3.75660e+00     4.83671e-01
    3.78128e+00     4.75744e-01
    3.80612e+00     4.67949e-01
    3.83113e+00     4.60281e-01
    3.85630e+00     4.52731e-01
    3.88164e+00     4.45309e-01
    3.90714e+00     4.38003e-01
    3.93281e+00     4.30813e-01
    3.95865e+00     4.23740e-01
    3.98465e+00     4.16781e-01
    4.01083e+00     4.09935e-01
    4.03718e+00     4.03200e-01
    4.06371e+00     3.96572e-01
    4.09041e+00     3.90053e-01
    4.11728e+00     3.83636e-01
    4.14433e+00     3.77325e-01
    4.17156e+00     3.71114e-01
    4.19897e+00     3.65006e-01
    4.22655e+00     3.58995e-01
    4.25432e+00     3.53082e-01
    4.28227e+00     3.47265e-01
    4.31041e+00     3.41542e-01
    4.33873e+00     3.35911e-01
    4.36723e+00     3.30373e-01
    4.39593e+00     3.24921e-01
    4.42481e+00     3.19563e-01
    4.45388e+00     3.14289e-01
    4.48314e+00     3.09100e-01
    4.51259e+00     3.03997e-01
    4.54224e+00     2.98975e-01
    4.57208e+00     2.94036e-01
    4.60212e+00     2.89177e-01
    4.63236e+00     2.84396e-01
    4.66279e+00     2.79694e-01
    4.69343e+00     2.75068e-01
    4.72426e+00     2.70516e-01
    4.75530e+00     2.66040e-01
    4.78654e+00     2.61634e-01
    4.81799e+00     2.57304e-01
    4.84965e+00     2.53042e-01
    4.88151e+00     2.48849e-01
    4.91358e+00     2.44724e-01
    4.94586e+00     2.40668e-01
    4.97836e+00     2.36677e-01
