    1.02795e-05     5.43432e+00
    1.03470e-05     5.46875e+00
    1.04150e-05     5.50343e+00
    1.04834e-05     5.53830e+00
    1.05523e-05     5.57343e+00
    1.06216e-05     5.60874e+00
    1.06914e-05     5.64431e+00
    1.07617e-05     5.68012e+00
    1.08324e-05     5.71613e+00
    1.09035e-05     5.75232e+00
    1.09752e-05     5.78881e+00
    1.10473e-05     5.82552e+00
    1.11198e-05     5.86241e+00
    1.11929e-05     5.89959e+00
    1.12664e-05     5.93700e+00
    1.13405e-05     5.97463e+00
    1.14150e-05     6.01249e+00
    1.14900e-05     6.05064e+00
    1.15655e-05     6.08902e+00
    1.16414e-05     6.12758e+00
    1.17179e-05     6.16641e+00
    1.17949e-05     6.20548e+00
    1.18724e-05     6.24483e+00
    1.19504e-05     6.28441e+00
    1.20289e-05     6.32428e+00
    1.21079e-05     6.36432e+00
    1.21875e-05     6.40471e+00
    1.22676e-05     6.44532e+00
    1.23482e-05     6.48622e+00
    1.24293e-05     6.52729e+00
    1.25110e-05     6.56871e+00
    1.25932e-05     6.61035e+00
    1.26759e-05     6.65223e+00
    1.27592e-05     6.69439e+00
    1.28430e-05     6.73683e+00
    1.29274e-05     6.77957e+00
    1.30123e-05     6.82253e+00
    1.30978e-05     6.86578e+00
    1.31838e-05     6.90925e+00
    1.32705e-05     6.95307e+00
    1.33577e-05     6.99718e+00
    1.34454e-05     7.04152e+00
    1.35338e-05     7.08620e+00
    1.36227e-05     7.13111e+00
    1.37122e-05     7.17630e+00
    1.38023e-05     7.22179e+00
    1.38929e-05     7.26756e+00
    1.39842e-05     7.31361e+00
    1.40761e-05     7.36001e+00
    1.41686e-05     7.40670e+00
    1.42617e-05     7.45361e+00
    1.43554e-05     7.50087e+00
    1.44497e-05     7.54841e+00
    1.45446e-05     7.59624e+00
    1.46402e-05     7.64442e+00
    1.47363e-05     7.69282e+00
    1.48332e-05     7.74168e+00
    1.49306e-05     7.79072e+00
    1.50287e-05     7.84010e+00
    1.51275e-05     7.88982e+00
    1.52268e-05     7.93982e+00
    1.53269e-05     7.99018e+00
    1.54276e-05     8.04081e+00
    1.55289e-05     8.09174e+00
    1.56310e-05     8.14312e+00
    1.57337e-05     8.19473e+00
    1.58370e-05     8.24663e+00
    1.59411e-05     8.29893e+00
    1.60458e-05     8.35151e+00
    1.61512e-05     8.40444e+00
    1.62573e-05     8.45772e+00
    1.63642e-05     8.51139e+00
    1.64717e-05     8.56535e+00
    1.65799e-05     8.61965e+00
    1.66888e-05     8.67424e+00
    1.67985e-05     8.72929e+00
    1.69088e-05     8.78457e+00
    1.70199e-05     8.84025e+00
    1.71317e-05     8.89633e+00
    1.72443e-05     8.95275e+00
    1.73576e-05     9.00946e+00
    1.74716e-05     9.06657e+00
    1.75864e-05     9.12408e+00
    1.77020e-05     9.18194e+00
    1.78183e-05     9.24014e+00
    1.79353e-05     9.29868e+00
    1.80532e-05     9.35768e+00
    1.81718e-05     9.41697e+00
    1.82912e-05     9.47666e+00
    1.84113e-05     9.53669e+00
    1.85323e-05     9.59718e+00
    1.86541e-05     9.65807e+00
    1.87766e-05     9.71925e+00
    1.89000e-05     9.78089e+00
    1.90241e-05     9.84281e+00
    1.91491e-05     9.90525e+00
    1.92749e-05     9.96797e+00
    1.94016e-05     1.00312e+01
    1.95290e-05     1.00947e+01
    1.96574e-05     1.01588e+01
    1.97865e-05     1.02232e+01
    1.99165e-05     1.02880e+01
    2.00473e-05     1.03531e+01
    2.01791e-05     1.04188e+01
    2.03116e-05     1.04848e+01
    2.04451e-05     1.05513e+01
    2.05794e-05     1.06182e+01
    2.07146e-05     1.06855e+01
    2.08507e-05     1.07533e+01
    2.09877e-05     1.08214e+01
    2.11256e-05     1.08900e+01
    2.12644e-05     1.09590e+01
    2.14041e-05     1.10285e+01
    2.15447e-05     1.10984e+01
    2.16863e-05     1.11688e+01
    2.18287e-05     1.12396e+01
    2.19722e-05     1.13108e+01
    2.21165e-05     1.13826e+01
    2.22618e-05     1.14547e+01
    2.24081e-05     1.15273e+01
    2.25553e-05     1.16004e+01
    2.27035e-05     1.16740e+01
    2.28526e-05     1.17479e+01
    2.30028e-05     1.18224e+01
    2.31539e-05     1.18974e+01
    2.33060e-05     1.19727e+01
    2.34592e-05     1.20487e+01
    2.36133e-05     1.21251e+01
    2.37684e-05     1.22019e+01
    2.39246e-05     1.22793e+01
    2.40818e-05     1.23571e+01
    2.42400e-05     1.24355e+01
    2.43992e-05     1.25142e+01
    2.45595e-05     1.25936e+01
    2.47209e-05     1.26734e+01
    2.48833e-05     1.27538e+01
    2.50468e-05     1.28346e+01
    2.52114e-05     1.29160e+01
    2.53770e-05     1.29979e+01
    2.55437e-05     1.30802e+01
    2.57115e-05     1.31632e+01
    2.58805e-05     1.32467e+01
    2.60505e-05     1.33306e+01
    2.62217e-05     1.34152e+01
    2.63939e-05     1.35002e+01
    2.65673e-05     1.35858e+01
    2.67419e-05     1.36719e+01
    2.69176e-05     1.37586e+01
    2.70944e-05     1.38458e+01
    2.72724e-05     1.39335e+01
    2.74516e-05     1.40219e+01
    2.76320e-05     1.41108e+01
    2.78135e-05     1.42002e+01
    2.79963e-05     1.42903e+01
    2.81802e-05     1.43808e+01
    2.83653e-05     1.44719e+01
    2.85517e-05     1.45637e+01
    2.87393e-05     1.46560e+01
    2.89281e-05     1.47489e+01
    2.91181e-05     1.48424e+01
    2.93095e-05     1.49365e+01
    2.95020e-05     1.50311e+01
    2.96958e-05     1.51264e+01
    2.98909e-05     1.52223e+01
    3.00873e-05     1.53188e+01
    3.02850e-05     1.54159e+01
    3.04840e-05     1.55136e+01
    3.06843e-05     1.56120e+01
    3.08859e-05     1.57110e+01
    3.10888e-05     1.58105e+01
    3.12930e-05     1.59108e+01
    3.14986e-05     1.60116e+01
    3.17056e-05     1.61131e+01
    3.19139e-05     1.62153e+01
    3.21235e-05     1.63180e+01
    3.23346e-05     1.64215e+01
    3.25470e-05     1.65256e+01
    3.27609e-05     1.66304e+01
    3.29761e-05     1.67358e+01
    3.31928e-05     1.68419e+01
    3.34108e-05     1.69486e+01
    3.36303e-05     1.70561e+01
    3.38513e-05     1.71642e+01
    3.40737e-05     1.72730e+01
    3.42976e-05     1.73825e+01
    3.45229e-05     1.74927e+01
    3.47497e-05     1.76036e+01
    3.49780e-05     1.77152e+01
    3.52078e-05     1.78274e+01
    3.54391e-05     1.79404e+01
    3.56720e-05     1.80542e+01
    3.59063e-05     1.81685e+01
    3.61422e-05     1.82837e+01
    3.63797e-05     1.83997e+01
    3.66187e-05     1.85163e+01
    3.68593e-05     1.86337e+01
    3.71015e-05     1.87517e+01
    3.73452e-05     1.88706e+01
    3.75906e-05     1.89903e+01
    3.78375e-05     1.91106e+01
    3.80861e-05     1.92317e+01
    3.83364e-05     1.93537e+01
    3.85882e-05     1.94763e+01
    3.88418e-05     1.95998e+01
    3.90969e-05     1.97240e+01
    3.93538e-05     1.98490e+01
    3.96124e-05     1.99748e+01
    3.98726e-05     2.01015e+01
    4.01346e-05     2.02289e+01
    4.03983e-05     2.03571e+01
    4.06637e-05     2.04861e+01
    4.09308e-05     2.06159e+01
    4.11998e-05     2.07467e+01
    4.14704e-05     2.08782e+01
    4.17429e-05     2.10105e+01
    4.20172e-05     2.11437e+01
    4.22932e-05     2.12777e+01
    4.25711e-05     2.14126e+01
    4.28508e-05     2.15483e+01
    4.31323e-05     2.16849e+01
    4.34157e-05     2.18224e+01
    4.37009e-05     2.19607e+01
    4.39880e-05     2.20998e+01
    4.42770e-05     2.22399e+01
    4.45679e-05     2.23809e+01
    4.48607e-05     2.25228e+01
    4.51555e-05     2.26656e+01
    4.54521e-05     2.28092e+01
    4.57508e-05     2.29538e+01
    4.60513e-05     2.30993e+01
    4.63539e-05     2.32457e+01
    4.66584e-05     2.33931e+01
    4.69650e-05     2.35414e+01
    4.72736e-05     2.36906e+01
    4.75841e-05     2.38407e+01
    4.78968e-05     2.39919e+01
    4.82114e-05     2.41440e+01
    4.85282e-05     2.42970e+01
    4.88470e-05     2.44510e+01
    4.91680e-05     2.46060e+01
    4.94910e-05     2.47619e+01
    4.98161e-05     2.49189e+01
    5.01434e-05     2.50768e+01
    5.04729e-05     2.52358e+01
    5.08045e-05     2.53958e+01
    5.11383e-05     2.55567e+01
    5.14742e-05     2.57187e+01
    5.18124e-05     2.58817e+01
    5.21528e-05     2.60458e+01
    5.24955e-05     2.62108e+01
    5.28404e-05     2.63770e+01
    5.31875e-05     2.65441e+01
    5.35370e-05     2.67124e+01
    5.38887e-05     2.68817e+01
    5.42428e-05     2.70520e+01
    5.45991e-05     2.72234e+01
    5.49579e-05     2.73960e+01
    5.53189e-05     2.75696e+01
    5.56824e-05     2.77444e+01
    5.60482e-05     2.79202e+01
    5.64164e-05     2.80972e+01
    5.67871e-05     2.82753e+01
    5.71602e-05     2.84545e+01
    5.75357e-05     2.86348e+01
    5.79137e-05     2.88163e+01
    5.82942e-05     2.89989e+01
    5.86772e-05     2.91827e+01
    5.90627e-05     2.93677e+01
    5.94508e-05     2.95538e+01
    5.98414e-05     2.97412e+01
    6.02345e-05     2.99296e+01
    6.06303e-05     3.01194e+01
    6.10286e-05     3.03103e+01
    6.14296e-05     3.05023e+01
    6.18332e-05     3.06957e+01
    6.22394e-05     3.08902e+01
    6.26483e-05     3.10860e+01
    6.30599e-05     3.12830e+01
    6.34742e-05     3.14813e+01
    6.38912e-05     3.16809e+01
    6.43110e-05     3.18817e+01
    6.47335e-05     3.20837e+01
    6.51588e-05     3.22870e+01
    6.55869e-05     3.24917e+01
    6.60178e-05     3.26976e+01
    6.64516e-05     3.29049e+01
    6.68881e-05     3.31134e+01
    6.73276e-05     3.33233e+01
    6.77699e-05     3.35344e+01
    6.82152e-05     3.37470e+01
    6.86634e-05     3.39609e+01
    6.91145e-05     3.41761e+01
    6.95686e-05     3.43927e+01
    7.00256e-05     3.46107e+01
    7.04857e-05     3.48300e+01
    7.09488e-05     3.50507e+01
    7.14149e-05     3.52728e+01
    7.18841e-05     3.54964e+01
    7.23564e-05     3.57214e+01
    7.28318e-05     3.59477e+01
    7.33103e-05     3.61756e+01
    7.37919e-05     3.64047e+01
    7.42767e-05     3.66355e+01
    7.47647e-05     3.68676e+01
    7.52559e-05     3.71013e+01
    7.57504e-05     3.73364e+01
    7.62480e-05     3.75730e+01
    7.67490e-05     3.78111e+01
    7.72532e-05     3.80508e+01
    7.77608e-05     3.82919e+01
    7.82717e-05     3.85346e+01
    7.87859e-05     3.87788e+01
    7.93035e-05     3.90245e+01
    7.98246e-05     3.92719e+01
    8.03490e-05     3.95207e+01
    8.08769e-05     3.97712e+01
    8.14083e-05     4.00232e+01
    8.19431e-05     4.02768e+01
    8.24815e-05     4.05321e+01
    8.30234e-05     4.07890e+01
    8.35689e-05     4.10475e+01
    8.41179e-05     4.13076e+01
    8.46706e-05     4.15694e+01
    8.52268e-05     4.18328e+01
    8.57868e-05     4.20978e+01
    8.63504e-05     4.23646e+01
    8.69177e-05     4.26331e+01
    8.74888e-05     4.29032e+01
    8.80636e-05     4.31751e+01
    8.86421e-05     4.34487e+01
    8.92245e-05     4.37239e+01
    8.98107e-05     4.40010e+01
    9.04008e-05     4.42799e+01
    9.09947e-05     4.45604e+01
    9.15926e-05     4.48428e+01
    9.21943e-05     4.51269e+01
    9.28000e-05     4.54129e+01
    9.34097e-05     4.57006e+01
    9.40234e-05     4.59901e+01
    9.46412e-05     4.62816e+01
    9.52630e-05     4.65748e+01
    9.58888e-05     4.68699e+01
    9.65188e-05     4.71668e+01
    9.71529e-05     4.74657e+01
    9.77912e-05     4.77665e+01
    9.84337e-05     4.80691e+01
    9.90804e-05     4.83736e+01
    9.97314e-05     4.86802e+01
    1.00387e-04     4.89888e+01
    1.01046e-04     4.92989e+01
    1.01710e-04     4.96112e+01
    1.02378e-04     4.99256e+01
    1.03051e-04     5.02420e+01
    1.03728e-04     5.05603e+01
    1.04409e-04     5.08804e+01
    1.05095e-04     5.12027e+01
    1.05786e-04     5.15275e+01
    1.06481e-04     5.18539e+01
    1.07180e-04     5.21821e+01
    1.07885e-04     5.25131e+01
    1.08593e-04     5.28454e+01
    1.09307e-04     5.31805e+01
    1.10025e-04     5.35173e+01
    1.10748e-04     5.38563e+01
    1.11476e-04     5.41977e+01
    1.12208e-04     5.45409e+01
    1.12945e-04     5.48863e+01
    1.13687e-04     5.52339e+01
    1.14434e-04     5.55839e+01
    1.15186e-04     5.59359e+01
    1.15943e-04     5.62904e+01
    1.16704e-04     5.66466e+01
    1.17471e-04     5.70054e+01
    1.18243e-04     5.73668e+01
    1.19020e-04     5.77300e+01
    1.19802e-04     5.80960e+01
    1.20589e-04     5.84637e+01
    1.21381e-04     5.88338e+01
    1.22179e-04     5.92067e+01
    1.22981e-04     5.95813e+01
    1.23789e-04     5.99588e+01
    1.24603e-04     6.03392e+01
    1.25421e-04     6.07207e+01
    1.26245e-04     6.11050e+01
    1.27075e-04     6.14929e+01
    1.27910e-04     6.18824e+01
    1.28750e-04     6.22742e+01
    1.29596e-04     6.26683e+01
    1.30447e-04     6.30653e+01
    1.31304e-04     6.34645e+01
    1.32167e-04     6.38666e+01
    1.33035e-04     6.42711e+01
    1.33909e-04     6.46778e+01
    1.34789e-04     6.50879e+01
    1.35675e-04     6.55003e+01
    1.36566e-04     6.59145e+01
    1.37463e-04     6.63321e+01
    1.38366e-04     6.67520e+01
    1.39276e-04     6.71753e+01
    1.40191e-04     6.76003e+01
    1.41112e-04     6.80288e+01
    1.42039e-04     6.84590e+01
    1.42972e-04     6.88926e+01
    1.43911e-04     6.93285e+01
    1.44857e-04     6.97679e+01
    1.45808e-04     7.02095e+01
    1.46766e-04     7.06541e+01
    1.47731e-04     7.11014e+01
    1.48701e-04     7.15517e+01
    1.49678e-04     7.20048e+01
    1.50662e-04     7.24607e+01
    1.51651e-04     7.29190e+01
    1.52648e-04     7.33813e+01
    1.53651e-04     7.38458e+01
    1.54660e-04     7.43133e+01
    1.55676e-04     7.47836e+01
    1.56699e-04     7.52573e+01
    1.57729e-04     7.57339e+01
    1.58765e-04     7.62133e+01
    1.59808e-04     7.66956e+01
    1.60858e-04     7.71814e+01
    1.61915e-04     7.76700e+01
    1.62979e-04     7.81615e+01
    1.64049e-04     7.86559e+01
    1.65127e-04     7.91542e+01
    1.66212e-04     7.96554e+01
    1.67304e-04     8.01595e+01
    1.68403e-04     8.06665e+01
    1.69510e-04     8.11774e+01
    1.70623e-04     8.16913e+01
    1.71744e-04     8.22080e+01
    1.72873e-04     8.27287e+01
    1.74008e-04     8.32516e+01
    1.75152e-04     8.37792e+01
    1.76302e-04     8.43085e+01
    1.77461e-04     8.48424e+01
    1.78627e-04     8.53797e+01
    1.79800e-04     8.59193e+01
    1.80981e-04     8.64629e+01
    1.82170e-04     8.70100e+01
    1.83367e-04     8.75604e+01
    1.84572e-04     8.81149e+01
    1.85785e-04     8.86723e+01
    1.87005e-04     8.92331e+01
    1.88234e-04     8.97979e+01
    1.89471e-04     9.03661e+01
    1.90715e-04     9.09378e+01
    1.91968e-04     9.15129e+01
    1.93230e-04     9.20921e+01
    1.94499e-04     9.26746e+01
    1.95777e-04     9.32606e+01
    1.97063e-04     9.38506e+01
    1.98358e-04     9.44447e+01
    1.99661e-04     9.50421e+01
    2.00973e-04     9.56430e+01
    2.02293e-04     9.62479e+01
    2.03622e-04     9.68568e+01
    2.04960e-04     9.74692e+01
    2.06307e-04     9.80861e+01
    2.07662e-04     9.87059e+01
    2.09027e-04     9.93309e+01
    2.10400e-04     9.99587e+01
    2.11782e-04     1.00591e+02
    2.13174e-04     1.01227e+02
    2.14574e-04     1.01867e+02
    2.15984e-04     1.02511e+02
    2.17403e-04     1.03160e+02
    2.18831e-04     1.03812e+02
    2.20269e-04     1.04468e+02
    2.21716e-04     1.05128e+02
    2.23173e-04     1.05793e+02
    2.24639e-04     1.06462e+02
    2.26115e-04     1.07136e+02
    2.27601e-04     1.07813e+02
    2.29096e-04     1.08494e+02
    2.30601e-04     1.09180e+02
    2.32116e-04     1.09870e+02
    2.33641e-04     1.10565e+02
    2.35176e-04     1.11263e+02
    2.36721e-04     1.11967e+02
    2.38276e-04     1.12674e+02
    2.39842e-04     1.13386e+02
    2.41418e-04     1.14103e+02
    2.43004e-04     1.14824e+02
    2.44600e-04     1.15549e+02
    2.46207e-04     1.16280e+02
    2.47825e-04     1.17015e+02
    2.49453e-04     1.17754e+02
    2.51092e-04     1.18498e+02
    2.52742e-04     1.19247e+02
    2.54402e-04     1.20000e+02
    2.56074e-04     1.20758e+02
    2.57756e-04     1.21520e+02
    2.59450e-04     1.22289e+02
    2.61154e-04     1.23060e+02
    2.62870e-04     1.23838e+02
    2.64597e-04     1.24620e+02
    2.66335e-04     1.25406e+02
    2.68085e-04     1.26199e+02
    2.69846e-04     1.26995e+02
    2.71619e-04     1.27797e+02
    2.73404e-04     1.28605e+02
    2.75200e-04     1.29416e+02
    2.77008e-04     1.30233e+02
    2.78828e-04     1.31055e+02
    2.80660e-04     1.31883e+02
    2.82504e-04     1.32715e+02
    2.84360e-04     1.33553e+02
    2.86228e-04     1.34396e+02
    2.88109e-04     1.35244e+02
    2.90002e-04     1.36098e+02
    2.91907e-04     1.36957e+02
    2.93825e-04     1.37821e+02
    2.95755e-04     1.38690e+02
    2.97698e-04     1.39566e+02
    2.99654e-04     1.40446e+02
    3.01623e-04     1.41332e+02
    3.03605e-04     1.42224e+02
    3.05599e-04     1.43121e+02
    3.07607e-04     1.44024e+02
    3.09628e-04     1.44932e+02
    3.11662e-04     1.45846e+02
    3.13710e-04     1.46766e+02
    3.15771e-04     1.47692e+02
    3.17846e-04     1.48623e+02
    3.19934e-04     1.49560e+02
    3.22036e-04     1.50503e+02
    3.24152e-04     1.51452e+02
    3.26281e-04     1.52407e+02
    3.28425e-04     1.53368e+02
    3.30583e-04     1.54334e+02
    3.32755e-04     1.55307e+02
    3.34941e-04     1.56286e+02
    3.37141e-04     1.57270e+02
    3.39356e-04     1.58261e+02
    3.41586e-04     1.59259e+02
    3.43830e-04     1.60262e+02
    3.46089e-04     1.61272e+02
    3.48363e-04     1.62288e+02
    3.50652e-04     1.63310e+02
    3.52955e-04     1.64339e+02
    3.55274e-04     1.65373e+02
    3.57609e-04     1.66415e+02
    3.59958e-04     1.67463e+02
    3.62323e-04     1.68517e+02
    3.64703e-04     1.69578e+02
    3.67100e-04     1.70646e+02
    3.69511e-04     1.71719e+02
    3.71939e-04     1.72801e+02
    3.74383e-04     1.73888e+02
    3.76842e-04     1.74982e+02
    3.79318e-04     1.76083e+02
    3.81810e-04     1.77191e+02
    3.84319e-04     1.78306e+02
    3.86844e-04     1.79428e+02
    3.89385e-04     1.80556e+02
    3.91944e-04     1.81692e+02
    3.94519e-04     1.82835e+02
    3.97111e-04     1.83984e+02
    3.99720e-04     1.85141e+02
    4.02346e-04     1.86305e+02
    4.04989e-04     1.87476e+02
    4.07650e-04     1.88654e+02
    4.10328e-04     1.89840e+02
    4.13024e-04     1.91033e+02
    4.15738e-04     1.92234e+02
    4.18469e-04     1.93442e+02
    4.21218e-04     1.94657e+02
    4.23986e-04     1.95880e+02
    4.26771e-04     1.97111e+02
    4.29575e-04     1.98349e+02
    4.32398e-04     1.99595e+02
    4.35238e-04     2.00848e+02
    4.38098e-04     2.02109e+02
    4.40976e-04     2.03378e+02
    4.43873e-04     2.04655e+02
    4.46790e-04     2.05939e+02
    4.49725e-04     2.07232e+02
    4.52680e-04     2.08532e+02
    4.55654e-04     2.09840e+02
    4.58648e-04     2.11157e+02
    4.61661e-04     2.12482e+02
    4.64694e-04     2.13814e+02
    4.67747e-04     2.15155e+02
    4.70820e-04     2.16504e+02
    4.73913e-04     2.17861e+02
    4.77027e-04     2.19226e+02
    4.80161e-04     2.20600e+02
    4.83316e-04     2.21983e+02
    4.86491e-04     2.23373e+02
    4.89687e-04     2.24773e+02
    4.92905e-04     2.26181e+02
    4.96143e-04     2.27597e+02
    4.99403e-04     2.29023e+02
    5.02684e-04     2.30457e+02
    5.05986e-04     2.31899e+02
    5.09311e-04     2.33351e+02
    5.12657e-04     2.34811e+02
    5.16025e-04     2.36281e+02
    5.19415e-04     2.37759e+02
    5.22828e-04     2.39247e+02
    5.26263e-04     2.40743e+02
    5.29720e-04     2.42249e+02
    5.33201e-04     2.43764e+02
    5.36704e-04     2.45288e+02
    5.40230e-04     2.46821e+02
    5.43779e-04     2.48364e+02
    5.47352e-04     2.49916e+02
    5.50948e-04     2.51478e+02
    5.54568e-04     2.53049e+02
    5.58211e-04     2.54629e+02
    5.61879e-04     2.56220e+02
    5.65570e-04     2.57819e+02
    5.69286e-04     2.59429e+02
    5.73026e-04     2.61049e+02
    5.76791e-04     2.62678e+02
    5.80580e-04     2.64317e+02
    5.84395e-04     2.65966e+02
    5.88234e-04     2.67625e+02
    5.92099e-04     2.69294e+02
    5.95989e-04     2.70972e+02
    5.99905e-04     2.72662e+02
    6.03846e-04     2.74361e+02
    6.07813e-04     2.76071e+02
    6.11807e-04     2.77791e+02
    6.15826e-04     2.79522e+02
    6.19872e-04     2.81263e+02
    6.23945e-04     2.83014e+02
    6.28044e-04     2.84776e+02
    6.32170e-04     2.86548e+02
    6.36324e-04     2.88331e+02
    6.40504e-04     2.90125e+02
    6.44712e-04     2.91930e+02
    6.48948e-04     2.93746e+02
    6.53212e-04     2.95572e+02
    6.57503e-04     2.97409e+02
    6.61823e-04     2.99258e+02
    6.66171e-04     3.01117e+02
    6.70548e-04     3.02988e+02
    6.74954e-04     3.04871e+02
    6.79388e-04     3.06763e+02
    6.83852e-04     3.08668e+02
    6.88344e-04     3.10584e+02
    6.92867e-04     3.12511e+02
    6.97419e-04     3.14450e+02
    7.02001e-04     3.16401e+02
    7.06613e-04     3.18362e+02
    7.11256e-04     3.20336e+02
    7.15929e-04     3.22322e+02
    7.20632e-04     3.24319e+02
    7.25367e-04     3.26329e+02
    7.30132e-04     3.28349e+02
    7.34929e-04     3.30382e+02
    7.39758e-04     3.32428e+02
    7.44618e-04     3.34486e+02
    7.49510e-04     3.36554e+02
    7.54435e-04     3.38636e+02
    7.59391e-04     3.40731e+02
    7.64380e-04     3.42837e+02
    7.69402e-04     3.44956e+02
    7.74457e-04     3.47087e+02
    7.79545e-04     3.49231e+02
    7.84667e-04     3.51388e+02
    7.89822e-04     3.53557e+02
    7.95011e-04     3.55739e+02
    8.00235e-04     3.57934e+02
    8.05492e-04     3.60142e+02
    8.10784e-04     3.62363e+02
    8.16111e-04     3.64597e+02
    8.21473e-04     3.66845e+02
    8.26870e-04     3.69105e+02
    8.32303e-04     3.71380e+02
    8.37771e-04     3.73666e+02
    8.43275e-04     3.75967e+02
    8.48815e-04     3.78282e+02
    8.54392e-04     3.80609e+02
    8.60005e-04     3.82951e+02
    8.65656e-04     3.85306e+02
    8.71343e-04     3.87675e+02
    8.77068e-04     3.90058e+02
    8.82830e-04     3.92453e+02
    8.88630e-04     3.94864e+02
    8.94468e-04     3.97289e+02
    9.00345e-04     3.99727e+02
    9.06260e-04     4.02179e+02
    9.12214e-04     4.04646e+02
    9.18208e-04     4.07127e+02
    9.24240e-04     4.09622e+02
    9.30313e-04     4.12133e+02
    9.36425e-04     4.14657e+02
    9.42577e-04     4.17196e+02
    9.48770e-04     4.19749e+02
    9.55003e-04     4.22317e+02
    9.61278e-04     4.24900e+02
    9.67593e-04     4.27498e+02
    9.73950e-04     4.30111e+02
    9.80349e-04     4.32738e+02
    9.86790e-04     4.35381e+02
    9.93273e-04     4.38039e+02
    9.99799e-04     4.40713e+02
    1.00637e-03     4.43402e+02
    1.01298e-03     4.46105e+02
    1.01963e-03     4.48823e+02
    1.02633e-03     4.51558e+02
    1.03308e-03     4.54312e+02
    1.03986e-03     4.57075e+02
    1.04670e-03     4.59861e+02
    1.05357e-03     4.62657e+02
    1.06049e-03     4.65469e+02
    1.06746e-03     4.68301e+02
    1.07448e-03     4.71149e+02
    1.08153e-03     4.74007e+02
    1.08864e-03     4.76887e+02
    1.09579e-03     4.79781e+02
    1.10299e-03     4.82692e+02
    1.11024e-03     4.85620e+02
    1.11753e-03     4.88563e+02
    1.12488e-03     4.91525e+02
    1.13227e-03     4.94502e+02
    1.13970e-03     4.97491e+02
    1.14719e-03     5.00502e+02
    1.15473e-03     5.03531e+02
    1.16232e-03     5.06575e+02
    1.16995e-03     5.09632e+02
    1.17764e-03     5.12712e+02
    1.18538e-03     5.15808e+02
    1.19316e-03     5.18917e+02
    1.20100e-03     5.22046e+02
    1.20889e-03     5.25193e+02
    1.21684e-03     5.28359e+02
    1.22483e-03     5.31539e+02
    1.23288e-03     5.34740e+02
    1.24098e-03     5.37957e+02
    1.24913e-03     5.41190e+02
    1.25734e-03     5.44444e+02
    1.26560e-03     5.47714e+02
    1.27391e-03     5.51000e+02
    1.28228e-03     5.54306e+02
    1.29071e-03     5.57633e+02
    1.29919e-03     5.60976e+02
    1.30772e-03     5.64335e+02
    1.31631e-03     5.67713e+02
    1.32496e-03     5.71112e+02
    1.33367e-03     5.74533e+02
    1.34243e-03     5.77964e+02
    1.35125e-03     5.81418e+02
    1.36013e-03     5.84890e+02
    1.36906e-03     5.88378e+02
    1.37806e-03     5.91889e+02
    1.38711e-03     5.95418e+02
    1.39623e-03     5.98970e+02
    1.40540e-03     6.02533e+02
    1.41463e-03     6.06118e+02
    1.42393e-03     6.09722e+02
    1.43328e-03     6.13348e+02
    1.44270e-03     6.16991e+02
    1.45218e-03     6.20651e+02
    1.46172e-03     6.24334e+02
    1.47132e-03     6.28035e+02
    1.48099e-03     6.31758e+02
    1.49072e-03     6.35499e+02
    1.50051e-03     6.39256e+02
    1.51037e-03     6.43037e+02
    1.52029e-03     6.46841e+02
    1.53028e-03     6.50661e+02
    1.54034e-03     6.54505e+02
    1.55046e-03     6.58360e+02
    1.56064e-03     6.62238e+02
    1.57090e-03     6.66145e+02
    1.58122e-03     6.70063e+02
    1.59160e-03     6.74004e+02
    1.60206e-03     6.77968e+02
    1.61259e-03     6.81949e+02
    1.62318e-03     6.85953e+02
    1.63385e-03     6.89980e+02
    1.64458e-03     6.94024e+02
    1.65539e-03     6.98091e+02
    1.66626e-03     7.02170e+02
    1.67721e-03     7.06283e+02
    1.68823e-03     7.10407e+02
    1.69932e-03     7.14560e+02
    1.71048e-03     7.18725e+02
    1.72172e-03     7.22918e+02
    1.73303e-03     7.27128e+02
    1.74442e-03     7.31367e+02
    1.75588e-03     7.35617e+02
    1.76742e-03     7.39896e+02
    1.77903e-03     7.44192e+02
    1.79072e-03     7.48517e+02
    1.80248e-03     7.52854e+02
    1.81432e-03     7.57213e+02
    1.82624e-03     7.61601e+02
    1.83824e-03     7.66006e+02
    1.85032e-03     7.70434e+02
    1.86248e-03     7.74884e+02
    1.87471e-03     7.79352e+02
    1.88703e-03     7.83849e+02
    1.89943e-03     7.88363e+02
    1.91191e-03     7.92900e+02
    1.92447e-03     7.97459e+02
    1.93711e-03     8.02042e+02
    1.94984e-03     8.06648e+02
    1.96265e-03     8.11270e+02
    1.97554e-03     8.15916e+02
    1.98852e-03     8.20590e+02
    2.00159e-03     8.25287e+02
    2.01474e-03     8.30002e+02
    2.02797e-03     8.34739e+02
    2.04130e-03     8.39499e+02
    2.05471e-03     8.44282e+02
    2.06821e-03     8.49088e+02
    2.08180e-03     8.53923e+02
    2.09547e-03     8.58769e+02
    2.10924e-03     8.63644e+02
    2.12310e-03     8.68541e+02
    2.13705e-03     8.73462e+02
    2.15109e-03     8.78405e+02
    2.16522e-03     8.83372e+02
    2.17945e-03     8.88361e+02
    2.19377e-03     8.93379e+02
    2.20818e-03     8.98409e+02
    2.22269e-03     9.03472e+02
    2.23729e-03     9.08553e+02
    2.25199e-03     9.13657e+02
    2.26678e-03     9.18784e+02
    2.28168e-03     9.23934e+02
    2.29667e-03     9.29106e+02
    2.31176e-03     9.34308e+02
    2.32694e-03     9.39520e+02
    2.34223e-03     9.44767e+02
    2.35762e-03     9.50032e+02
    2.37311e-03     9.55325e+02
    2.38870e-03     9.60635e+02
    2.40440e-03     9.65973e+02
    2.42019e-03     9.71335e+02
    2.43609e-03     9.76714e+02
    2.45210e-03     9.82121e+02
    2.46821e-03     9.87557e+02
    2.48442e-03     9.93005e+02
    2.50075e-03     9.98487e+02
    2.51718e-03     1.00399e+03
    2.53371e-03     1.00951e+03
    2.55036e-03     1.01506e+03
    2.56712e-03     1.02063e+03
    2.58398e-03     1.02622e+03
    2.60096e-03     1.03184e+03
    2.61805e-03     1.03748e+03
    2.63525e-03     1.04315e+03
    2.65256e-03     1.04883e+03
    2.66999e-03     1.05455e+03
    2.68753e-03     1.06028e+03
    2.70519e-03     1.06604e+03
    2.72296e-03     1.07183e+03
    2.74085e-03     1.07763e+03
    2.75886e-03     1.08346e+03
    2.77698e-03     1.08931e+03
    2.79523e-03     1.09519e+03
    2.81359e-03     1.10109e+03
    2.83208e-03     1.10701e+03
    2.85069e-03     1.11295e+03
    2.86942e-03     1.11893e+03
    2.88827e-03     1.12492e+03
    2.90724e-03     1.13093e+03
    2.92634e-03     1.13697e+03
    2.94557e-03     1.14303e+03
    2.96492e-03     1.14912e+03
    2.98440e-03     1.15522e+03
    3.00401e-03     1.16135e+03
    3.02375e-03     1.16751e+03
    3.04361e-03     1.17369e+03
    3.06361e-03     1.17989e+03
    3.08374e-03     1.18612e+03
    3.10400e-03     1.19236e+03
    3.12439e-03     1.19863e+03
    3.14492e-03     1.20492e+03
    3.16558e-03     1.21123e+03
    3.18638e-03     1.21757e+03
    3.20731e-03     1.22393e+03
    3.22838e-03     1.23031e+03
    3.24959e-03     1.23671e+03
    3.27094e-03     1.24314e+03
    3.29243e-03     1.24959e+03
    3.31406e-03     1.25606e+03
    3.33584e-03     1.26256e+03
    3.35775e-03     1.26907e+03
    3.37981e-03     1.27561e+03
    3.40202e-03     1.28217e+03
    3.42437e-03     1.28875e+03
    3.44687e-03     1.29536e+03
    3.46952e-03     1.30199e+03
    3.49231e-03     1.30863e+03
    3.51525e-03     1.31530e+03
    3.53835e-03     1.32199e+03
    3.56160e-03     1.32870e+03
    3.58500e-03     1.33543e+03
    3.60855e-03     1.34219e+03
    3.63226e-03     1.34896e+03
    3.65612e-03     1.35576e+03
    3.68014e-03     1.36258e+03
    3.70432e-03     1.36941e+03
    3.72866e-03     1.37627e+03
    3.75316e-03     1.38315e+03
    3.77781e-03     1.39005e+03
    3.80263e-03     1.39696e+03
    3.82762e-03     1.40391e+03
    3.85276e-03     1.41086e+03
    3.87808e-03     1.41784e+03
    3.90356e-03     1.42484e+03
    3.92920e-03     1.43185e+03
    3.95502e-03     1.43889e+03
    3.98100e-03     1.44595e+03
    4.00716e-03     1.45302e+03
    4.03348e-03     1.46012e+03
    4.05998e-03     1.46723e+03
    4.08666e-03     1.47436e+03
    4.11351e-03     1.48151e+03
    4.14053e-03     1.48867e+03
    4.16774e-03     1.49586e+03
    4.19512e-03     1.50307e+03
    4.22268e-03     1.51028e+03
    4.25042e-03     1.51752e+03
    4.27835e-03     1.52478e+03
    4.30646e-03     1.53205e+03
    4.33475e-03     1.53934e+03
    4.36323e-03     1.54665e+03
    4.39190e-03     1.55397e+03
    4.42075e-03     1.56130e+03
    4.44979e-03     1.56866e+03
    4.47903e-03     1.57603e+03
    4.50846e-03     1.58342e+03
    4.53808e-03     1.59082e+03
    4.56789e-03     1.59823e+03
    4.59790e-03     1.60567e+03
    4.62811e-03     1.61311e+03
    4.65852e-03     1.62058e+03
    4.68913e-03     1.62805e+03
    4.71993e-03     1.63554e+03
    4.75094e-03     1.64304e+03
    4.78216e-03     1.65056e+03
    4.81358e-03     1.65809e+03
    4.84520e-03     1.66563e+03
    4.87703e-03     1.67318e+03
    4.90908e-03     1.68076e+03
    4.94133e-03     1.68834e+03
    4.97379e-03     1.69593e+03
    5.00647e-03     1.70353e+03
    5.03936e-03     1.71115e+03
    5.07247e-03     1.71878e+03
    5.10580e-03     1.72641e+03
    5.13934e-03     1.73406e+03
    5.17311e-03     1.74172e+03
    5.20709e-03     1.74938e+03
    5.24131e-03     1.75706e+03
    5.27574e-03     1.76474e+03
    5.31040e-03     1.77244e+03
    5.34529e-03     1.78014e+03
    5.38041e-03     1.78785e+03
    5.41576e-03     1.79557e+03
    5.45134e-03     1.80330e+03
    5.48716e-03     1.81103e+03
    5.52321e-03     1.81877e+03
    5.55949e-03     1.82652e+03
    5.59602e-03     1.83427e+03
    5.63279e-03     1.84204e+03
    5.66979e-03     1.84980e+03
    5.70704e-03     1.85757e+03
    5.74454e-03     1.86534e+03
    5.78228e-03     1.87312e+03
    5.82027e-03     1.88090e+03
    5.85851e-03     1.88869e+03
    5.89700e-03     1.89648e+03
    5.93574e-03     1.90427e+03
    5.97474e-03     1.91206e+03
    6.01399e-03     1.91986e+03
    6.05351e-03     1.92766e+03
    6.09328e-03     1.93545e+03
    6.13331e-03     1.94325e+03
    6.17361e-03     1.95105e+03
    6.21417e-03     1.95885e+03
    6.25499e-03     1.96664e+03
    6.29609e-03     1.97444e+03
    6.33745e-03     1.98224e+03
    6.37909e-03     1.99003e+03
    6.42100e-03     1.99781e+03
    6.46319e-03     2.00560e+03
    6.50565e-03     2.01338e+03
    6.54839e-03     2.02116e+03
    6.59142e-03     2.02893e+03
    6.63472e-03     2.03669e+03
    6.67831e-03     2.04446e+03
    6.72219e-03     2.05222e+03
    6.76635e-03     2.05996e+03
    6.81081e-03     2.06771e+03
    6.85556e-03     2.07543e+03
    6.90060e-03     2.08316e+03
    6.94593e-03     2.09087e+03
    6.99157e-03     2.09858e+03
    7.03750e-03     2.10627e+03
    7.08374e-03     2.11396e+03
    7.13028e-03     2.12164e+03
    7.17712e-03     2.12930e+03
    7.22428e-03     2.13695e+03
    7.27174e-03     2.14459e+03
    7.31952e-03     2.15221e+03
    7.36761e-03     2.15982e+03
    7.41601e-03     2.16741e+03
    7.46473e-03     2.17499e+03
    7.51378e-03     2.18255e+03
    7.56314e-03     2.19010e+03
    7.61283e-03     2.19763e+03
    7.66285e-03     2.20514e+03
    7.71319e-03     2.21264e+03
    7.76387e-03     2.22011e+03
    7.81488e-03     2.22756e+03
    7.86622e-03     2.23499e+03
    7.91790e-03     2.24241e+03
    7.96992e-03     2.24980e+03
    8.02229e-03     2.25717e+03
    8.07499e-03     2.26451e+03
    8.12805e-03     2.27184e+03
    8.18145e-03     2.27913e+03
    8.23520e-03     2.28641e+03
    8.28930e-03     2.29365e+03
    8.34376e-03     2.30087e+03
    8.39858e-03     2.30806e+03
    8.45376e-03     2.31522e+03
    8.50930e-03     2.32236e+03
    8.56521e-03     2.32946e+03
    8.62148e-03     2.33654e+03
    8.67812e-03     2.34358e+03
    8.73514e-03     2.35059e+03
    8.79253e-03     2.35757e+03
    8.85030e-03     2.36452e+03
    8.90844e-03     2.37142e+03
    8.96697e-03     2.37830e+03
    9.02588e-03     2.38514e+03
    9.08518e-03     2.39194e+03
    9.14487e-03     2.39871e+03
    9.20496e-03     2.40543e+03
    9.26543e-03     2.41212e+03
    9.32631e-03     2.41877e+03
    9.38758e-03     2.42537e+03
    9.44926e-03     2.43194e+03
    9.51134e-03     2.43847e+03
    9.57383e-03     2.44495e+03
    9.63673e-03     2.45138e+03
    9.70004e-03     2.45777e+03
    9.76377e-03     2.46411e+03
    9.82792e-03     2.47041e+03
    9.89249e-03     2.47666e+03
    9.95748e-03     2.48286e+03
    1.00229e-02     2.48902e+03
    1.00888e-02     2.49513e+03
    1.01550e-02     2.50116e+03
    1.02218e-02     2.50718e+03
    1.02889e-02     2.51311e+03
    1.03565e-02     2.51901e+03
    1.04246e-02     2.52485e+03
    1.04930e-02     2.53062e+03
    1.05620e-02     2.53635e+03
    1.06314e-02     2.54202e+03
    1.07012e-02     2.54762e+03
    1.07715e-02     2.55316e+03
    1.08423e-02     2.55866e+03
    1.09135e-02     2.56408e+03
    1.09852e-02     2.56944e+03
    1.10574e-02     2.57475e+03
    1.11301e-02     2.57999e+03
    1.12032e-02     2.58515e+03
    1.12768e-02     2.59026e+03
    1.13509e-02     2.59529e+03
    1.14254e-02     2.60024e+03
    1.15005e-02     2.60514e+03
    1.15761e-02     2.60997e+03
    1.16521e-02     2.61471e+03
    1.17287e-02     2.61940e+03
    1.18057e-02     2.62399e+03
    1.18833e-02     2.62853e+03
    1.19614e-02     2.63299e+03
    1.20400e-02     2.63737e+03
    1.21191e-02     2.64167e+03
    1.21987e-02     2.64590e+03
    1.22788e-02     2.65003e+03
    1.23595e-02     2.65410e+03
    1.24407e-02     2.65807e+03
    1.25224e-02     2.66196e+03
    1.26047e-02     2.66579e+03
    1.26875e-02     2.66951e+03
    1.27709e-02     2.67316e+03
    1.28548e-02     2.67672e+03
    1.29392e-02     2.68018e+03
    1.30242e-02     2.68355e+03
    1.31098e-02     2.68685e+03
    1.31959e-02     2.69004e+03
    1.32826e-02     2.69313e+03
    1.33699e-02     2.69616e+03
    1.34578e-02     2.69908e+03
    1.35462e-02     2.70190e+03
    1.36352e-02     2.70462e+03
    1.37248e-02     2.70726e+03
    1.38149e-02     2.70976e+03
    1.39057e-02     2.71220e+03
    1.39970e-02     2.71451e+03
    1.40890e-02     2.71674e+03
    1.41816e-02     2.71887e+03
    1.42747e-02     2.72087e+03
    1.43685e-02     2.72278e+03
    1.44629e-02     2.72459e+03
    1.45580e-02     2.72630e+03
    1.46536e-02     2.72788e+03
    1.47499e-02     2.72936e+03
    1.48468e-02     2.73074e+03
    1.49443e-02     2.73198e+03
    1.50425e-02     2.73314e+03
    1.51413e-02     2.73416e+03
    1.52408e-02     2.73509e+03
    1.53409e-02     2.73588e+03
    1.54417e-02     2.73658e+03
    1.55432e-02     2.73715e+03
    1.56453e-02     2.73760e+03
    1.57481e-02     2.73795e+03
    1.58516e-02     2.73816e+03
    1.59557e-02     2.73825e+03
    1.60605e-02     2.73822e+03
    1.61661e-02     2.73808e+03
    1.62723e-02     2.73781e+03
    1.63792e-02     2.73741e+03
    1.64868e-02     2.73689e+03
    1.65951e-02     2.73624e+03
    1.67041e-02     2.73547e+03
    1.68139e-02     2.73458e+03
    1.69243e-02     2.73354e+03
    1.70355e-02     2.73238e+03
    1.71475e-02     2.73110e+03
    1.72601e-02     2.72968e+03
    1.73735e-02     2.72813e+03
    1.74877e-02     2.72647e+03
    1.76026e-02     2.72465e+03
    1.77182e-02     2.72270e+03
    1.78346e-02     2.72062e+03
    1.79518e-02     2.71841e+03
    1.80697e-02     2.71607e+03
    1.81884e-02     2.71357e+03
    1.83079e-02     2.71096e+03
    1.84282e-02     2.70820e+03
    1.85493e-02     2.70531e+03
    1.86712e-02     2.70229e+03
    1.87938e-02     2.69910e+03
    1.89173e-02     2.69580e+03
    1.90416e-02     2.69236e+03
    1.91667e-02     2.68878e+03
    1.92926e-02     2.68505e+03
    1.94194e-02     2.68119e+03
    1.95470e-02     2.67719e+03
    1.96754e-02     2.67303e+03
    1.98047e-02     2.66876e+03
    1.99348e-02     2.66433e+03
    2.00657e-02     2.65976e+03
    2.01976e-02     2.65508e+03
    2.03303e-02     2.65022e+03
    2.04638e-02     2.64523e+03
    2.05983e-02     2.64011e+03
    2.07336e-02     2.63484e+03
    2.08698e-02     2.62944e+03
    2.10070e-02     2.62390e+03
    2.11450e-02     2.61821e+03
    2.12839e-02     2.61239e+03
    2.14237e-02     2.60643e+03
    2.15645e-02     2.60032e+03
    2.17062e-02     2.59409e+03
    2.18488e-02     2.58771e+03
    2.19923e-02     2.58119e+03
    2.21368e-02     2.57453e+03
    2.22822e-02     2.56774e+03
    2.24286e-02     2.56081e+03
    2.25760e-02     2.55376e+03
    2.27243e-02     2.54655e+03
    2.28736e-02     2.53922e+03
    2.30239e-02     2.53176e+03
    2.31752e-02     2.52417e+03
    2.33274e-02     2.51644e+03
    2.34807e-02     2.50858e+03
    2.36350e-02     2.50060e+03
    2.37902e-02     2.49248e+03
    2.39465e-02     2.48423e+03
    2.41039e-02     2.47587e+03
    2.42622e-02     2.46738e+03
    2.44216e-02     2.45876e+03
    2.45821e-02     2.45003e+03
    2.47436e-02     2.44117e+03
    2.49061e-02     2.43218e+03
    2.50698e-02     2.42310e+03
    2.52345e-02     2.41389e+03
    2.54003e-02     2.40457e+03
    2.55672e-02     2.39513e+03
    2.57351e-02     2.38558e+03
    2.59042e-02     2.37592e+03
    2.60744e-02     2.36617e+03
    2.62457e-02     2.35630e+03
    2.64182e-02     2.34633e+03
    2.65917e-02     2.33625e+03
    2.67664e-02     2.32608e+03
    2.69423e-02     2.31582e+03
    2.71193e-02     2.30545e+03
    2.72975e-02     2.29500e+03
    2.74768e-02     2.28445e+03
    2.76573e-02     2.27381e+03
    2.78390e-02     2.26310e+03
    2.80219e-02     2.25231e+03
    2.82060e-02     2.24142e+03
    2.83914e-02     2.23046e+03
    2.85779e-02     2.21943e+03
    2.87656e-02     2.20832e+03
    2.89546e-02     2.19715e+03
    2.91449e-02     2.18591e+03
    2.93364e-02     2.17461e+03
    2.95291e-02     2.16323e+03
    2.97231e-02     2.15180e+03
    2.99184e-02     2.14032e+03
    3.01149e-02     2.12880e+03
    3.03128e-02     2.11721e+03
    3.05119e-02     2.10558e+03
    3.07124e-02     2.09391e+03
    3.09142e-02     2.08220e+03
    3.11173e-02     2.07046e+03
    3.13217e-02     2.05867e+03
    3.15275e-02     2.04686e+03
    3.17347e-02     2.03502e+03
    3.19432e-02     2.02316e+03
    3.21530e-02     2.01127e+03
    3.23643e-02     1.99939e+03
    3.25769e-02     1.98747e+03
    3.27909e-02     1.97556e+03
    3.30064e-02     1.96362e+03
    3.32232e-02     1.95169e+03
    3.34415e-02     1.93977e+03
    3.36612e-02     1.92784e+03
    3.38824e-02     1.91592e+03
    3.41050e-02     1.90402e+03
    3.43290e-02     1.89212e+03
    3.45546e-02     1.88025e+03
    3.47816e-02     1.86840e+03
    3.50101e-02     1.85656e+03
    3.52401e-02     1.84477e+03
    3.54717e-02     1.83301e+03
    3.57047e-02     1.82127e+03
    3.59393e-02     1.80957e+03
    3.61754e-02     1.79792e+03
    3.64131e-02     1.78631e+03
    3.66523e-02     1.77475e+03
    3.68931e-02     1.76325e+03
    3.71355e-02     1.75179e+03
    3.73795e-02     1.74041e+03
    3.76251e-02     1.72908e+03
    3.78723e-02     1.71781e+03
    3.81211e-02     1.70662e+03
    3.83715e-02     1.69549e+03
    3.86236e-02     1.68443e+03
    3.88774e-02     1.67345e+03
    3.91328e-02     1.66256e+03
    3.93899e-02     1.65174e+03
    3.96487e-02     1.64101e+03
    3.99092e-02     1.63037e+03
    4.01714e-02     1.61981e+03
    4.04353e-02     1.60935e+03
    4.07010e-02     1.59899e+03
    4.09684e-02     1.58873e+03
    4.12376e-02     1.57858e+03
    4.15085e-02     1.56851e+03
    4.17812e-02     1.55855e+03
    4.20557e-02     1.54870e+03
    4.23320e-02     1.53896e+03
    4.26101e-02     1.52932e+03
    4.28901e-02     1.51980e+03
    4.31719e-02     1.51039e+03
    4.34555e-02     1.50110e+03
    4.37410e-02     1.49192e+03
    4.40284e-02     1.48285e+03
    4.43177e-02     1.47390e+03
    4.46088e-02     1.46506e+03
    4.49019e-02     1.45635e+03
    4.51969e-02     1.44776e+03
    4.54939e-02     1.43929e+03
    4.57927e-02     1.43093e+03
    4.60936e-02     1.42271e+03
    4.63964e-02     1.41460e+03
    4.67013e-02     1.40661e+03
    4.70081e-02     1.39874e+03
    4.73169e-02     1.39099e+03
    4.76278e-02     1.38335e+03
    4.79407e-02     1.37584e+03
    4.82557e-02     1.36844e+03
    4.85727e-02     1.36115e+03
    4.88919e-02     1.35398e+03
    4.92131e-02     1.34692e+03
    4.95364e-02     1.33998e+03
    4.98619e-02     1.33314e+03
    5.01894e-02     1.32642e+03
    5.05192e-02     1.31980e+03
    5.08511e-02     1.31329e+03
    5.11852e-02     1.30687e+03
    5.15215e-02     1.30055e+03
    5.18600e-02     1.29433e+03
    5.22007e-02     1.28818e+03
    5.25437e-02     1.28213e+03
    5.28889e-02     1.27616e+03
    5.32363e-02     1.27028e+03
    5.35861e-02     1.26446e+03
    5.39382e-02     1.25872e+03
    5.42925e-02     1.25306e+03
    5.46492e-02     1.24745e+03
    5.50083e-02     1.24190e+03
    5.53697e-02     1.23641e+03
    5.57335e-02     1.23097e+03
    5.60996e-02     1.22557e+03
    5.64682e-02     1.22020e+03
    5.68392e-02     1.21488e+03
    5.72126e-02     1.20959e+03
    5.75885e-02     1.20432e+03
    5.79669e-02     1.19906e+03
    5.83477e-02     1.19383e+03
    5.87311e-02     1.18860e+03
    5.91169e-02     1.18337e+03
    5.95053e-02     1.17814e+03
    5.98963e-02     1.17289e+03
    6.02898e-02     1.16763e+03
    6.06859e-02     1.16234e+03
    6.10846e-02     1.15702e+03
    6.14859e-02     1.15168e+03
    6.18899e-02     1.14628e+03
    6.22965e-02     1.14085e+03
    6.27058e-02     1.13535e+03
    6.31178e-02     1.12981e+03
    6.35325e-02     1.12419e+03
    6.39499e-02     1.11851e+03
    6.43700e-02     1.11275e+03
    6.47929e-02     1.10692e+03
    6.52186e-02     1.10099e+03
    6.56471e-02     1.09498e+03
    6.60784e-02     1.08887e+03
    6.65125e-02     1.08266e+03
    6.69495e-02     1.07634e+03
    6.73894e-02     1.06992e+03
    6.78321e-02     1.06338e+03
    6.82778e-02     1.05674e+03
    6.87264e-02     1.04997e+03
    6.91779e-02     1.04308e+03
    6.96324e-02     1.03607e+03
    7.00899e-02     1.02893e+03
    7.05504e-02     1.02167e+03
    7.10139e-02     1.01428e+03
    7.14805e-02     1.00675e+03
    7.19501e-02     9.99117e+02
    7.24228e-02     9.91350e+02
    7.28986e-02     9.83450e+02
    7.33775e-02     9.75448e+02
    7.38596e-02     9.67308e+02
    7.43449e-02     9.59065e+02
    7.48333e-02     9.50696e+02
    7.53250e-02     9.42207e+02
    7.58199e-02     9.33626e+02
    7.63180e-02     9.24936e+02
    7.68194e-02     9.16143e+02
    7.73241e-02     9.07264e+02
    7.78321e-02     8.98288e+02
    7.83435e-02     8.89226e+02
    7.88582e-02     8.80084e+02
    7.93763e-02     8.70867e+02
    7.98978e-02     8.61599e+02
    8.04227e-02     8.52267e+02
    8.09511e-02     8.42885e+02
    8.14830e-02     8.33479e+02
    8.20183e-02     8.24039e+02
    8.25572e-02     8.14576e+02
    8.30996e-02     8.05101e+02
    8.36455e-02     7.95638e+02
    8.41951e-02     7.86175e+02
    8.47483e-02     7.76735e+02
    8.53050e-02     7.67323e+02
    8.58655e-02     7.57957e+02
    8.64296e-02     7.48649e+02
    8.69975e-02     7.39392e+02
    8.75691e-02     7.30210e+02
    8.81444e-02     7.21096e+02
    8.87235e-02     7.12091e+02
    8.93064e-02     7.03178e+02
    8.98931e-02     6.94379e+02
    9.04837e-02     6.85707e+02
    9.10782e-02     6.77166e+02
    9.16766e-02     6.68763e+02
    9.22789e-02     6.60514e+02
    9.28852e-02     6.52414e+02
    9.34954e-02     6.44475e+02
    9.41097e-02     6.36702e+02
    9.47280e-02     6.29100e+02
    9.53504e-02     6.21671e+02
    9.59768e-02     6.14430e+02
    9.66074e-02     6.07367e+02
    9.72421e-02     6.00510e+02
    9.78810e-02     5.93849e+02
    9.85241e-02     5.87393e+02
    9.91714e-02     5.81155e+02
    9.98229e-02     5.75111e+02
    1.00479e-01     5.69281e+02
    1.01139e-01     5.63643e+02
    1.01803e-01     5.58201e+02
    1.02472e-01     5.52966e+02
    1.03145e-01     5.47915e+02
    1.03823e-01     5.43060e+02
    1.04505e-01     5.38388e+02
    1.05192e-01     5.33902e+02
    1.05883e-01     5.29598e+02
    1.06579e-01     5.25469e+02
    1.07279e-01     5.21512e+02
    1.07984e-01     5.17721e+02
    1.08693e-01     5.14064e+02
    1.09407e-01     5.10555e+02
    1.10126e-01     5.07175e+02
    1.10850e-01     5.03914e+02
    1.11578e-01     5.00749e+02
    1.12311e-01     4.97686e+02
    1.13049e-01     4.94696e+02
    1.13792e-01     4.91798e+02
    1.14539e-01     4.88941e+02
    1.15292e-01     4.86153e+02
    1.16049e-01     4.83387e+02
    1.16812e-01     4.80653e+02
    1.17579e-01     4.77914e+02
    1.18351e-01     4.75175e+02
    1.19129e-01     4.72420e+02
    1.19912e-01     4.69637e+02
    1.20700e-01     4.66807e+02
    1.21493e-01     4.63910e+02
    1.22291e-01     4.60943e+02
    1.23094e-01     4.57896e+02
    1.23903e-01     4.54765e+02
    1.24717e-01     4.51538e+02
    1.25536e-01     4.48208e+02
    1.26361e-01     4.44770e+02
    1.27191e-01     4.41215e+02
    1.28027e-01     4.37536e+02
    1.28868e-01     4.33727e+02
    1.29715e-01     4.29781e+02
    1.30567e-01     4.25700e+02
    1.31425e-01     4.21491e+02
    1.32288e-01     4.17154e+02
    1.33157e-01     4.12698e+02
    1.34032e-01     4.08126e+02
    1.34913e-01     4.03444e+02
    1.35799e-01     3.98654e+02
    1.36691e-01     3.93760e+02
    1.37589e-01     3.88774e+02
    1.38493e-01     3.83707e+02
    1.39403e-01     3.78574e+02
    1.40319e-01     3.73389e+02
    1.41241e-01     3.68167e+02
    1.42169e-01     3.62921e+02
    1.43103e-01     3.57666e+02
    1.44043e-01     3.52413e+02
    1.44990e-01     3.47181e+02
    1.45942e-01     3.41977e+02
    1.46901e-01     3.36822e+02
    1.47866e-01     3.31727e+02
    1.48838e-01     3.26709e+02
    1.49816e-01     3.21780e+02
    1.50800e-01     3.16954e+02
    1.51791e-01     3.12244e+02
    1.52788e-01     3.07662e+02
    1.53792e-01     3.03215e+02
    1.54802e-01     2.98909e+02
    1.55819e-01     2.94752e+02
    1.56843e-01     2.90748e+02
    1.57873e-01     2.86904e+02
    1.58911e-01     2.83226e+02
    1.59955e-01     2.79719e+02
    1.61006e-01     2.76382e+02
    1.62063e-01     2.73210e+02
    1.63128e-01     2.70199e+02
    1.64200e-01     2.67342e+02
    1.65279e-01     2.64635e+02
    1.66364e-01     2.62071e+02
    1.67458e-01     2.59651e+02
    1.68558e-01     2.57359e+02
    1.69665e-01     2.55185e+02
    1.70780e-01     2.53116e+02
    1.71902e-01     2.51137e+02
    1.73031e-01     2.49236e+02
    1.74168e-01     2.47398e+02
    1.75312e-01     2.45612e+02
    1.76464e-01     2.43863e+02
    1.77624e-01     2.42136e+02
    1.78790e-01     2.40415e+02
    1.79965e-01     2.38690e+02
    1.81148e-01     2.36943e+02
    1.82338e-01     2.35159e+02
    1.83536e-01     2.33327e+02
    1.84741e-01     2.31437e+02
    1.85955e-01     2.29483e+02
    1.87177e-01     2.27457e+02
    1.88407e-01     2.25351e+02
    1.89644e-01     2.23158e+02
    1.90890e-01     2.20871e+02
    1.92145e-01     2.18495e+02
    1.93407e-01     2.16031e+02
    1.94678e-01     2.13483e+02
    1.95957e-01     2.10857e+02
    1.97244e-01     2.08156e+02
    1.98540e-01     2.05388e+02
    1.99844e-01     2.02560e+02
    2.01157e-01     1.99688e+02
    2.02479e-01     1.96783e+02
    2.03809e-01     1.93857e+02
    2.05148e-01     1.90924e+02
    2.06496e-01     1.87995e+02
    2.07853e-01     1.85084e+02
    2.09218e-01     1.82204e+02
    2.10593e-01     1.79368e+02
    2.11977e-01     1.76590e+02
    2.13369e-01     1.73881e+02
    2.14771e-01     1.71252e+02
    2.16182e-01     1.68709e+02
    2.17602e-01     1.66257e+02
    2.19032e-01     1.63903e+02
    2.20471e-01     1.61653e+02
    2.21920e-01     1.59512e+02
    2.23378e-01     1.57476e+02
    2.24845e-01     1.55542e+02
    2.26322e-01     1.53706e+02
    2.27809e-01     1.51968e+02
    2.29306e-01     1.50323e+02
    2.30813e-01     1.48761e+02
    2.32329e-01     1.47272e+02
    2.33855e-01     1.45846e+02
    2.35392e-01     1.44473e+02
    2.36938e-01     1.43142e+02
    2.38495e-01     1.41841e+02
    2.40062e-01     1.40561e+02
    2.41639e-01     1.39288e+02
    2.43227e-01     1.38013e+02
    2.44825e-01     1.36722e+02
    2.46433e-01     1.35410e+02
    2.48052e-01     1.34068e+02
    2.49682e-01     1.32693e+02
    2.51322e-01     1.31274e+02
    2.52974e-01     1.29810e+02
    2.54636e-01     1.28302e+02
    2.56309e-01     1.26748e+02
    2.57993e-01     1.25153e+02
    2.59688e-01     1.23518e+02
    2.61394e-01     1.21847e+02
    2.63111e-01     1.20150e+02
    2.64840e-01     1.18435e+02
    2.66580e-01     1.16709e+02
    2.68331e-01     1.14981e+02
    2.70094e-01     1.13260e+02
    2.71869e-01     1.11556e+02
    2.73655e-01     1.09877e+02
    2.75453e-01     1.08233e+02
    2.77262e-01     1.06629e+02
    2.79084e-01     1.05071e+02
    2.80918e-01     1.03566e+02
    2.82763e-01     1.02117e+02
    2.84621e-01     1.00727e+02
    2.86491e-01     9.93944e+01
    2.88373e-01     9.81193e+01
    2.90268e-01     9.69009e+01
    2.92175e-01     9.57335e+01
    2.94094e-01     9.46142e+01
    2.96027e-01     9.35356e+01
    2.97972e-01     9.24919e+01
    2.99929e-01     9.14763e+01
    3.01900e-01     9.04824e+01
    3.03883e-01     8.95012e+01
    3.05880e-01     8.85256e+01
    3.07889e-01     8.75507e+01
    3.09912e-01     8.65706e+01
    3.11948e-01     8.55796e+01
    3.13998e-01     8.45743e+01
    3.16061e-01     8.35529e+01
    3.18137e-01     8.25150e+01
    3.20227e-01     8.14587e+01
    3.22331e-01     8.03858e+01
    3.24449e-01     7.93003e+01
    3.26581e-01     7.82062e+01
    3.28726e-01     7.71058e+01
    3.30886e-01     7.60060e+01
    3.33060e-01     7.49102e+01
    3.35248e-01     7.38252e+01
    3.37451e-01     7.27552e+01
    3.39668e-01     7.17046e+01
    3.41899e-01     7.06781e+01
    3.44146e-01     6.96791e+01
    3.46407e-01     6.87093e+01
    3.48683e-01     6.77699e+01
    3.50973e-01     6.68614e+01
    3.53279e-01     6.59832e+01
    3.55600e-01     6.51337e+01
    3.57937e-01     6.43106e+01
    3.60288e-01     6.35098e+01
    3.62655e-01     6.27279e+01
    3.65038e-01     6.19614e+01
    3.67436e-01     6.12064e+01
    3.69850e-01     6.04589e+01
    3.72280e-01     5.97154e+01
    3.74726e-01     5.89724e+01
    3.77188e-01     5.82283e+01
    3.79666e-01     5.74814e+01
    3.82161e-01     5.67310e+01
    3.84672e-01     5.59768e+01
    3.87199e-01     5.52200e+01
    3.89743e-01     5.44614e+01
    3.92303e-01     5.37033e+01
    3.94881e-01     5.29487e+01
    3.97475e-01     5.22001e+01
    4.00086e-01     5.14599e+01
    4.02715e-01     5.07304e+01
    4.05361e-01     5.00146e+01
    4.08024e-01     4.93124e+01
    4.10705e-01     4.86266e+01
    4.13403e-01     4.79580e+01
    4.16119e-01     4.73056e+01
    4.18853e-01     4.66691e+01
    4.21605e-01     4.60480e+01
    4.24375e-01     4.54400e+01
    4.27163e-01     4.48434e+01
    4.29970e-01     4.42573e+01
    4.32794e-01     4.36783e+01
    4.35638e-01     4.31059e+01
    4.38500e-01     4.25376e+01
    4.41381e-01     4.19722e+01
    4.44281e-01     4.14094e+01
    4.47200e-01     4.08486e+01
    4.50138e-01     4.02898e+01
    4.53095e-01     3.97331e+01
    4.56072e-01     3.91801e+01
    4.59068e-01     3.86313e+01
    4.62085e-01     3.80878e+01
    4.65120e-01     3.75509e+01
    4.68176e-01     3.70217e+01
    4.71252e-01     3.65013e+01
    4.74348e-01     3.59900e+01
    4.77465e-01     3.54884e+01
    4.80602e-01     3.49968e+01
    4.83759e-01     3.45146e+01
    4.86938e-01     3.40410e+01
    4.90137e-01     3.35762e+01
    4.93357e-01     3.31179e+01
    4.96598e-01     3.26664e+01
    4.99861e-01     3.22204e+01
    5.03145e-01     3.17793e+01
    5.06451e-01     3.13421e+01
    5.09778e-01     3.09089e+01
    5.13127e-01     3.04797e+01
    5.16499e-01     3.00540e+01
    5.19892e-01     2.96322e+01
    5.23308e-01     2.92144e+01
    5.26746e-01     2.88020e+01
    5.30206e-01     2.83945e+01
    5.33690e-01     2.79924e+01
    5.37196e-01     2.75970e+01
    5.40726e-01     2.72074e+01
    5.44278e-01     2.68244e+01
    5.47854e-01     2.64472e+01
    5.51453e-01     2.60766e+01
    5.55077e-01     2.57112e+01
    5.58723e-01     2.53510e+01
    5.62394e-01     2.49961e+01
    5.66089e-01     2.46458e+01
    5.69808e-01     2.42997e+01
    5.73552e-01     2.39575e+01
    5.77320e-01     2.36190e+01
    5.81113e-01     2.32844e+01
    5.84931e-01     2.29535e+01
    5.88774e-01     2.26269e+01
    5.92642e-01     2.23045e+01
    5.96536e-01     2.19863e+01
    6.00455e-01     2.16722e+01
    6.04400e-01     2.13631e+01
    6.08371e-01     2.10583e+01
    6.12368e-01     2.07581e+01
    6.16391e-01     2.04623e+01
    6.20441e-01     2.01707e+01
    6.24517e-01     1.98833e+01
    6.28620e-01     1.95996e+01
    6.32750e-01     1.93198e+01
    6.36908e-01     1.90438e+01
    6.41092e-01     1.87712e+01
    6.45304e-01     1.85019e+01
    6.49544e-01     1.82361e+01
    6.53811e-01     1.79739e+01
    6.58107e-01     1.77152e+01
    6.62430e-01     1.74600e+01
    6.66783e-01     1.72084e+01
    6.71163e-01     1.69602e+01
    6.75573e-01     1.67155e+01
    6.80011e-01     1.64743e+01
    6.84479e-01     1.62366e+01
    6.88976e-01     1.60023e+01
    6.93503e-01     1.57712e+01
    6.98059e-01     1.55431e+01
    7.02645e-01     1.53182e+01
    7.07262e-01     1.50964e+01
    7.11908e-01     1.48773e+01
    7.16586e-01     1.46613e+01
    7.21294e-01     1.44484e+01
    7.26032e-01     1.42383e+01
    7.30802e-01     1.40310e+01
    7.35604e-01     1.38268e+01
    7.40437e-01     1.36253e+01
    7.45301e-01     1.34267e+01
    7.50198e-01     1.32308e+01
    7.55127e-01     1.30378e+01
    7.60088e-01     1.28475e+01
    7.65082e-01     1.26597e+01
    7.70108e-01     1.24746e+01
    7.75168e-01     1.22920e+01
    7.80261e-01     1.21119e+01
    7.85387e-01     1.19344e+01
    7.90547e-01     1.17593e+01
    7.95741e-01     1.15866e+01
    8.00969e-01     1.14164e+01
    8.06231e-01     1.12485e+01
    8.11528e-01     1.10830e+01
    8.16860e-01     1.09200e+01
    8.22227e-01     1.07591e+01
    8.27629e-01     1.06005e+01
    8.33066e-01     1.04441e+01
    8.38540e-01     1.02900e+01
    8.44049e-01     1.01380e+01
    8.49594e-01     9.98813e+00
    8.55176e-01     9.84046e+00
    8.60795e-01     9.69485e+00
    8.66450e-01     9.55124e+00
    8.72142e-01     9.40964e+00
    8.77872e-01     9.27010e+00
    8.83640e-01     9.13250e+00
    8.89446e-01     8.99703e+00
    8.95289e-01     8.86345e+00
    9.01171e-01     8.73164e+00
    9.07092e-01     8.60178e+00
    9.13052e-01     8.47381e+00
    9.19050e-01     8.34739e+00
    9.25088e-01     8.22314e+00
    9.31166e-01     8.10056e+00
    9.37284e-01     7.97975e+00
    9.43442e-01     7.86060e+00
    9.49640e-01     7.74323e+00
    9.55880e-01     7.62752e+00
    9.62160e-01     7.51341e+00
    9.68481e-01     7.40097e+00
    9.74844e-01     7.29018e+00
    9.81249e-01     7.18100e+00
    9.87695e-01     7.07331e+00
    9.94185e-01     6.96722e+00
    1.00072e+00     6.86263e+00
    1.00729e+00     6.75969e+00
    1.01391e+00     6.65795e+00
    1.02057e+00     6.55782e+00
    1.02728e+00     6.45924e+00
    1.03402e+00     6.36192e+00
    1.04082e+00     6.26614e+00
    1.04766e+00     6.17168e+00
    1.05454e+00     6.07866e+00
    1.06147e+00     5.98689e+00
    1.06844e+00     5.89638e+00
    1.07546e+00     5.80737e+00
    1.08253e+00     5.71963e+00
    1.08964e+00     5.63311e+00
    1.09680e+00     5.54790e+00
    1.10400e+00     5.46377e+00
    1.11126e+00     5.38107e+00
    1.11856e+00     5.29944e+00
    1.12591e+00     5.21911e+00
    1.13330e+00     5.13979e+00
    1.14075e+00     5.06184e+00
    1.14825e+00     4.98484e+00
    1.15579e+00     4.90913e+00
    1.16338e+00     4.83446e+00
    1.17103e+00     4.76080e+00
    1.17872e+00     4.68840e+00
    1.18646e+00     4.61689e+00
    1.19426e+00     4.54659e+00
    1.20211e+00     4.47722e+00
    1.21000e+00     4.40886e+00
    1.21795e+00     4.34156e+00
    1.22595e+00     4.27520e+00
    1.23401e+00     4.20985e+00
    1.24212e+00     4.14549e+00
    1.25028e+00     4.08202e+00
    1.25849e+00     4.01954e+00
    1.26676e+00     3.95800e+00
    1.27508e+00     3.89729e+00
    1.28346e+00     3.83755e+00
    1.29189e+00     3.77872e+00
    1.30038e+00     3.72067e+00
    1.30892e+00     3.66352e+00
    1.31752e+00     3.60725e+00
    1.32618e+00     3.55177e+00
    1.33489e+00     3.49718e+00
    1.34366e+00     3.44334e+00
    1.35249e+00     3.39036e+00
    1.36138e+00     3.33810e+00
    1.37032e+00     3.28668e+00
    1.37932e+00     3.23595e+00
    1.38839e+00     3.18609e+00
    1.39751e+00     3.13693e+00
    1.40669e+00     3.08849e+00
    1.41593e+00     3.04078e+00
    1.42523e+00     2.99374e+00
    1.43460e+00     2.94746e+00
    1.44402e+00     2.90187e+00
    1.45351e+00     2.85695e+00
    1.46306e+00     2.81272e+00
    1.47267e+00     2.76911e+00
    1.48235e+00     2.72619e+00
    1.49209e+00     2.68392e+00
    1.50189e+00     2.64226e+00
    1.51176e+00     2.60121e+00
    1.52169e+00     2.56084e+00
    1.53169e+00     2.52103e+00
    1.54175e+00     2.48181e+00
    1.55188e+00     2.44317e+00
    1.56207e+00     2.40518e+00
    1.57234e+00     2.36771e+00
    1.58267e+00     2.33085e+00
    1.59307e+00     2.29453e+00
    1.60353e+00     2.25873e+00
    1.61407e+00     2.22352e+00
    1.62467e+00     2.18878e+00
    1.63535e+00     2.15463e+00
    1.64609e+00     2.12097e+00
    1.65690e+00     2.08778e+00
    1.66779e+00     2.05517e+00
    1.67875e+00     2.02301e+00
    1.68978e+00     1.99138e+00
    1.70088e+00     1.96019e+00
    1.71205e+00     1.92946e+00
    1.72330e+00     1.89926e+00
    1.73462e+00     1.86945e+00
    1.74602e+00     1.84013e+00
    1.75749e+00     1.81125e+00
    1.76904e+00     1.78286e+00
    1.78066e+00     1.75483e+00
    1.79236e+00     1.72724e+00
    1.80414e+00     1.70013e+00
    1.81599e+00     1.67337e+00
    1.82792e+00     1.64708e+00
    1.83993e+00     1.62112e+00
    1.85202e+00     1.59562e+00
    1.86419e+00     1.57050e+00
    1.87643e+00     1.54574e+00
    1.88876e+00     1.52135e+00
    1.90117e+00     1.49735e+00
    1.91366e+00     1.47374e+00
    1.92623e+00     1.45049e+00
    1.93889e+00     1.42759e+00
    1.95163e+00     1.40502e+00
    1.96445e+00     1.38282e+00
    1.97736e+00     1.36095e+00
    1.99035e+00     1.33944e+00
    2.00342e+00     1.31822e+00
    2.01659e+00     1.29735e+00
    2.02984e+00     1.27681e+00
    2.04317e+00     1.25657e+00
    2.05659e+00     1.23664e+00
    2.07011e+00     1.21704e+00
    2.08371e+00     1.19773e+00
    2.09740e+00     1.17872e+00
    2.11118e+00     1.16000e+00
    2.12505e+00     1.14157e+00
    2.13901e+00     1.12345e+00
    2.15306e+00     1.10557e+00
    2.16721e+00     1.08799e+00
    2.18145e+00     1.07067e+00
    2.19578e+00     1.05365e+00
    2.21020e+00     1.03686e+00
    2.22473e+00     1.02033e+00
    2.23934e+00     1.00408e+00
    2.25405e+00     9.88073e-01
    2.26886e+00     9.72309e-01
    2.28377e+00     9.56814e-01
    2.29877e+00     9.41525e-01
    2.31388e+00     9.26511e-01
    2.32908e+00     9.11710e-01
    2.34438e+00     8.97137e-01
    2.35978e+00     8.82805e-01
    2.37529e+00     8.68685e-01
    2.39089e+00     8.54794e-01
    2.40660e+00     8.41109e-01
    2.42241e+00     8.27647e-01
    2.43833e+00     8.14392e-01
    2.45435e+00     8.01349e-01
    2.47047e+00     7.88512e-01
    2.48670e+00     7.75864e-01
    2.50304e+00     7.63422e-01
    2.51949e+00     7.51175e-01
    2.53604e+00     7.39117e-01
    2.55270e+00     7.27254e-01
    2.56947e+00     7.15574e-01
    2.58635e+00     7.04083e-01
    2.60335e+00     6.92764e-01
    2.62045e+00     6.81617e-01
    2.63767e+00     6.70659e-01
    2.65500e+00     6.59867e-01
    2.67244e+00     6.49247e-01
    2.69000e+00     6.38787e-01
    2.70767e+00     6.28499e-01
    2.72546e+00     6.18371e-01
    2.74337e+00     6.08404e-01
    2.76139e+00     5.98586e-01
    2.77953e+00     5.88934e-01
    2.79779e+00     5.79425e-01
    2.81618e+00     5.70077e-01
    2.83468e+00     5.60870e-01
    2.85330e+00     5.51812e-01
    2.87205e+00     5.42889e-01
    2.89092e+00     5.34115e-01
    2.90991e+00     5.25478e-01
    2.92903e+00     5.16976e-01
    2.94827e+00     5.08607e-01
    2.96764e+00     5.00377e-01
    2.98714e+00     4.92275e-01
    3.00677e+00     4.84305e-01
    3.02652e+00     4.76454e-01
    3.04640e+00     4.68732e-01
    3.06642e+00     4.61134e-01
    3.08657e+00     4.53655e-01
    3.10684e+00     4.46290e-01
    3.12726e+00     4.39050e-01
    3.14780e+00     4.31923e-01
    3.16848e+00     4.24904e-01
    3.18930e+00     4.18001e-01
    3.21025e+00     4.11205e-01
    3.23135e+00     4.04523e-01
    3.25258e+00     3.97945e-01
    3.27394e+00     3.91468e-01
    3.29545e+00     3.85100e-01
    3.31711e+00     3.78835e-01
    3.33890e+00     3.72659e-01
    3.36084e+00     3.66592e-01
    3.38292e+00     3.60618e-01
    3.40514e+00     3.54741e-01
    3.42751e+00     3.48955e-01
    3.45003e+00     3.43260e-01
    3.47270e+00     3.37661e-01
    3.49551e+00     3.32147e-01
    3.51848e+00     3.26724e-01
    3.54160e+00     3.21393e-01
    3.56486e+00     3.16138e-01
    3.58829e+00     3.10976e-01
    3.61186e+00     3.05891e-01
    3.63559e+00     3.00885e-01
    3.65948e+00     2.95966e-01
    3.68352e+00     2.91124e-01
    3.70772e+00     2.86358e-01
    3.73208e+00     2.81670e-01
    3.75660e+00     2.77059e-01
    3.78128e+00     2.72518e-01
    3.80612e+00     2.68053e-01
    3.83113e+00     2.63661e-01
    3.85630e+00     2.59336e-01
    3.88164e+00     2.55084e-01
    3.90714e+00     2.50899e-01
    3.93281e+00     2.46781e-01
    3.95865e+00     2.42729e-01
    3.98465e+00     2.38743e-01
    4.01083e+00     2.34821e-01
    4.03718e+00     2.30963e-01
    4.06371e+00     2.27167e-01
    4.09041e+00     2.23432e-01
    4.11728e+00     2.19757e-01
    4.14433e+00     2.16142e-01
    4.17156e+00     2.12584e-01
    4.19897e+00     2.09085e-01
    4.22655e+00     2.05642e-01
    4.25432e+00     2.02254e-01
    4.28227e+00     1.98922e-01
    4.31041e+00     1.95644e-01
    4.33873e+00     1.92418e-01
    4.36723e+00     1.89246e-01
    4.39593e+00     1.86123e-01
    4.42481e+00     1.83054e-01
    4.45388e+00     1.80033e-01
    4.48314e+00     1.77060e-01
    4.51259e+00     1.74137e-01
    4.54224e+00     1.71261e-01
    4.57208e+00     1.68431e-01
    4.60212e+00     1.65648e-01
    4.63236e+00     1.62909e-01
    4.66279e+00     1.60216e-01
    4.69343e+00     1.57566e-01
    4.72426e+00     1.54959e-01
    4.75530e+00     1.52395e-01
    4.78654e+00     1.49871e-01
    4.81799e+00     1.47390e-01
    4.84965e+00     1.44949e-01
    4.88151e+00     1.42547e-01
    4.91358e+00     1.40184e-01
    4.94586e+00     1.37861e-01
    4.97836e+00     1.35575e-01
